t (s)	Ids (Amps)
0.000000000000	0.000000000026
0.500000000000	-0.000000000051
1.000000000000	-0.000000000193
1.500000000000	-0.000000000119
2.000000000000	-0.000000000167
2.500000000000	0.000000000179
3.000000000000	-0.000000000027
3.500000000000	0.000000000016
4.000000000000	0.000000000047
4.500000000000	0.000000000292
5.000000000000	-0.000000000235
5.500000000000	0.000000000016
6.000000000000	0.000000000022
6.500000000000	-0.000000000017
7.000000000000	-0.000000000088
7.500000000000	-0.000000000107
8.000000000000	0.000000000003
8.500000000000	-0.000000000007
9.000000000000	-0.000000000002
9.500000000000	0.000000000012
10.000000000000	-0.000000000036
10.500000000000	-0.000000000213
11.000000000000	-0.000000000040
11.500000000000	0.000000000027
12.000000000000	-0.000000000036
12.500000000000	-0.000000000018
13.000000000000	0.000000000001
13.500000000000	-0.000000000012
14.000000000000	-0.000000000049
14.500000000000	0.000000000008
15.000000000000	-0.000000000030
15.500000000000	-0.000000000172
16.000000000000	-0.000000000086
16.500000000000	-0.000000000085
17.000000000000	0.000000000037
17.500000000000	-0.000000000231
18.000000000000	-0.000000000263
18.500000000000	0.000000000087
19.000000000000	-0.000000000002
19.500000000000	-0.000000000017
20.000000000000	0.000000000000
20.500000000000	0.000000000008
21.000000000000	-0.000000000037
21.500000000000	-0.000000000057
22.000000000000	-0.000000000004
22.500000000000	-0.000000000054
23.000000000000	-0.000000000086
23.500000000000	-0.000000000060
24.000000000000	-0.000000000008
24.500000000000	-0.000000000027
25.000000000000	-0.000000000031
25.500000000000	0.000000000019
26.000000000000	-0.000000000012
26.500000000000	0.000000000016
27.000000000000	-0.000000000021
27.500000000000	-0.000000000024
28.000000000000	-0.000000000018
28.500000000000	-0.000000000043
29.000000000000	-0.000000000032
29.500000000000	0.000000000079
30.000000000000	-0.000000000037
30.500000000000	-0.000000000045
31.000000000000	-0.000000000050
31.500000000000	0.000000000016
32.000000000000	0.000000000019
32.500000000000	-0.000000000020
33.000000000000	-0.000000000010
33.500000000000	-0.000000000100
34.000000000000	0.000000000052
34.500000000000	-0.000000000015
35.000000000000	0.000000000036
35.500000000000	-0.000000000118
36.000000000000	-0.000000000047
36.500000000000	0.000000000013
37.000000000000	0.000000000069
37.500000000000	-0.000000000029
38.000000000000	0.000000000031
38.500000000000	-0.000000000042
39.000000000000	0.000000000018
39.500000000000	-0.000000000016
40.000000000000	0.000000000008
40.500000000000	-0.000000000014
41.000000000000	-0.000000000052
41.500000000000	-0.000000000037
42.000000000000	0.000000000050
42.500000000000	0.000000000053
43.000000000000	0.000000000023
43.500000000000	0.000000000007
44.000000000000	-0.000000000007
44.500000000000	0.000000000054
45.000000000000	-0.000000000001
45.500000000000	0.000000000011
46.000000000000	0.000000000058
46.500000000000	0.000000000022
47.000000000000	0.000000000057
47.500000000000	-0.000000000002
48.000000000000	-0.000000000249
48.500000000000	0.000000000019
49.000000000000	0.000000000032
49.500000000000	0.000000000033
50.000000000000	0.000000000071
50.500000000000	0.000000000054
51.000000000000	0.000000000133
51.500000000000	0.000000017072
52.000000000000	0.000000000166
52.500000000000	0.000000000326
53.000000000000	0.000000000815
53.500000000000	0.000000000382
54.000000000000	0.000000017258
54.500000000000	0.000000000292
55.000000000000	0.000000000512
55.500000000000	0.000000001076
56.000000000000	0.000000000795
56.500000000000	0.000000016942
57.000000000000	0.000000000451
57.500000000000	0.000000000268
58.000000000000	0.000000000377
58.500000000000	0.000000000578
59.000000000000	0.000000000512
59.500000000000	0.000000000227
60.000000000000	0.000000000500
60.500000000000	0.000000000251
61.000000000000	0.000000000200
61.500000000000	-0.000000016027
62.000000000000	-0.000000000247
62.500000000000	-0.000000000160
63.000000000000	-0.000000000688
63.500000000000	-0.000000000361
64.000000000000	-0.000000016387
64.500000000000	-0.000000000535
65.000000000000	-0.000000000392
65.500000000000	-0.000000000985
66.000000000000	-0.000000000309
66.500000000000	-0.000000000174
67.000000000000	-0.000000000187
67.500000000000	0.000000000058
68.000000000000	0.000000000048
68.500000000000	-0.000000000082
69.000000000000	0.000000000002
69.500000000000	-0.000000000128
70.000000000000	0.000000000089
70.500000000000	-0.000000000040
71.000000000000	-0.000000000035
71.500000000000	-0.000000000101
72.000000000000	-0.000000000014
72.500000000000	-0.000000000301
73.000000000000	-0.000000001211
73.500000000000	-0.000000000357
74.000000000000	-0.000000015764
74.500000000000	-0.000000000614
75.000000000000	-0.000000000397
75.500000000000	-0.000000000434
76.000000000000	-0.000000000582
76.500000000000	-0.000000000343
77.000000000000	-0.000000000393
77.500000000000	-0.000000000216
78.000000000000	-0.000000000235
78.500000000000	-0.000000000240
79.000000000000	-0.000000000261
79.500000000000	-0.000000000161
80.000000000000	-0.000000000168
80.500000000000	-0.000000000167
81.000000000000	-0.000000000100
81.500000000000	-0.000000000206
82.000000000000	0.000000000276
82.500000000000	0.000000000171
83.000000000000	0.000000000765
83.500000000000	0.000000000276
84.000000000000	0.000000016388
84.500000000000	0.000000000557
85.000000000000	0.000000000226
85.500000000000	0.000000000487
86.000000000000	0.000000000072
86.500000000000	0.000000000309
87.000000000000	0.000000000057
87.500000000000	0.000000000035
88.000000000000	0.000000000069
88.500000000000	0.000000000047
89.000000000000	-0.000000000084
89.500000000000	0.000000000050
90.000000000000	-0.000000000011
90.500000000000	0.000000000024
91.000000000000	0.000000000154
91.500000000000	-0.000000000101
92.000000000000	0.000000000140
92.500000000000	-0.000000000031
93.000000000000	0.000000000055
93.500000000000	0.000000000074
94.000000000000	-0.000000000091
94.500000000000	0.000000000078
95.000000000000	-0.000000000053
95.500000000000	-0.000000000056
96.000000000000	0.000000000070
96.500000000000	-0.000000000092
97.000000000000	-0.000000000028
97.500000000000	-0.000000000028
98.000000000000	0.000000000093
98.500000000000	0.000000000031
99.000000000000	-0.000000000120
99.500000000000	-0.000000000021
100.000000000000	-0.000000000008
100.500000000000	-0.000000000032
101.000000000000	-0.000000000033
101.500000000000	-0.000000000069
102.000000000000	0.000000000027
102.500000000000	-0.000000000071
103.000000000000	-0.000000000080
103.500000000000	-0.000000000069
104.000000000000	-0.000000000041
104.500000000000	0.000000000018
105.000000000000	0.000000000025
105.500000000000	-0.000000000720
106.000000000000	0.000000001017
106.500000000000	0.000000000288
107.000000000000	0.000000000131
107.500000000000	-0.000000000040
108.000000000000	0.000000000034
108.500000000000	-0.000000000019
109.000000000000	-0.000000000023
109.500000000000	0.000000000011
110.000000000000	-0.000000000060
110.500000000000	-0.000000000004
111.000000000000	-0.000000000012
111.500000000000	0.000000000031
112.000000000000	-0.000000000023
112.500000000000	-0.000000000157
113.000000000000	0.000000000048
113.500000000000	-0.000000000077
114.000000000000	-0.000000000080
114.500000000000	-0.000000000188
115.000000000000	0.000000000401
115.500000000000	0.000000000064
116.000000000000	-0.000000000108
116.500000000000	0.000000000036
117.000000000000	0.000000000017
117.500000000000	-0.000000000011
118.000000000000	0.000000000013
118.500000000000	0.000000000051
119.000000000000	-0.000000000054
119.500000000000	-0.000000000149
120.000000000000	-0.000000000006
120.500000000000	0.000000000014
121.000000000000	-0.000000000195
121.500000000000	0.000000000011
122.000000000000	-0.000000000007
122.500000000000	-0.000000000005
123.000000000000	-0.000000000022
123.500000000000	-0.000000000211
124.000000000000	0.000000000020
124.500000000000	-0.000000000064
125.000000000000	0.000000000032
125.500000000000	-0.000000000030
126.000000000000	-0.000000000016
126.500000000000	0.000000000025
127.000000000000	-0.000000000051
127.500000000000	0.000000000032
128.000000000000	0.000000000020
128.500000000000	-0.000000000036
129.000000000000	0.000000000009
129.500000000000	-0.000000000012
130.000000000000	-0.000000000008
130.500000000000	0.000000000006
131.000000000000	0.000000000108
131.500000000000	0.000000000036
132.000000000000	-0.000000000022
132.500000000000	0.000000000001
133.000000000000	0.000000000021
133.500000000000	0.000000000017
134.000000000000	0.000000000056
134.500000000000	-0.000000000000
135.000000000000	0.000000000037
135.500000000000	0.000000000002
136.000000000000	-0.000000000018
136.500000000000	0.000000000037
137.000000000000	0.000000000024
137.500000000000	0.000000000004
138.000000000000	-0.000000000001
138.500000000000	-0.000000000055
139.000000000000	0.000000000033
139.500000000000	0.000000000014
140.000000000000	-0.000000000010
140.500000000000	0.000000000010
141.000000000000	0.000000000007
141.500000000000	-0.000000000005
142.000000000000	0.000000000017
142.500000000000	0.000000000006
143.000000000000	0.000000000015
143.500000000000	0.000000000134
144.000000000000	0.000000000005
144.500000000000	0.000000000004
145.000000000000	0.000000000033
145.500000000000	0.000000000038
146.000000000000	-0.000000000020
146.500000000000	0.000000000058
147.000000000000	-0.000000000014
147.500000000000	0.000000000048
148.000000000000	0.000000000010
148.500000000000	0.000000000530
149.000000000000	-0.000000000032
149.500000000000	-0.000000000027
150.000000000000	0.000000000011
150.500000000000	0.000000000012
151.000000000000	-0.000000000016
151.500000000000	-0.000000000014
152.000000000000	0.000000000017
152.500000000000	-0.000000000010
153.000000000000	0.000000000020
153.500000000000	0.000000000015
154.000000000000	-0.000000000062
154.500000000000	-0.000000000012
155.000000000000	0.000000000025
155.500000000000	0.000000000238
156.000000000000	-0.000000000051
156.500000000000	-0.000000000043
157.000000000000	0.000000000010
157.500000000000	-0.000000000074
158.000000000000	-0.000000000035
158.500000000000	0.000000000008
159.000000000000	0.000000000039
159.500000000000	0.000000000005
160.000000000000	-0.000000000078
160.500000000000	-0.000000000074
161.000000000000	-0.000000000120
161.500000000000	-0.000000000054
162.000000000000	-0.000000000092
162.500000000000	0.000000000034
163.000000000000	-0.000000000011
163.500000000000	-0.000000000048
164.000000000000	-0.000000000041
164.500000000000	-0.000000000034
165.000000000000	-0.000000000037
165.500000000000	0.000000000021
166.000000000000	-0.000000000028
166.500000000000	-0.000000000042
167.000000000000	-0.000000000111
167.500000000000	-0.000000000022
168.000000000000	-0.000000000002
168.500000000000	-0.000000000056
169.000000000000	0.000000000015
169.500000000000	0.000000000001
170.000000000000	-0.000000000027
170.500000000000	0.000000000016
171.000000000000	0.000000000017
171.500000000000	0.000000000081
172.000000000000	-0.000000000024
172.500000000000	0.000000000007
173.000000000000	0.000000000000
173.500000000000	-0.000000000027
174.000000000000	-0.000000000055
174.500000000000	-0.000000000016
175.000000000000	0.000000000040
175.500000000000	-0.000000000024
176.000000000000	0.000000000003
176.500000000000	-0.000000000254
177.000000000000	0.000000000026
177.500000000000	0.000000000001
178.000000000000	-0.000000000079
178.500000000000	0.000000000026
179.000000000000	0.000000000030
179.500000000000	0.000000000044
180.000000000000	-0.000000000038
180.500000000000	0.000000000049
181.000000000000	-0.000000000028
181.500000000000	-0.000000000001
182.000000000000	-0.000000000045
182.500000000000	0.000000000054
183.000000000000	-0.000000000039
183.500000000000	-0.000000000043
184.000000000000	-0.000000000016
184.500000000000	0.000000000009
185.000000000000	-0.000000000013
185.500000000000	-0.000000000010
186.000000000000	0.000000000020
186.500000000000	-0.000000000043
187.000000000000	-0.000000000037
187.500000000000	-0.000000000031
188.000000000000	-0.000000000014
188.500000000000	0.000000000027
189.000000000000	-0.000000000045
189.500000000000	0.000000000022
190.000000000000	-0.000000000019
190.500000000000	-0.000000000037
191.000000000000	-0.000000000067
191.500000000000	-0.000000000019
192.000000000000	-0.000000000006
192.500000000000	0.000000000030
193.000000000000	0.000000000005
193.500000000000	-0.000000000017
194.000000000000	0.000000000105
194.500000000000	0.000000000001
195.000000000000	0.000000000025
195.500000000000	0.000000000007
196.000000000000	0.000000000026
196.500000000000	-0.000000000216
197.000000000000	0.000000000064
197.500000000000	0.000000000012
198.000000000000	0.000000000022
198.500000000000	-0.000000000020
199.000000000000	0.000000000048
199.500000000000	0.000000000017
200.000000000000	0.000000000006
200.500000000000	0.000000000045
201.000000000000	0.000000000033
201.500000000000	0.000000000059
202.000000000000	0.000000000005
202.500000000000	0.000000000056
203.000000000000	0.000000000048
203.500000000000	0.000000000061
204.000000000000	0.000000000055
204.500000000000	0.000000000020
205.000000000000	0.000000000054
205.500000000000	0.000000000007
206.000000000000	0.000000000004
206.500000000000	-0.000000000140
207.000000000000	0.000000000046
207.500000000000	-0.000000000000
208.000000000000	0.000000000015
208.500000000000	-0.000000000049
209.000000000000	0.000000000107
209.500000000000	-0.000000000065
210.000000000000	-0.000000000145
210.500000000000	0.000000000016
211.000000000000	0.000000000005
211.500000000000	0.000000000133
212.000000000000	0.000000000008
212.500000000000	-0.000000000085
213.000000000000	0.000000000028
213.500000000000	0.000000000028
214.000000000000	0.000000000042
214.500000000000	-0.000000000033
215.000000000000	-0.000000000009
215.500000000000	-0.000000000030
216.000000000000	-0.000000000002
216.500000000000	0.000000000020
217.000000000000	-0.000000000026
217.500000000000	-0.000000000014
218.000000000000	-0.000000000023
218.500000000000	-0.000000000010
219.000000000000	-0.000000000050
219.500000000000	-0.000000000012
220.000000000000	-0.000000000046
220.500000000000	-0.000000000049
221.000000000000	-0.000000000020
221.500000000000	0.000000000000
222.000000000000	-0.000000000049
222.500000000000	0.000000000016
223.000000000000	-0.000000000055
223.500000000000	-0.000000000010
224.000000000000	0.000000000005
224.500000000000	-0.000000000032
225.000000000000	-0.000000000091
225.500000000000	0.000000000004
226.000000000000	-0.000000000027
226.500000000000	0.000000000050
227.000000000000	-0.000000000017
227.500000000000	0.000000000045
228.000000000000	-0.000000000046
228.500000000000	-0.000000000017
229.000000000000	-0.000000000015
229.500000000000	0.000000000047
230.000000000000	0.000000000021
230.500000000000	-0.000000000021
231.000000000000	-0.000000000035
231.500000000000	-0.000000000053
232.000000000000	-0.000000000009
232.500000000000	-0.000000000029
233.000000000000	-0.000000000036
233.500000000000	-0.000000000027
234.000000000000	-0.000000000007
234.500000000000	0.000000000008
235.000000000000	-0.000000000017
235.500000000000	0.000000000054
236.000000000000	0.000000000021
236.500000000000	0.000000000042
237.000000000000	0.000000000000
237.500000000000	0.000000000026
238.000000000000	-0.000000000031
238.500000000000	-0.000000000013
239.000000000000	-0.000000000266
239.500000000000	0.000000000146
