t (s)	Ids (Amps)
0.000000000000	-0.000000000007
0.500000000000	-0.000000000152
1.000000000000	0.000000000038
1.500000000000	0.000000000155
2.000000000000	-0.000000002297
2.500000000000	-0.000000000750
3.000000000000	0.000000000131
3.500000000000	0.000000001085
4.000000000000	0.000000000102
4.500000000000	0.000000000552
5.000000000000	-0.000000000642
5.500000000000	-0.000000000040
6.000000000000	-0.000000000003
6.500000000000	0.000000000148
7.000000000000	-0.000000000057
7.500000000000	0.000000000057
8.000000000000	0.000000000245
8.500000000000	0.000000000003
9.000000000000	0.000000000053
9.500000000000	-0.000000000029
10.000000000000	-0.000000000083
10.500000000000	0.000000000047
11.000000000000	-0.000000000040
11.500000000000	0.000000000042
12.000000000000	-0.000000000033
12.500000000000	-0.000000000066
13.000000000000	0.000000000114
13.500000000000	-0.000000000094
14.000000000000	-0.000000000058
14.500000000000	-0.000000000148
15.000000000000	0.000000000031
15.500000000000	0.000000000153
16.000000000000	0.000000000008
16.500000000000	-0.000000000071
17.000000000000	-0.000000000014
17.500000000000	-0.000000000118
18.000000000000	0.000000000059
18.500000000000	-0.000000000039
19.000000000000	-0.000000000015
19.500000000000	-0.000000000090
20.000000000000	0.000000000008
20.500000000000	0.000000000019
21.000000000000	-0.000000000030
21.500000000000	-0.000000000115
22.000000000000	0.000000000015
22.500000000000	0.000000000044
23.000000000000	0.000000000047
23.500000000000	-0.000000000037
24.000000000000	-0.000000000084
24.500000000000	-0.000000000070
25.000000000000	0.000000000102
25.500000000000	0.000000000150
26.000000000000	0.000000000041
26.500000000000	-0.000000000090
27.000000000000	-0.000000000066
27.500000000000	-0.000000000022
28.000000000000	-0.000000000065
28.500000000000	-0.000000000046
29.000000000000	-0.000000000106
29.500000000000	0.000000000056
30.000000000000	0.000000000076
30.500000000000	-0.000000000032
31.000000000000	0.000000000289
31.500000000000	-0.000000000127
32.000000000000	-0.000000000054
32.500000000000	-0.000000000155
33.000000000000	-0.000000000040
33.500000000000	-0.000000000109
34.000000000000	-0.000000000110
34.500000000000	-0.000000000012
35.000000000000	-0.000000000139
35.500000000000	0.000000000085
36.000000000000	-0.000000000035
36.500000000000	-0.000000000055
37.000000000000	0.000000000004
37.500000000000	0.000000016835
38.000000000000	-0.000000000039
38.500000000000	0.000000000655
39.000000000000	0.000000000032
39.500000000000	0.000000000064
40.000000000000	-0.000000000044
40.500000000000	-0.000000000109
41.000000000000	0.000000000120
41.500000000000	0.000000000181
42.000000000000	0.000000001262
42.500000000000	0.000000000238
43.000000000000	0.000000000054
43.500000000000	0.000000000175
44.000000000000	0.000000000073
44.500000000000	0.000000000289
45.000000000000	0.000000000071
45.500000000000	0.000000000034
46.000000000000	0.000000000287
46.500000000000	0.000000000082
47.000000000000	0.000000000104
47.500000000000	0.000000000136
48.000000000000	0.000000000009
48.500000000000	0.000000000874
49.000000000000	0.000000000109
49.500000000000	0.000000000074
50.000000000000	0.000000001437
50.500000000000	0.000000003158
51.000000000000	0.000000000193
51.500000000000	0.000000000129
52.000000000000	0.000000000054
52.500000000000	0.000000000007
53.000000000000	0.000000000081
53.500000000000	0.000000000093
54.000000000000	0.000000000149
54.500000000000	0.000000000037
55.000000000000	0.000000000140
55.500000000000	0.000000000071
56.000000000000	0.000000000082
56.500000000000	0.000000000096
57.000000000000	0.000000000239
57.500000000000	0.000000000104
58.000000000000	0.000000000072
58.500000000000	0.000000000039
59.000000000000	0.000000000127
59.500000000000	0.000000000036
60.000000000000	0.000000000054
60.500000000000	0.000000000058
61.000000000000	0.000000000075
61.500000000000	0.000000000191
62.000000000000	-0.000000000045
62.500000000000	0.000000000099
63.000000000000	0.000000000027
63.500000000000	0.000000000067
64.000000000000	0.000000000352
64.500000000000	0.000000000631
65.000000000000	0.000000000250
65.500000000000	0.000000000027
66.000000000000	0.000000000053
66.500000000000	0.000000000107
67.000000000000	-0.000000000027
67.500000000000	0.000000000517
68.000000000000	0.000000000139
68.500000000000	0.000000000568
69.000000000000	0.000000000292
69.500000000000	0.000000000049
70.000000000000	0.000000003164
70.500000000000	0.000000000041
71.000000000000	0.000000000067
71.500000000000	0.000000000091
72.000000000000	0.000000000020
72.500000000000	0.000000000100
73.000000000000	-0.000000000002
73.500000000000	0.000000000417
74.000000000000	0.000000000067
74.500000000000	0.000000000027
75.000000000000	0.000000000131
75.500000000000	0.000000000006
76.000000000000	0.000000000082
76.500000000000	0.000000000042
77.000000000000	0.000000000174
77.500000000000	0.000000000064
78.000000000000	-0.000000000002
78.500000000000	0.000000000077
79.000000000000	0.000000000064
79.500000000000	-0.000000000002
80.000000000000	0.000000000020
80.500000000000	0.000000000081
81.000000000000	0.000000000115
81.500000000000	0.000000000497
82.000000000000	0.000000000006
82.500000000000	0.000000000027
83.000000000000	0.000000000078
83.500000000000	0.000000000096
84.000000000000	0.000000000054
84.500000000000	-0.000000000016
85.000000000000	0.000000000035
85.500000000000	0.000000000240
86.000000000000	0.000000000104
86.500000000000	0.000000000376
87.000000000000	-0.000000000009
87.500000000000	0.000000000024
88.000000000000	-0.000000000019
88.500000000000	0.000000000064
89.000000000000	0.000000000051
89.500000000000	-0.000000000313
90.000000000000	0.000000000002
90.500000000000	0.000000000007
91.000000000000	0.000000000059
91.500000000000	0.000000000095
92.000000000000	0.000000000135
92.500000000000	-0.000000000172
93.000000000000	-0.000000000056
93.500000000000	-0.000000000034
94.000000000000	-0.000000000020
94.500000000000	0.000000000042
95.000000000000	-0.000000000025
95.500000000000	-0.000000000004
96.000000000000	0.000000000046
96.500000000000	0.000000000026
97.000000000000	0.000000000046
97.500000000000	-0.000000000045
98.000000000000	0.000000000004
98.500000000000	0.000000000009
99.000000000000	0.000000000018
99.500000000000	0.000000000347
100.000000000000	0.000000002866
100.500000000000	0.000000000305
101.000000000000	0.000000000033
101.500000000000	-0.000000000031
102.000000000000	0.000000000016
102.500000000000	-0.000000000029
103.000000000000	-0.000000000029
103.500000000000	-0.000000000011
104.000000000000	-0.000000000541
104.500000000000	0.000000000495
105.000000000000	-0.000000000078
105.500000000000	0.000000000016
106.000000000000	0.000000000587
106.500000000000	0.000000000002
107.000000000000	0.000000000049
107.500000000000	-0.000000000062
108.000000000000	0.000000000006
108.500000000000	0.000000000199
109.000000000000	0.000000000052
109.500000000000	-0.000000000001
110.000000000000	0.000000000769
110.500000000000	-0.000000000070
111.000000000000	0.000000001554
111.500000000000	0.000000000067
112.000000000000	0.000000000006
112.500000000000	0.000000001199
113.000000000000	-0.000000000065
113.500000000000	0.000000000401
114.000000000000	0.000000000021
114.500000000000	-0.000000000031
115.000000000000	0.000000000020
115.500000000000	-0.000000000028
116.000000000000	-0.000000000045
116.500000000000	0.000000000052
117.000000000000	-0.000000000101
117.500000000000	0.000000002577
118.000000000000	0.000000000959
118.500000000000	0.000000000385
119.000000000000	0.000000000020
119.500000000000	-0.000000000074
120.000000000000	0.000000001742
120.500000000000	0.000000000017
121.000000000000	0.000000000409
121.500000000000	0.000000000104
122.000000000000	-0.000000000019
122.500000000000	-0.000000000096
123.000000000000	0.000000000135
123.500000000000	0.000000000111
124.000000000000	0.000000000406
124.500000000000	0.000000000102
125.000000000000	-0.000000000048
125.500000000000	0.000000000122
126.000000000000	-0.000000000239
126.500000000000	0.000000000172
127.000000000000	0.000000000060
127.500000000000	0.000000000077
128.000000000000	0.000000000014
128.500000000000	0.000000000197
129.000000000000	0.000000000102
129.500000000000	0.000000000016
130.000000000000	0.000000000957
130.500000000000	-0.000000000062
131.000000000000	0.000000000302
131.500000000000	-0.000000000562
132.000000000000	-0.000000000062
132.500000000000	-0.000000015484
133.000000000000	0.000000000268
133.500000000000	0.000000000031
134.000000000000	-0.000000000594
134.500000000000	-0.000000000094
135.000000000000	0.000000000271
135.500000000000	0.000000000205
136.000000000000	0.000000000142
136.500000000000	-0.000000000012
137.000000000000	-0.000000000101
137.500000000000	-0.000000000074
138.000000000000	0.000000000084
138.500000000000	-0.000000000049
139.000000000000	0.000000000023
139.500000000000	-0.000000000092
140.000000000000	-0.000000000095
140.500000000000	-0.000000000107
141.000000000000	-0.000000000087
141.500000000000	-0.000000000022
142.000000000000	-0.000000000122
142.500000000000	-0.000000000031
143.000000000000	-0.000000000081
143.500000000000	-0.000000000013
144.000000000000	-0.000000000009
144.500000000000	-0.000000000013
145.000000000000	0.000000000030
145.500000000000	-0.000000000023
146.000000000000	-0.000000000048
146.500000000000	-0.000000000000
147.000000000000	-0.000000000055
147.500000000000	0.000000000201
148.000000000000	-0.000000000216
148.500000000000	-0.000000000062
149.000000000000	-0.000000000145
149.500000000000	-0.000000000016
150.000000000000	-0.000000000057
150.500000000000	-0.000000000110
151.000000000000	-0.000000000086
151.500000000000	-0.000000000156
152.000000000000	-0.000000000170
152.500000000000	-0.000000015389
153.000000000000	-0.000000000176
153.500000000000	-0.000000000336
154.000000000000	-0.000000000232
154.500000000000	-0.000000000211
155.000000000000	-0.000000015484
155.500000000000	-0.000000000225
156.000000000000	-0.000000000150
156.500000000000	-0.000000000163
157.000000000000	-0.000000000046
157.500000000000	0.000000000370
158.000000000000	0.000000003773
158.500000000000	0.000000000765
159.000000000000	0.000000001190
159.500000000000	-0.000000000625
160.000000000000	-0.000000000255
160.500000000000	-0.000000000259
161.000000000000	0.000000000487
161.500000000000	0.000000001625
162.000000000000	0.000000001199
162.500000000000	-0.000000000628
163.000000000000	-0.000000000290
163.500000000000	-0.000000000251
164.000000000000	-0.000000000237
164.500000000000	-0.000000000157
165.000000000000	-0.000000000174
165.500000000000	-0.000000000163
166.000000000000	-0.000000000219
166.500000000000	-0.000000000182
167.000000000000	-0.000000000185
167.500000000000	-0.000000000146
168.000000000000	-0.000000000153
168.500000000000	-0.000000000157
169.000000000000	-0.000000000322
169.500000000000	-0.000000000205
170.000000000000	-0.000000000155
170.500000000000	-0.000000000048
171.000000000000	-0.000000000067
171.500000000000	-0.000000000261
172.000000000000	-0.000000000138
172.500000000000	-0.000000000202
173.000000000000	-0.000000000172
173.500000000000	-0.000000000105
174.000000000000	-0.000000000229
174.500000000000	-0.000000000172
175.000000000000	-0.000000000153
175.500000000000	-0.000000000095
176.000000000000	-0.000000000254
176.500000000000	-0.000000000175
177.000000000000	-0.000000000221
177.500000000000	-0.000000000162
178.000000000000	-0.000000000119
178.500000000000	-0.000000000122
179.000000000000	-0.000000000031
179.500000000000	-0.000000000023
180.000000000000	-0.000000000139
180.500000000000	-0.000000000025
181.000000000000	0.000000000022
181.500000000000	-0.000000000326
182.000000000000	-0.000000000250
182.500000000000	-0.000000000094
183.000000000000	-0.000000000243
183.500000000000	-0.000000000635
184.000000000000	-0.000000000575
184.500000000000	-0.000000000151
185.000000000000	-0.000000000269
185.500000000000	-0.000000000177
186.000000000000	-0.000000000172
186.500000000000	-0.000000000648
187.000000000000	-0.000000000152
187.500000000000	-0.000000000234
188.000000000000	-0.000000000143
188.500000000000	-0.000000000203
189.000000000000	-0.000000000419
189.500000000000	-0.000000000187
190.000000000000	-0.000000000227
190.500000000000	-0.000000000118
191.000000000000	-0.000000000184
191.500000000000	-0.000000000258
192.000000000000	0.000000000014
192.500000000000	-0.000000000137
193.000000000000	-0.000000000329
193.500000000000	-0.000000000184
194.000000000000	-0.000000000220
194.500000000000	-0.000000000116
195.000000000000	-0.000000000222
195.500000000000	-0.000000000216
196.000000000000	-0.000000000164
196.500000000000	-0.000000000275
197.000000000000	-0.000000000135
197.500000000000	-0.000000000236
198.000000000000	-0.000000000216
198.500000000000	-0.000000000346
199.000000000000	-0.000000000144
199.500000000000	-0.000000000072
200.000000000000	-0.000000000237
200.500000000000	-0.000000000110
201.000000000000	-0.000000000179
201.500000000000	-0.000000000240
202.000000000000	-0.000000000141
202.500000000000	-0.000000000252
203.000000000000	-0.000000000056
203.500000000000	-0.000000000447
204.000000000000	-0.000000000278
204.500000000000	-0.000000000142
205.000000000000	-0.000000000153
205.500000000000	-0.000000000246
206.000000000000	-0.000000000197
206.500000000000	-0.000000000340
207.000000000000	-0.000000000190
207.500000000000	-0.000000000708
208.000000000000	-0.000000001749
208.500000000000	-0.000000001427
209.000000000000	-0.000000001483
209.500000000000	-0.000000000612
210.000000000000	-0.000000000239
210.500000000000	-0.000000000088
211.000000000000	-0.000000000171
211.500000000000	-0.000000000160
212.000000000000	-0.000000000188
212.500000000000	-0.000000000258
213.000000000000	-0.000000000175
213.500000000000	-0.000000000024
214.000000000000	-0.000000000185
214.500000000000	-0.000000000103
215.000000000000	-0.000000000169
215.500000000000	-0.000000000211
216.000000000000	-0.000000000061
216.500000000000	-0.000000000187
217.000000000000	-0.000000000066
217.500000000000	-0.000000000164
218.000000000000	-0.000000000161
218.500000000000	-0.000000000125
219.000000000000	-0.000000000207
219.500000000000	-0.000000000150
220.000000000000	-0.000000000158
220.500000000000	-0.000000000163
221.000000000000	-0.000000000217
221.500000000000	-0.000000000196
222.000000000000	-0.000000000190
222.500000000000	-0.000000000145
223.000000000000	-0.000000000193
223.500000000000	-0.000000000153
224.000000000000	-0.000000000215
224.500000000000	-0.000000000132
225.000000000000	-0.000000000178
225.500000000000	-0.000000000208
226.000000000000	-0.000000000080
226.500000000000	-0.000000000172
227.000000000000	-0.000000000068
227.500000000000	-0.000000000156
228.000000000000	-0.000000000145
228.500000000000	-0.000000000223
229.000000000000	-0.000000000162
229.500000000000	-0.000000000125
230.000000000000	-0.000000000165
230.500000000000	-0.000000000169
231.000000000000	0.000000000804
231.500000000000	0.000000000525
232.000000000000	0.000000000053
232.500000000000	-0.000000000061
233.000000000000	0.000000000636
233.500000000000	0.000000000622
234.000000000000	-0.000000000527
234.500000000000	0.000000000371
235.000000000000	-0.000000000044
235.500000000000	-0.000000000288
236.000000000000	0.000000000405
236.500000000000	-0.000000000200
237.000000000000	-0.000000000160
237.500000000000	-0.000000000154
238.000000000000	-0.000000000074
238.500000000000	-0.000000000091
239.000000000000	-0.000000000144
239.500000000000	-0.000000000077
