t (s)	Ids (Amps)
0.000000000000	-0.000000000196
0.500000000000	-0.000000000196
1.000000000000	-0.000000000206
1.500000000000	-0.000000000190
2.000000000000	-0.000000000184
2.500000000000	-0.000000000181
3.000000000000	-0.000000000179
3.500000000000	-0.000000000180
4.000000000000	-0.000000000175
4.500000000000	-0.000000000176
5.000000000000	-0.000000000171
5.500000000000	-0.000000000160
6.000000000000	-0.000000000165
6.500000000000	-0.000000000160
7.000000000000	-0.000000000159
7.500000000000	-0.000000000158
8.000000000000	-0.000000000172
8.500000000000	-0.000000000161
9.000000000000	-0.000000000141
9.500000000000	-0.000000000151
10.000000000000	-0.000000000150
10.500000000000	-0.000000000155
11.000000000000	-0.000000000148
11.500000000000	-0.000000000139
12.000000000000	-0.000000000147
12.500000000000	-0.000000000149
13.000000000000	-0.000000000152
13.500000000000	-0.000000000146
14.000000000000	-0.000000000148
14.500000000000	-0.000000000149
15.000000000000	-0.000000000144
15.500000000000	-0.000000000137
16.000000000000	-0.000000000137
16.500000000000	-0.000000000145
17.000000000000	-0.000000000144
17.500000000000	-0.000000000140
18.000000000000	-0.000000000137
18.500000000000	-0.000000000132
19.000000000000	-0.000000000131
19.500000000000	-0.000000000137
20.000000000000	-0.000000000135
20.500000000000	-0.000000000141
21.000000000000	-0.000000000141
21.500000000000	-0.000000000140
22.000000000000	-0.000000000128
22.500000000000	-0.000000000121
23.000000000000	-0.000000000127
23.500000000000	-0.000000000123
24.000000000000	-0.000000000127
24.500000000000	-0.000000000134
25.000000000000	-0.000000000142
25.500000000000	-0.000000000132
26.000000000000	-0.000000000121
26.500000000000	-0.000000000123
27.000000000000	-0.000000000124
27.500000000000	-0.000000000125
28.000000000000	-0.000000000132
28.500000000000	-0.000000000121
29.000000000000	-0.000000000127
29.500000000000	-0.000000000123
30.000000000000	-0.000000000128
30.500000000000	-0.000000000130
31.000000000000	-0.000000000122
31.500000000000	-0.000000000118
32.000000000000	-0.000000000122
32.500000000000	-0.000000000119
33.000000000000	-0.000000000125
33.500000000000	-0.000000000128
34.000000000000	-0.000000000123
34.500000000000	-0.000000000126
35.000000000000	-0.000000000120
35.500000000000	-0.000000000121
36.000000000000	-0.000000000114
36.500000000000	-0.000000000119
37.000000000000	-0.000000000113
37.500000000000	-0.000000000120
38.000000000000	-0.000000000118
38.500000000000	-0.000000000118
39.000000000000	-0.000000000120
39.500000000000	-0.000000000102
40.000000000000	-0.000000000115
40.500000000000	-0.000000000112
41.000000000000	-0.000000000118
41.500000000000	-0.000000000119
42.000000000000	-0.000000000118
42.500000000000	-0.000000000115
43.000000000000	-0.000000000102
43.500000000000	-0.000000000110
44.000000000000	-0.000000000114
44.500000000000	-0.000000000110
45.000000000000	-0.000000000113
45.500000000000	-0.000000000130
46.000000000000	-0.000000000109
46.500000000000	-0.000000000113
47.000000000000	-0.000000000113
47.500000000000	-0.000000000113
48.000000000000	-0.000000000111
48.500000000000	-0.000000000111
49.000000000000	-0.000000000113
49.500000000000	-0.000000000110
50.000000000000	-0.000000000115
50.500000000000	-0.000000000117
51.000000000000	-0.000000000113
51.500000000000	-0.000000000108
52.000000000000	-0.000000000111
52.500000000000	-0.000000000112
53.000000000000	-0.000000000107
53.500000000000	-0.000000000118
54.000000000000	-0.000000000110
54.500000000000	-0.000000000110
55.000000000000	-0.000000000117
55.500000000000	-0.000000000113
56.000000000000	-0.000000000112
56.500000000000	-0.000000000105
57.000000000000	-0.000000000110
57.500000000000	-0.000000000107
58.000000000000	-0.000000000113
58.500000000000	-0.000000000112
59.000000000000	-0.000000000118
59.500000000000	-0.000000000116
60.000000000000	-0.000000000093
60.500000000000	-0.000000000110
61.000000000000	-0.000000000108
61.500000000000	-0.000000000106
62.000000000000	-0.000000000110
62.500000000000	-0.000000000123
63.000000000000	-0.000000000118
63.500000000000	-0.000000000114
64.000000000000	-0.000000000119
64.500000000000	-0.000000000117
65.000000000000	-0.000000000110
65.500000000000	-0.000000000117
66.000000000000	-0.000000000118
66.500000000000	-0.000000000115
67.000000000000	-0.000000000118
67.500000000000	-0.000000000115
68.000000000000	-0.000000000112
68.500000000000	-0.000000000116
69.000000000000	-0.000000000111
69.500000000000	-0.000000000112
70.000000000000	-0.000000000112
70.500000000000	-0.000000000128
71.000000000000	-0.000000000111
71.500000000000	-0.000000000119
72.000000000000	-0.000000000120
72.500000000000	-0.000000000112
73.000000000000	-0.000000000109
73.500000000000	-0.000000000108
74.000000000000	-0.000000000113
74.500000000000	-0.000000000113
75.000000000000	-0.000000000117
75.500000000000	-0.000000000120
76.000000000000	-0.000000000119
76.500000000000	-0.000000000118
77.000000000000	-0.000000000099
77.500000000000	-0.000000000116
78.000000000000	-0.000000000112
78.500000000000	-0.000000000115
79.000000000000	-0.000000000121
79.500000000000	-0.000000000132
80.000000000000	-0.000000000114
80.500000000000	-0.000000000093
81.000000000000	-0.000000000116
81.500000000000	-0.000000000117
82.000000000000	-0.000000000105
82.500000000000	-0.000000000110
83.000000000000	-0.000000000104
83.500000000000	-0.000000000106
84.000000000000	-0.000000000108
84.500000000000	-0.000000000108
85.000000000000	-0.000000000109
85.500000000000	-0.000000000105
86.000000000000	-0.000000000106
86.500000000000	-0.000000000105
87.000000000000	-0.000000000114
87.500000000000	-0.000000000114
88.000000000000	-0.000000000110
88.500000000000	-0.000000000110
89.000000000000	-0.000000000106
89.500000000000	-0.000000000111
90.000000000000	-0.000000000104
90.500000000000	-0.000000000109
91.000000000000	-0.000000000112
91.500000000000	-0.000000000110
92.000000000000	-0.000000000109
92.500000000000	-0.000000000114
93.000000000000	-0.000000000114
93.500000000000	-0.000000000113
94.000000000000	-0.000000000107
94.500000000000	-0.000000000102
95.000000000000	-0.000000000105
95.500000000000	-0.000000000113
96.000000000000	-0.000000000111
96.500000000000	-0.000000000116
97.000000000000	-0.000000000114
97.500000000000	-0.000000000105
98.000000000000	-0.000000000111
98.500000000000	-0.000000000115
99.000000000000	-0.000000000110
99.500000000000	-0.000000000112
100.000000000000	-0.000000000109
100.500000000000	-0.000000000110
101.000000000000	-0.000000000111
101.500000000000	-0.000000000111
102.000000000000	-0.000000000110
102.500000000000	-0.000000000101
103.000000000000	-0.000000000101
103.500000000000	-0.000000000116
104.000000000000	-0.000000000115
104.500000000000	-0.000000000113
105.000000000000	-0.000000000120
105.500000000000	-0.000000000117
106.000000000000	-0.000000000115
106.500000000000	-0.000000000119
107.000000000000	-0.000000000110
107.500000000000	-0.000000000111
108.000000000000	-0.000000000112
108.500000000000	-0.000000000109
109.000000000000	-0.000000000119
109.500000000000	-0.000000000114
110.000000000000	-0.000000000112
110.500000000000	-0.000000000110
111.000000000000	-0.000000000094
111.500000000000	-0.000000000115
112.000000000000	-0.000000000100
112.500000000000	-0.000000000120
113.000000000000	-0.000000000120
113.500000000000	-0.000000000076
114.000000000000	-0.000000000157
114.500000000000	-0.000000000062
115.000000000000	-0.000000000105
115.500000000000	0.000000000227
116.000000000000	0.000000003571
116.500000000000	0.000000006454
117.000000000000	0.000000008078
117.500000000000	0.000000007806
118.000000000000	0.000000007621
118.500000000000	0.000000007492
119.000000000000	0.000000007442
119.500000000000	0.000000007366
120.000000000000	0.000000007275
120.500000000000	0.000000007138
121.000000000000	0.000000007082
121.500000000000	0.000000007211
122.000000000000	0.000000006411
122.500000000000	0.000000007520
123.000000000000	0.000000007456
123.500000000000	0.000000007401
124.000000000000	0.000000006401
124.500000000000	0.000000006485
125.000000000000	0.000000010014
125.500000000000	0.000000011583
126.000000000000	0.000000013048
126.500000000000	0.000000013278
127.000000000000	0.000000015163
127.500000000000	0.000000014062
128.000000000000	0.000000013891
128.500000000000	0.000000013685
129.000000000000	0.000000013585
129.500000000000	0.000000013479
130.000000000000	0.000000013353
130.500000000000	0.000000013295
131.000000000000	0.000000013172
131.500000000000	0.000000013123
132.000000000000	0.000000013086
132.500000000000	0.000000013006
133.000000000000	0.000000012977
133.500000000000	0.000000012951
134.000000000000	0.000000012865
134.500000000000	0.000000012853
135.000000000000	0.000000012810
135.500000000000	0.000000012789
136.000000000000	0.000000012734
136.500000000000	0.000000012724
137.000000000000	0.000000012677
137.500000000000	0.000000012647
138.000000000000	0.000000012594
138.500000000000	0.000000012565
139.000000000000	0.000000012564
139.500000000000	0.000000012543
140.000000000000	0.000000012528
140.500000000000	0.000000012503
141.000000000000	0.000000012479
141.500000000000	0.000000012467
142.000000000000	0.000000012424
142.500000000000	0.000000012390
143.000000000000	0.000000012424
143.500000000000	0.000000012388
144.000000000000	0.000000012342
144.500000000000	0.000000012344
145.000000000000	0.000000012336
145.500000000000	0.000000012316
146.000000000000	0.000000012315
146.500000000000	0.000000012301
147.000000000000	0.000000012294
147.500000000000	0.000000012275
148.000000000000	0.000000012159
148.500000000000	0.000000012237
149.000000000000	0.000000012222
149.500000000000	0.000000012243
150.000000000000	0.000000012220
150.500000000000	0.000000012201
151.000000000000	0.000000012187
151.500000000000	0.000000012211
152.000000000000	0.000000012174
152.500000000000	0.000000012183
153.000000000000	0.000000012172
153.500000000000	0.000000012198
154.000000000000	0.000000012169
154.500000000000	0.000000012176
155.000000000000	0.000000012151
155.500000000000	0.000000012155
156.000000000000	0.000000012143
156.500000000000	0.000000012115
157.000000000000	0.000000012106
157.500000000000	0.000000012107
158.000000000000	0.000000012093
158.500000000000	0.000000012116
159.000000000000	0.000000012088
159.500000000000	0.000000012101
160.000000000000	0.000000012060
160.500000000000	0.000000012075
161.000000000000	0.000000012095
161.500000000000	0.000000012090
162.000000000000	0.000000012073
162.500000000000	0.000000012057
163.000000000000	0.000000012063
163.500000000000	0.000000012066
164.000000000000	0.000000012066
164.500000000000	0.000000012050
165.000000000000	0.000000012048
165.500000000000	0.000000012050
166.000000000000	0.000000012062
166.500000000000	0.000000012033
167.000000000000	0.000000012047
167.500000000000	0.000000012027
168.000000000000	0.000000012032
168.500000000000	0.000000012013
169.000000000000	0.000000011991
169.500000000000	0.000000012028
170.000000000000	0.000000012025
170.500000000000	0.000000012001
171.000000000000	0.000000011986
171.500000000000	0.000000011999
172.000000000000	0.000000011997
172.500000000000	0.000000012006
173.000000000000	0.000000012001
173.500000000000	0.000000011988
174.000000000000	0.000000011979
174.500000000000	0.000000011959
175.000000000000	0.000000012004
175.500000000000	0.000000011967
176.000000000000	0.000000011968
176.500000000000	0.000000011976
177.000000000000	0.000000011976
177.500000000000	0.000000011966
178.000000000000	0.000000011975
178.500000000000	0.000000011974
179.000000000000	0.000000011965
179.500000000000	0.000000011940
180.000000000000	0.000000011940
180.500000000000	0.000000011931
181.000000000000	0.000000011923
181.500000000000	0.000000011926
182.000000000000	0.000000011933
182.500000000000	0.000000011920
183.000000000000	0.000000011938
183.500000000000	0.000000011935
184.000000000000	0.000000011933
184.500000000000	0.000000011936
185.000000000000	0.000000011936
185.500000000000	0.000000011925
186.000000000000	0.000000011941
186.500000000000	0.000000011932
187.000000000000	0.000000011934
187.500000000000	0.000000011903
188.000000000000	0.000000011911
188.500000000000	0.000000011902
189.000000000000	0.000000011902
189.500000000000	0.000000011900
190.000000000000	0.000000011898
190.500000000000	0.000000011895
191.000000000000	0.000000011897
191.500000000000	0.000000011883
192.000000000000	0.000000011881
192.500000000000	0.000000011904
193.000000000000	0.000000011886
193.500000000000	0.000000011865
194.000000000000	0.000000011872
194.500000000000	0.000000011874
195.000000000000	0.000000011883
195.500000000000	0.000000011856
196.000000000000	0.000000011872
196.500000000000	0.000000011852
197.000000000000	0.000000011861
197.500000000000	0.000000011843
198.000000000000	0.000000011850
198.500000000000	0.000000011856
199.000000000000	0.000000011830
199.500000000000	0.000000011849
200.000000000000	0.000000011856
200.500000000000	0.000000011854
201.000000000000	0.000000011866
201.500000000000	0.000000011844
202.000000000000	0.000000011845
202.500000000000	0.000000011834
203.000000000000	0.000000011848
203.500000000000	0.000000011848
204.000000000000	0.000000011845
204.500000000000	0.000000011832
205.000000000000	0.000000011818
205.500000000000	0.000000011823
206.000000000000	0.000000011802
206.500000000000	0.000000011837
207.000000000000	0.000000011846
207.500000000000	0.000000011848
208.000000000000	0.000000011865
208.500000000000	0.000000011839
209.000000000000	0.000000011859
209.500000000000	0.000000011834
210.000000000000	0.000000011837
210.500000000000	0.000000011816
211.000000000000	0.000000011819
211.500000000000	0.000000011831
212.000000000000	0.000000011867
212.500000000000	0.000000011824
213.000000000000	0.000000011827
213.500000000000	0.000000011808
214.000000000000	0.000000011805
214.500000000000	0.000000011793
215.000000000000	0.000000011809
215.500000000000	0.000000011796
216.000000000000	0.000000011842
216.500000000000	0.000000011811
217.000000000000	0.000000011806
217.500000000000	0.000000011793
218.000000000000	0.000000011810
218.500000000000	0.000000011817
219.000000000000	0.000000011803
219.500000000000	0.000000011782
220.000000000000	0.000000011791
220.500000000000	0.000000011825
221.000000000000	0.000000011786
221.500000000000	0.000000011794
222.000000000000	0.000000011804
222.500000000000	0.000000011788
223.000000000000	0.000000011787
223.500000000000	0.000000011783
224.000000000000	0.000000011801
224.500000000000	0.000000011779
225.000000000000	0.000000011785
225.500000000000	0.000000011797
226.000000000000	0.000000011782
226.500000000000	0.000000011777
227.000000000000	0.000000011758
227.500000000000	0.000000011780
228.000000000000	0.000000011761
228.500000000000	0.000000011740
229.000000000000	0.000000011732
229.500000000000	0.000000011747
230.000000000000	0.000000011765
230.500000000000	0.000000011668
231.000000000000	0.000000011724
231.500000000000	0.000000011765
232.000000000000	0.000000011733
232.500000000000	0.000000011724
233.000000000000	0.000000011718
233.500000000000	0.000000011708
234.000000000000	0.000000011682
234.500000000000	0.000000010457
235.000000000000	0.000000004001
235.500000000000	0.000000000976
236.000000000000	0.000000000402
236.500000000000	0.000000000530
237.000000000000	0.000000000619
237.500000000000	0.000000000675
238.000000000000	0.000000000752
238.500000000000	0.000000000796
239.000000000000	0.000000000845
239.500000000000	0.000000000912
240.000000000000	0.000000000972
240.500000000000	0.000000001003
241.000000000000	0.000000002926
241.500000000000	0.000000002495
242.000000000000	0.000000003357
242.500000000000	0.000000003492
243.000000000000	0.000000002846
243.500000000000	0.000000001925
244.000000000000	0.000000001975
244.500000000000	0.000000000990
245.000000000000	-0.000000000126
245.500000000000	-0.000000000227
246.000000000000	-0.000000000580
246.500000000000	-0.000000000312
247.000000000000	-0.000000000285
247.500000000000	-0.000000000303
248.000000000000	-0.000000000306
248.500000000000	-0.000000000271
249.000000000000	-0.000000000313
249.500000000000	-0.000000000275
250.000000000000	-0.000000000267
250.500000000000	-0.000000000264
251.000000000000	-0.000000000285
251.500000000000	-0.000000000273
252.000000000000	-0.000000000268
252.500000000000	-0.000000000264
253.000000000000	-0.000000000248
253.500000000000	-0.000000000250
254.000000000000	-0.000000000255
254.500000000000	-0.000000000252
255.000000000000	-0.000000000243
255.500000000000	-0.000000000243
256.000000000000	-0.000000000247
256.500000000000	-0.000000000255
257.000000000000	-0.000000000240
257.500000000000	-0.000000000236
258.000000000000	-0.000000000231
258.500000000000	-0.000000000228
259.000000000000	-0.000000000230
259.500000000000	-0.000000000232
260.000000000000	-0.000000000226
260.500000000000	-0.000000000225
261.000000000000	-0.000000000224
261.500000000000	-0.000000000218
262.000000000000	-0.000000000216
262.500000000000	-0.000000000212
263.000000000000	-0.000000000213
263.500000000000	-0.000000000210
264.000000000000	-0.000000000212
264.500000000000	-0.000000000207
265.000000000000	-0.000000000210
265.500000000000	-0.000000000204
266.000000000000	-0.000000000196
266.500000000000	-0.000000000201
267.000000000000	-0.000000000201
267.500000000000	-0.000000000198
268.000000000000	-0.000000000202
268.500000000000	-0.000000000202
269.000000000000	-0.000000000191
269.500000000000	-0.000000000194
270.000000000000	-0.000000000188
270.500000000000	-0.000000000189
271.000000000000	-0.000000000187
271.500000000000	-0.000000000192
272.000000000000	-0.000000000197
272.500000000000	-0.000000000192
273.000000000000	-0.000000000196
273.500000000000	-0.000000000201
274.000000000000	-0.000000000188
274.500000000000	-0.000000000178
275.000000000000	-0.000000000183
275.500000000000	-0.000000000184
276.000000000000	-0.000000000194
276.500000000000	-0.000000000188
277.000000000000	-0.000000000200
277.500000000000	-0.000000000193
278.000000000000	-0.000000000184
278.500000000000	-0.000000000186
279.000000000000	-0.000000000190
279.500000000000	-0.000000000184
280.000000000000	-0.000000000184
280.500000000000	-0.000000000184
281.000000000000	-0.000000000183
281.500000000000	-0.000000000186
282.000000000000	-0.000000000178
282.500000000000	-0.000000000180
283.000000000000	-0.000000000179
283.500000000000	-0.000000000181
284.000000000000	-0.000000000183
284.500000000000	-0.000000000183
285.000000000000	-0.000000000180
285.500000000000	-0.000000000180
286.000000000000	-0.000000000173
286.500000000000	-0.000000000174
287.000000000000	-0.000000000174
287.500000000000	-0.000000000169
288.000000000000	-0.000000000174
288.500000000000	-0.000000000179
289.000000000000	-0.000000000171
289.500000000000	-0.000000000178
290.000000000000	-0.000000000185
290.500000000000	-0.000000000178
291.000000000000	-0.000000000183
291.500000000000	-0.000000000171
292.000000000000	-0.000000000167
292.500000000000	-0.000000000171
293.000000000000	-0.000000000172
293.500000000000	-0.000000000176
294.000000000000	-0.000000000178
294.500000000000	-0.000000000177
295.000000000000	-0.000000000170
295.500000000000	-0.000000000172
296.000000000000	-0.000000000175
296.500000000000	-0.000000000177
297.000000000000	-0.000000000173
297.500000000000	-0.000000000179
298.000000000000	-0.000000000180
298.500000000000	-0.000000000177
299.000000000000	-0.000000000179
299.500000000000	-0.000000000179
300.000000000000	-0.000000000174
300.500000000000	-0.000000000171
301.000000000000	-0.000000000175
301.500000000000	-0.000000000176
302.000000000000	-0.000000000175
302.500000000000	-0.000000000178
303.000000000000	-0.000000000178
303.500000000000	-0.000000000176
304.000000000000	-0.000000000175
304.500000000000	-0.000000000176
305.000000000000	-0.000000000169
305.500000000000	-0.000000000174
306.000000000000	-0.000000000179
306.500000000000	-0.000000000170
307.000000000000	-0.000000000168
307.500000000000	-0.000000000163
308.000000000000	-0.000000000165
308.500000000000	-0.000000000152
309.000000000000	-0.000000000168
309.500000000000	-0.000000000165
310.000000000000	-0.000000000171
310.500000000000	-0.000000000172
311.000000000000	-0.000000000174
311.500000000000	-0.000000000173
312.000000000000	-0.000000000159
312.500000000000	-0.000000000171
313.000000000000	-0.000000000170
313.500000000000	-0.000000000168
314.000000000000	-0.000000000167
314.500000000000	-0.000000000166
315.000000000000	-0.000000000167
315.500000000000	-0.000000000163
316.000000000000	-0.000000000167
316.500000000000	-0.000000000168
317.000000000000	-0.000000000162
317.500000000000	-0.000000000166
318.000000000000	-0.000000000166
318.500000000000	-0.000000000174
319.000000000000	-0.000000000166
319.500000000000	-0.000000000168
320.000000000000	-0.000000000167
320.500000000000	-0.000000000159
321.000000000000	-0.000000000164
321.500000000000	-0.000000000167
322.000000000000	-0.000000000165
322.500000000000	-0.000000000170
323.000000000000	-0.000000000167
323.500000000000	-0.000000000163
324.000000000000	-0.000000000164
324.500000000000	-0.000000000155
325.000000000000	-0.000000000157
325.500000000000	-0.000000000159
326.000000000000	-0.000000000162
326.500000000000	-0.000000000156
327.000000000000	-0.000000000160
327.500000000000	-0.000000000162
328.000000000000	-0.000000000173
328.500000000000	-0.000000000162
329.000000000000	-0.000000000159
329.500000000000	-0.000000000160
330.000000000000	-0.000000000158
330.500000000000	-0.000000000165
331.000000000000	-0.000000000161
331.500000000000	-0.000000000167
332.000000000000	-0.000000000169
332.500000000000	-0.000000000163
333.000000000000	-0.000000000160
333.500000000000	-0.000000000160
334.000000000000	-0.000000000161
334.500000000000	-0.000000000162
335.000000000000	-0.000000000167
335.500000000000	-0.000000000170
336.000000000000	-0.000000000162
336.500000000000	-0.000000000153
337.000000000000	-0.000000000164
337.500000000000	-0.000000000162
338.000000000000	-0.000000000164
338.500000000000	-0.000000000162
339.000000000000	-0.000000000164
339.500000000000	-0.000000000161
340.000000000000	-0.000000000171
340.500000000000	-0.000000000162
341.000000000000	-0.000000000160
341.500000000000	-0.000000000160
342.000000000000	-0.000000000156
342.500000000000	-0.000000000163
343.000000000000	-0.000000000128
343.500000000000	-0.000000000088
344.000000000000	-0.000000000170
344.500000000000	-0.000000000157
345.000000000000	-0.000000000147
345.500000000000	-0.000000000113
346.000000000000	-0.000000000182
346.500000000000	-0.000000000158
347.000000000000	-0.000000000157
347.500000000000	-0.000000000160
348.000000000000	-0.000000000162
348.500000000000	-0.000000000163
349.000000000000	-0.000000000158
349.500000000000	-0.000000000151
350.000000000000	-0.000000000135
350.500000000000	-0.000000000160
351.000000000000	-0.000000000170
351.500000000000	-0.000000000158
352.000000000000	-0.000000000163
352.500000000000	-0.000000000174
353.000000000000	-0.000000000169
353.500000000000	-0.000000000168
354.000000000000	0.000000000189
354.500000000000	0.000000000730
355.000000000000	0.000000004633
355.500000000000	0.000000007573
356.000000000000	0.000000008179
356.500000000000	0.000000007983
357.000000000000	0.000000007809
357.500000000000	0.000000008084
358.000000000000	0.000000006987
358.500000000000	0.000000007373
359.000000000000	0.000000006771
359.500000000000	0.000000006398
360.000000000000	0.000000006451
360.500000000000	0.000000006000
361.000000000000	0.000000007096
361.500000000000	0.000000007006
362.000000000000	0.000000009309
362.500000000000	0.000000011872
363.000000000000	0.000000013192
363.500000000000	0.000000016139
364.000000000000	0.000000014193
364.500000000000	0.000000013810
365.000000000000	0.000000014358
365.500000000000	0.000000014136
366.000000000000	0.000000013985
366.500000000000	0.000000013860
367.000000000000	0.000000013728
367.500000000000	0.000000013651
368.000000000000	0.000000013595
368.500000000000	0.000000013468
369.000000000000	0.000000013427
369.500000000000	0.000000013387
370.000000000000	0.000000013303
370.500000000000	0.000000013289
371.000000000000	0.000000013217
371.500000000000	0.000000013199
372.000000000000	0.000000013176
372.500000000000	0.000000013133
373.000000000000	0.000000013098
373.500000000000	0.000000013083
374.000000000000	0.000000013020
374.500000000000	0.000000013001
375.000000000000	0.000000012996
375.500000000000	0.000000012956
376.000000000000	0.000000012945
376.500000000000	0.000000012920
377.000000000000	0.000000012874
377.500000000000	0.000000012854
378.000000000000	0.000000012854
378.500000000000	0.000000012822
379.000000000000	0.000000012831
379.500000000000	0.000000012790
380.000000000000	0.000000012784
380.500000000000	0.000000012769
381.000000000000	0.000000012731
381.500000000000	0.000000012722
382.000000000000	0.000000012723
382.500000000000	0.000000012697
383.000000000000	0.000000012704
383.500000000000	0.000000012688
384.000000000000	0.000000012679
384.500000000000	0.000000012685
385.000000000000	0.000000012640
385.500000000000	0.000000012648
386.000000000000	0.000000012612
386.500000000000	0.000000012610
387.000000000000	0.000000012598
387.500000000000	0.000000012593
388.000000000000	0.000000012572
388.500000000000	0.000000012563
389.000000000000	0.000000012579
389.500000000000	0.000000012556
390.000000000000	0.000000012561
390.500000000000	0.000000012540
391.000000000000	0.000000012511
391.500000000000	0.000000012496
392.000000000000	0.000000012470
392.500000000000	0.000000012466
393.000000000000	0.000000012474
393.500000000000	0.000000012454
394.000000000000	0.000000012468
394.500000000000	0.000000012448
395.000000000000	0.000000012492
395.500000000000	0.000000012449
396.000000000000	0.000000012455
396.500000000000	0.000000012433
397.000000000000	0.000000012446
397.500000000000	0.000000012428
398.000000000000	0.000000012432
398.500000000000	0.000000012430
399.000000000000	0.000000012398
399.500000000000	0.000000012428
400.000000000000	0.000000012431
400.500000000000	0.000000012424
401.000000000000	0.000000012432
401.500000000000	0.000000012415
402.000000000000	0.000000012411
402.500000000000	0.000000012404
403.000000000000	0.000000012378
403.500000000000	0.000000012364
404.000000000000	0.000000012383
404.500000000000	0.000000012395
405.000000000000	0.000000012383
405.500000000000	0.000000012347
406.000000000000	0.000000012349
406.500000000000	0.000000012348
407.000000000000	0.000000012327
407.500000000000	0.000000012351
408.000000000000	0.000000012342
408.500000000000	0.000000012338
409.000000000000	0.000000012344
409.500000000000	0.000000012336
410.000000000000	0.000000012322
410.500000000000	0.000000012322
411.000000000000	0.000000012289
411.500000000000	0.000000012305
412.000000000000	0.000000012296
412.500000000000	0.000000012276
413.000000000000	0.000000012294
413.500000000000	0.000000012288
414.000000000000	0.000000012304
414.500000000000	0.000000012287
415.000000000000	0.000000012283
415.500000000000	0.000000012270
416.000000000000	0.000000012246
416.500000000000	0.000000012238
417.000000000000	0.000000012257
417.500000000000	0.000000012273
418.000000000000	0.000000012230
418.500000000000	0.000000012232
419.000000000000	0.000000012256
419.500000000000	0.000000012243
420.000000000000	0.000000012235
420.500000000000	0.000000012268
421.000000000000	0.000000012258
421.500000000000	0.000000012256
422.000000000000	0.000000012238
422.500000000000	0.000000012190
423.000000000000	0.000000012226
423.500000000000	0.000000012245
424.000000000000	0.000000012219
424.500000000000	0.000000012249
425.000000000000	0.000000012228
425.500000000000	0.000000012229
426.000000000000	0.000000012224
426.500000000000	0.000000012192
427.000000000000	0.000000012209
427.500000000000	0.000000012213
428.000000000000	0.000000012204
428.500000000000	0.000000012194
429.000000000000	0.000000012197
429.500000000000	0.000000012212
430.000000000000	0.000000012239
430.500000000000	0.000000012219
431.000000000000	0.000000012241
431.500000000000	0.000000012225
432.000000000000	0.000000012233
432.500000000000	0.000000012218
433.000000000000	0.000000012205
433.500000000000	0.000000012225
434.000000000000	0.000000012230
434.500000000000	0.000000012230
435.000000000000	0.000000012193
435.500000000000	0.000000012189
436.000000000000	0.000000012181
436.500000000000	0.000000012170
437.000000000000	0.000000012174
437.500000000000	0.000000012175
438.000000000000	0.000000012191
438.500000000000	0.000000012180
439.000000000000	0.000000012195
439.500000000000	0.000000012158
440.000000000000	0.000000012157
440.500000000000	0.000000012161
441.000000000000	0.000000012144
441.500000000000	0.000000012140
442.000000000000	0.000000012122
442.500000000000	0.000000012138
443.000000000000	0.000000012150
443.500000000000	0.000000012138
444.000000000000	0.000000012138
444.500000000000	0.000000012133
445.000000000000	0.000000012142
445.500000000000	0.000000012148
446.000000000000	0.000000012125
446.500000000000	0.000000012104
447.000000000000	0.000000012099
447.500000000000	0.000000012093
448.000000000000	0.000000012104
448.500000000000	0.000000012109
449.000000000000	0.000000012123
449.500000000000	0.000000012104
450.000000000000	0.000000012086
450.500000000000	0.000000012105
451.000000000000	0.000000012095
451.500000000000	0.000000012119
452.000000000000	0.000000012105
452.500000000000	0.000000012104
453.000000000000	0.000000012093
453.500000000000	0.000000012080
454.000000000000	0.000000012086
454.500000000000	0.000000012091
455.000000000000	0.000000012122
455.500000000000	0.000000012090
456.000000000000	0.000000012084
456.500000000000	0.000000012098
457.000000000000	0.000000012075
457.500000000000	0.000000012090
458.000000000000	0.000000012089
458.500000000000	0.000000012084
459.000000000000	0.000000012101
459.500000000000	0.000000012077
460.000000000000	0.000000012078
460.500000000000	0.000000012101
461.000000000000	0.000000012085
461.500000000000	0.000000012092
462.000000000000	0.000000012090
462.500000000000	0.000000012100
463.000000000000	0.000000012090
463.500000000000	0.000000012102
464.000000000000	0.000000012091
464.500000000000	0.000000012085
465.000000000000	0.000000012079
465.500000000000	0.000000012092
466.000000000000	0.000000012087
466.500000000000	0.000000012081
467.000000000000	0.000000012065
467.500000000000	0.000000012063
468.000000000000	0.000000012086
468.500000000000	0.000000012079
469.000000000000	0.000000012050
469.500000000000	0.000000012081
470.000000000000	0.000000012085
470.500000000000	0.000000012080
471.000000000000	0.000000012074
471.500000000000	0.000000012070
472.000000000000	0.000000012073
472.500000000000	0.000000012071
473.000000000000	0.000000012068
473.500000000000	0.000000012066
474.000000000000	0.000000012055
474.500000000000	0.000000012054
475.000000000000	0.000000012056
475.500000000000	0.000000012046
476.000000000000	0.000000012052
476.500000000000	0.000000012049
477.000000000000	0.000000012037
477.500000000000	0.000000012043
478.000000000000	0.000000012037
478.500000000000	0.000000012043
479.000000000000	0.000000012060
479.500000000000	0.000000012052
