Voltage   	Current	
-0.003072	-5.375459E-10
0.098351	-5.832988E-10
0.198052	-2.351472E-9
0.297887	-2.033061E-10
0.398636	1.708174E-9
0.498462	-5.166946E-10
0.598155	-7.902505E-10
0.697771	-3.070094E-10
0.798777	4.346385E-10
0.898338	3.303270E-9
0.998018	1.227151E-9
1.097745	-5.369893E-10
1.198683	-2.757316E-10
1.298719	-4.256434E-10
1.398524	-2.160094E-10
1.499088	-1.753174E-10
1.598811	-5.134549E-10
1.698681	-2.424290E-10
1.798258	-4.581358E-10
1.898942	-9.337719E-11
1.998743	-1.151404E-10
2.098388	-1.710156E-10
2.198138	-1.440396E-10
2.299105	-3.881906E-10
2.398918	-1.470258E-10
2.498461	-1.113446E-10
2.598051	-1.078521E-10
2.698951	-1.103323E-10
2.798764	-2.147949E-10
2.898568	-1.571481E-10
2.998163	-1.293622E-10
3.098877	-5.420359E-11
3.198648	-1.533524E-10
3.298508	-2.037108E-10
3.398300	-1.362959E-10
3.499092	-1.610959E-10
3.598849	-1.507711E-10
3.698590	-1.302226E-10
3.798111	-1.544154E-10
3.899040	-1.257688E-10
3.998789	-1.077004E-10
4.098577	-1.157982E-10
4.198107	-1.265786E-10
4.299096	-1.842759E-10
4.398596	-1.235420E-10
4.498396	-1.383711E-10
4.598038	-4.357531E-11
4.698688	-1.168106E-10
4.798454	-3.836234E-11
4.898156	-8.452022E-11
4.997746	-1.129641E-10
5.098821	-6.326334E-11
5.198299	-1.258195E-10
5.297936	-1.600837E-10
5.397711	-1.470256E-10
5.498318	-2.321042E-10
5.598127	-8.991672E-10
5.697692	-3.439562E-10
5.797625	-8.534652E-10
5.898391	-2.911174E-10
5.998423	-9.454118E-11
6.098013	-1.737487E-10
6.197767	-1.166587E-10
6.298545	-7.429674E-11
6.398230	-9.641396E-11
6.497863	-5.364703E-11
6.597646	-6.817263E-11
6.698335	-7.961096E-11
6.798011	-3.365550E-11
6.897803	-6.128945E-11
6.997312	1.062993E-11
7.098300	-1.044107E-10
7.197826	-7.742307E-12
7.297523	-8.527945E-11
7.397350	-6.827380E-11
7.498335	-1.568815E-11
7.598135	-4.964876E-11
7.697953	-7.576434E-11
7.797337	-1.142297E-10
7.898193	-3.304809E-11
7.998131	2.996375E-11
8.097790	-4.453687E-11
8.197559	-8.613987E-11
8.298394	4.256583E-11
8.398268	-5.501360E-11
8.497828	-5.010428E-11
8.598971	-7.343620E-11
8.698540	-8.092685E-11
8.798135	-8.209089E-11
8.898055	-7.773820E-11
8.998735	-1.183290E-10
9.098394	-1.357901E-10
9.198122	-2.681078E-12
9.297450	6.898521E-11
9.398778	-1.852252E-11
9.498424	-5.157214E-11
9.597962	-2.626593E-11
9.697961	-6.032777E-11
9.798589	1.240127E-11
9.898433	-5.030673E-11
9.997829	2.753409E-11
10.097640	-7.577272E-13
10.198470	-3.158043E-11
10.298080	7.278107E-11
10.398010	-5.344467E-11
10.497780	-1.236939E-10
10.598650	-1.103828E-10
10.698280	3.284834E-11
10.797820	3.016597E-11
10.897610	1.685511E-11
10.998610	-6.336456E-11
11.097980	-4.600459E-11
11.198120	-1.130146E-10
11.297490	-1.195436E-10
11.398380	-6.533835E-11
11.498040	-5.025610E-11
11.597750	-3.294698E-11
11.697460	-4.504314E-11
11.798110	-1.304251E-10
11.898070	-2.869532E-11
11.997670	-3.648956E-11
12.097530	2.535770E-11
12.198270	-1.366388E-11
12.298050	3.092512E-11
12.397730	-6.565859E-13
12.497320	-4.387909E-11
12.598270	-2.824005E-11
12.697870	-4.782683E-11
12.797500	-5.312722E-12
12.897710	-1.081558E-10
12.997960	-3.694528E-11
13.098320	-4.620723E-11
13.197440	-3.699574E-11
13.297140	-6.565859E-13
13.397880	-4.398015E-11
13.497600	-1.634623E-11
13.597520	-2.859407E-11
13.697160	-7.166481E-11
13.798060	2.667379E-11
13.897690	-4.119666E-11
13.997600	-2.363429E-11
14.097050	-1.042458E-11
14.197900	-1.568812E-11
14.297870	3.117828E-11
14.397650	1.483073E-11
14.497100	-4.838352E-11
14.598200	-9.378220E-11
14.697730	-4.681458E-11
14.797310	-1.718761E-10
14.897110	-1.482783E-11
14.997950	-6.903286E-11
15.097920	7.694345E-12
15.197520	-7.090589E-11
15.297120	8.048617E-12
15.397940	1.012369E-11
15.497690	-4.276551E-11
15.597590	-3.245212E-10
15.698470	-7.505596E-11
15.797960	-1.947020E-10
15.897670	-9.221326E-11
15.997320	-5.076203E-11
16.098460	-6.614814E-11
16.197790	-4.519479E-11
16.297550	1.665647E-10
16.397190	-8.500232E-10
16.498130	-1.119011E-10
16.597900	-8.492509E-11
16.697730	-6.746420E-11
16.797420	3.689502E-10
16.898180	-1.052204E-10
16.998030	-6.695802E-11
17.097640	-1.114961E-10
17.197380	-3.704637E-11
17.298210	-1.993977E-11
17.397960	-2.241970E-11
17.497770	-5.005360E-11
17.597470	7.213298E-10
17.697970	-2.732892E-11
17.798120	8.027165E-11
17.897570	-5.683556E-11
17.997060	3.532850E-11
18.097760	2.734341E-12
18.198050	-3.821049E-11
18.297380	-1.786460E-11
18.397090	-4.199197E-12
18.498050	-2.267259E-11
18.597810	-2.388734E-11
18.697510	-4.807976E-11
18.797400	-6.564749E-13
18.897800	2.814149E-11
18.997890	5.658536E-11
19.097600	8.048784E-12
19.197470	1.629841E-11
19.298110	-2.578656E-10
19.397910	-5.142015E-11
19.497600	-1.361311E-11
19.597320	-7.196846E-11
19.698230	-1.260089E-11
19.797900	1.237472E-10
19.897570	-6.274370E-12
19.997370	-4.035106E-13
20.098090	-1.649803E-11
20.197810	-2.550685E-11
20.297630	-1.533404E-11
20.397160	-2.373543E-11
20.498100	2.105592E-11
20.597760	-2.743022E-11
20.697330	8.554851E-12
20.797170	1.359952E-10
20.897940	-1.978773E-11
20.997390	-2.510220E-11
21.097360	6.682238E-12
21.197030	-2.277381E-11
21.297940	5.815450E-11
21.397750	-4.974987E-11
21.497360	9.060863E-12
21.596900	-1.411921E-11
21.698200	-4.646017E-11
21.797570	-6.473086E-11
21.897130	-2.216652E-11
21.997020	-7.691570E-12
22.097750	1.923402E-11
22.197340	-2.883555E-12
22.297480	5.263766E-11
22.396760	-4.990161E-11
22.497430	5.866063E-11
22.597670	5.923206E-12
22.696750	9.769671E-12
22.798210	4.216100E-11
22.897460	-3.881767E-11
22.997120	2.986240E-11
23.096850	2.470006E-11
23.197660	2.723070E-11
23.297380	8.816715E-11
23.397630	-2.636721E-11
23.496730	2.065108E-11
23.597610	2.672444E-11
23.697660	8.959722E-12
23.797010	1.375642E-10
23.896780	-8.349543E-12
23.997540	1.138910E-11
24.097280	5.364996E-11
24.197100	1.584291E-11
24.296980	1.199974E-9
24.397690	1.091623E-9
24.497270	-1.618045E-10
24.597280	-7.664630E-10
24.696830	-4.844538E-10
24.797970	-2.370638E-10
24.897390	1.048184E-10
24.997140	3.683936E-10
25.096970	-1.828082E-10
25.197740	-2.930406E-10
25.297430	2.169234E-10
25.396990	4.289707E-10
25.496930	-2.744661E-10
25.597380	-8.598788E-11
25.697240	4.921795E-10
25.797040	-4.757369E-11
25.896940	-6.021433E-12
25.997880	2.935625E-11
26.097390	9.540463E-11
26.197210	-1.381542E-11
26.296540	9.668266E-12
26.397460	-8.067363E-11
26.497370	-3.770431E-11
26.597410	-1.007022E-11
26.697030	-3.504850E-10
26.797890	-2.106446E-10
26.897630	-2.884723E-11
26.997420	9.718892E-12
27.096970	5.025895E-11
27.197650	6.721383E-11
27.297460	8.755978E-11
27.397280	5.972325E-11
27.496690	-3.203576E-11
27.597640	9.307649E-11
27.697430	3.673308E-10
27.796940	1.051726E-10
27.896520	6.954201E-11
27.997320	-7.935783E-11
28.097300	-6.594569E-11
28.196610	-1.831993E-11
28.296230	1.136249E-10
28.397060	-1.364478E-10
28.496760	1.064702E-9
28.596840	-3.307467E-10
28.696740	-7.475220E-11
28.797750	-1.075486E-10
28.897440	-5.645724E-10
28.996950	1.453584E-10
29.096630	-3.898611E-10
29.197400	-4.614259E-10
29.297370	3.902308E-11
29.396840	-8.659520E-11
29.496640	4.793084E-11
29.597280	9.920050E-11
29.697020	-3.440220E-12
29.796720	3.645501E-12
29.897600	-3.871650E-11
29.997110	9.565758E-11
29.897790	-8.355849E-11
29.796930	-7.561252E-11
29.697670	-1.386616E-11
29.597530	-4.109491E-11
29.496690	2.211893E-11
29.396990	-6.306075E-11
29.297520	-4.241119E-11
29.197530	-9.798290E-11
29.097000	-6.118819E-11
28.997210	-1.027256E-11
28.897540	-6.953901E-11
28.797640	-1.482775E-11
28.696850	-4.949674E-11
28.597140	-4.939568E-11
28.497460	2.338277E-10
28.397650	-2.241946E-11
28.296900	-4.747239E-11
28.197420	2.380207E-12
28.097640	-6.624931E-11
27.997960	-3.208656E-11
27.897090	5.537086E-11
27.797440	-7.875020E-11
27.697660	-9.934925E-11
27.597540	-1.549210E-10
27.497000	-4.858597E-11
27.397370	-7.540985E-11
27.297450	-3.173201E-11
27.198050	-3.294676E-11
27.096900	-7.222148E-11
26.997410	-7.146225E-11
26.897530	-6.311132E-11
26.797780	-6.953912E-11
26.697040	-3.119692E-10
26.597390	-8.553225E-11
26.497350	-2.474762E-11
26.397780	-2.996076E-11
26.296880	-5.597511E-11
26.197320	-6.336440E-11
26.097570	-8.290046E-11
25.997910	-6.037831E-11
25.897180	-5.405193E-11
25.797300	-3.942538E-11
25.697490	-5.152126E-11
25.597560	-3.659081E-11
25.496850	-7.185391E-12
25.397170	-7.829490E-11
25.297540	-9.135262E-11
25.197860	-6.665399E-11
25.097170	-5.739248E-11
24.997140	3.163377E-11
24.897700	-1.184804E-10
24.797990	-1.231368E-10
24.697090	-9.363019E-11
24.597590	-1.036513E-10
24.497680	-6.493342E-11
24.398030	-7.348699E-11
24.297470	-7.996492E-11
24.197400	-7.141163E-11
24.097700	-1.632214E-10
23.998320	-7.090553E-11
23.897390	-6.042877E-11
23.797420	-9.347839E-11
23.697810	-9.616080E-11
23.598310	-1.223272E-10
23.497170	-4.261369E-11
23.397620	-1.099777E-10
23.297860	-7.024745E-11
23.198310	-7.571355E-11
23.097410	-1.421670E-10
22.997770	-2.343307E-10
22.898010	-1.250094E-10
22.798290	-6.412357E-11
22.697100	-1.032464E-10
22.597910	-1.226813E-10
22.498150	-2.202608E-10
22.397320	-1.259208E-10
22.297770	-1.023859E-10
22.197930	-5.076203E-11
22.098360	-7.141160E-11
21.997460	4.626062E-11
21.897610	-8.214124E-11
21.798070	-7.171524E-11
21.698310	-7.606787E-11
21.597360	-1.295646E-10
21.497710	-2.712644E-11
21.397850	-8.482362E-11
21.298310	-1.816811E-11
21.197280	-6.817261E-11
21.097450	-8.715190E-11
20.997660	2.368777E-11
20.897870	-1.219726E-10
20.797210	-5.683537E-11
20.697660	-6.533826E-11
20.597800	-8.624082E-11
20.498050	-1.317406E-10
20.397310	-1.158487E-10
20.297570	-1.092186E-10
20.197690	-6.953887E-11
20.098220	-8.340645E-11
19.997130	-3.901993E-11
19.897570	-6.478140E-11
19.797660	-4.509343E-11
19.698010	-9.955153E-11
19.597300	-4.807954E-11
19.497440	-4.372727E-11
19.397900	-1.135711E-10
19.297820	-5.880935E-11
19.197140	-9.221318E-11
19.097410	-5.415288E-11
18.997780	1.189530E-11
18.897920	-1.165065E-10
18.797190	-6.498393E-11
18.697300	-1.008673E-10
18.597690	-1.268315E-10
18.497870	-1.749631E-10
18.397180	-1.350813E-10
18.297370	-1.897785E-11
18.197690	8.219489E-11
18.097990	-3.259379E-10
17.997290	-8.978368E-11
17.897420	-1.911084E-10
17.797990	-3.385750E-11
17.698360	-1.401423E-10
17.597860	-3.482078E-10
17.497770	-1.396722E-11
17.398060	-7.353734E-11
17.298480	-7.105738E-11
17.197620	-9.656548E-11
17.097820	-9.028972E-11
16.998000	4.180682E-11
16.898480	-7.181661E-11
16.797720	-1.106357E-10
16.698230	-4.721901E-11
16.598440	-1.147859E-10
16.498760	-2.839165E-11
16.397720	-5.389980E-11
16.298120	-1.557307E-10
16.198080	-7.728257E-11
16.098820	-1.166585E-10
15.997840	-8.193901E-11
15.897910	-1.002603E-10
15.798490	-1.230862E-10
15.698900	7.998213E-12
15.597920	-1.680798E-10
15.498370	-9.722367E-11
15.398300	-1.405977E-10
15.297830	-1.005639E-10
15.198120	-6.336423E-11
15.098380	-3.368190E-10
14.998610	-1.144822E-10
14.897160	-1.767853E-10
14.797530	-1.239469E-10
14.698220	-1.326519E-10
14.598560	-9.104881E-11
14.497510	-5.987211E-11
14.398050	-1.330057E-10
14.298250	-5.106568E-11
14.198330	-1.801256E-10
14.097610	-1.850351E-10
13.997960	-1.468740E-10
13.898100	-3.621760E-10
13.798310	-1.901972E-10
13.697530	-1.326014E-10
13.598090	-1.059286E-10
13.498120	-1.539592E-10
13.398410	-1.384215E-10
13.297380	-1.239464E-10
13.197960	-1.704587E-10
13.098170	-1.257181E-10
12.998310	-1.124577E-10
12.897550	-1.762286E-10
12.798000	-1.755198E-10
12.698220	1.953766E-11
12.598480	-1.128118E-10
12.497520	-5.129986E-10
12.397840	-1.943978E-10
12.298430	-1.123429E-11
12.198280	-1.504671E-10
12.097740	-1.331582E-10
11.998040	-7.419523E-11
11.898230	-2.056338E-10
11.798460	-9.767898E-11
11.697680	-1.407496E-10
11.597810	-4.123828E-10
11.498400	-1.003110E-10
11.398680	-1.498597E-10
11.297740	-1.824031E-10
11.197920	-1.582612E-10
11.098240	-1.653468E-10
10.998720	-1.093198E-10
10.897560	-2.168699E-10
10.797930	-1.456591E-10
10.698030	-1.260216E-10
10.598520	-1.179238E-10
10.497610	-1.888308E-10
10.397830	-1.310828E-10
10.298040	-5.182479E-11
10.198630	-1.876669E-10
10.097640	-1.630694E-10
9.998082	-1.042584E-10
9.898085	-1.470255E-10
9.798417	-8.431744E-11
9.697592	-1.668652E-10
9.598108	-9.595830E-11
9.498192	-1.509732E-10
9.398594	-1.368524E-10
9.297579	-1.895898E-10
9.198036	-1.619560E-10
9.098180	-1.432297E-10
8.998688	-1.387254E-10
8.897725	-1.628669E-10
8.798023	-1.462158E-10
8.698467	-1.393832E-10
8.598779	-1.684341E-10
8.497952	-1.647902E-10
8.398315	-1.654484E-10
8.298411	-1.310827E-10
8.197568	-1.442419E-10
8.098103	-1.389276E-10
7.998358	-1.180756E-10
7.898399	-1.553764E-10
7.797646	-8.446924E-11
7.697996	1.135743E-10
7.598453	-4.098014E-10
7.498888	-1.664604E-10
7.398165	6.437968E-11
7.297918	-2.098854E-10
7.198041	-1.590205E-10
7.098391	-1.260723E-10
6.997582	-1.685861E-10
6.898009	-8.431766E-11
6.798230	-9.094783E-11
6.698563	-1.815428E-10
6.597848	-1.434824E-10
6.498121	-1.723315E-10
6.398367	-2.461738E-10
6.298494	-9.292159E-11
6.198054	-8.087600E-11
6.098159	-1.571982E-10
5.998522	-1.953090E-10
5.898674	-1.335120E-10
5.797908	-1.620572E-10
5.697915	-1.160005E-10
5.598132	-1.875148E-10
5.498507	-1.543133E-10
5.397703	-1.506694E-10
5.297894	-1.584132E-10
5.198501	-1.186829E-10
5.098486	-1.359921E-10
4.997844	-2.886877E-10
4.897894	-1.361945E-10
4.798402	-1.132169E-10
4.698413	-1.859969E-10
4.597802	-1.423692E-10
4.498100	-1.737990E-10
4.398514	-1.978397E-10
4.298761	-1.881222E-10
4.197866	-1.769371E-10
4.098268	-1.802268E-10
3.998591	-1.881221E-10
3.898924	-1.454058E-10
3.798214	-1.229342E-10
3.698225	-1.921207E-10
3.598575	-1.409521E-10
3.498993	-1.919180E-10
3.398094	-1.542628E-10
3.298298	-1.893372E-10
3.198682	-1.437865E-10
3.099010	-1.479365E-10
2.998176	-1.927278E-10
2.898495	-2.132761E-10
2.798772	-1.706109E-10
2.698933	-1.572996E-10
2.597991	-1.405473E-10
2.498500	-2.194508E-10
2.398708	-1.575021E-10
2.299097	-1.043093E-10
2.198103	-1.834658E-10
2.098298	-1.576538E-10
1.998695	-1.181769E-10
1.898929	-2.238034E-10
1.798090	-2.027490E-10
1.698470	-1.575020E-10
1.598777	-1.782529E-10
1.499105	-1.831621E-10
1.398421	-1.958659E-10
1.298633	-1.586156E-10
1.198674	-1.886787E-10
1.097827	-1.705597E-10
0.998267	-2.007245E-10
0.898235	-1.690414E-10
0.798623	-1.251614E-10
0.697866	-1.889318E-10
0.598078	-1.584638E-10
0.498299	-1.601339E-10
0.398580	-1.576029E-10
0.297797	-2.141869E-10
0.198100	-2.071016E-10
0.098415	-1.361945E-10
