t (s)	Ids (Amps)
0.000000000000	-0.000000000053
0.500000000000	-0.000000000112
1.000000000000	-0.000000000061
1.500000000000	-0.000000000059
2.000000000000	-0.000000000067
2.500000000000	-0.000000000058
3.000000000000	-0.000000000239
3.500000000000	0.000000000202
4.000000000000	-0.000000000031
4.500000000000	-0.000000000056
5.000000000000	-0.000000000047
5.500000000000	0.000000000015
6.000000000000	0.000000000032
6.500000000000	0.000000001474
7.000000000000	0.000000000170
7.500000000000	0.000000000105
8.000000000000	-0.000000000201
8.500000000000	0.000000000039
9.000000000000	-0.000000000031
9.500000000000	-0.000000000044
10.000000000000	-0.000000000049
10.500000000000	-0.000000000131
11.000000000000	-0.000000000048
11.500000000000	-0.000000000036
12.000000000000	-0.000000000050
12.500000000000	-0.000000000034
13.000000000000	-0.000000000156
13.500000000000	-0.000000000066
14.000000000000	-0.000000000041
14.500000000000	-0.000000000046
15.000000000000	-0.000000000070
15.500000000000	-0.000000000072
16.000000000000	-0.000000000056
16.500000000000	0.000000000302
17.000000000000	-0.000000000032
17.500000000000	0.000000000043
18.000000000000	-0.000000000072
18.500000000000	0.000000000029
19.000000000000	-0.000000000001
19.500000000000	0.000000000089
20.000000000000	-0.000000000002
20.500000000000	-0.000000000023
21.000000000000	0.000000000128
21.500000000000	0.000000000394
22.000000000000	0.000000000021
22.500000000000	0.000000000084
23.000000000000	0.000000000204
23.500000000000	0.000000000040
24.000000000000	-0.000000000002
24.500000000000	0.000000000069
25.000000000000	0.000000000035
25.500000000000	-0.000000000030
26.000000000000	-0.000000000033
26.500000000000	-0.000000000139
27.000000000000	0.000000000039
27.500000000000	-0.000000000015
28.000000000000	0.000000000021
28.500000000000	-0.000000000042
29.000000000000	-0.000000000042
29.500000000000	-0.000000000042
30.000000000000	0.000000000024
30.500000000000	-0.000000000223
31.000000000000	0.000000000056
31.500000000000	-0.000000000031
32.000000000000	-0.000000000015
32.500000000000	0.000000000064
33.000000000000	-0.000000000081
33.500000000000	-0.000000000014
34.000000000000	0.000000000021
34.500000000000	-0.000000000042
35.000000000000	0.000000000022
35.500000000000	-0.000000000077
36.000000000000	-0.000000000021
36.500000000000	-0.000000000024
37.000000000000	-0.000000000066
37.500000000000	-0.000000000033
38.000000000000	-0.000000000093
38.500000000000	-0.000000000008
39.000000000000	-0.000000000025
39.500000000000	-0.000000000071
40.000000000000	-0.000000000004
40.500000000000	-0.000000000042
41.000000000000	0.000000000013
41.500000000000	0.000000000050
42.000000000000	0.000000000065
42.500000000000	0.000000000056
43.000000000000	0.000000000032
43.500000000000	0.000000000078
44.000000000000	0.000000000069
44.500000000000	0.000000000077
45.000000000000	0.000000000074
45.500000000000	0.000000000076
46.000000000000	-0.000000000058
46.500000000000	0.000000000132
47.000000000000	0.000000000141
47.500000000000	0.000000000117
48.000000000000	0.000000000241
48.500000000000	0.000000000095
49.000000000000	0.000000000159
49.500000000000	0.000000000062
50.000000000000	0.000000000080
50.500000000000	0.000000000052
51.000000000000	0.000000000032
51.500000000000	0.000000000077
52.000000000000	0.000000000217
52.500000000000	-0.000000000042
53.000000000000	0.000000000009
53.500000000000	0.000000000168
54.000000000000	0.000000000072
54.500000000000	0.000000000044
55.000000000000	-0.000000000085
55.500000000000	0.000000000067
56.000000000000	0.000000000049
56.500000000000	0.000000000015
57.000000000000	0.000000000020
57.500000000000	0.000000000001
58.000000000000	-0.000000000020
58.500000000000	0.000000000037
59.000000000000	0.000000000017
59.500000000000	-0.000000000080
60.000000000000	0.000000000033
60.500000000000	0.000000000092
61.000000000000	0.000000000167
61.500000000000	0.000000000052
62.000000000000	0.000000000008
62.500000000000	0.000000000133
63.000000000000	0.000000000031
63.500000000000	0.000000000060
64.000000000000	0.000000000137
64.500000000000	0.000000000026
65.000000000000	0.000000000034
65.500000000000	0.000000000053
66.000000000000	0.000000000087
66.500000000000	0.000000000151
67.000000000000	0.000000000001
67.500000000000	0.000000000157
68.000000000000	0.000000000321
68.500000000000	0.000000000129
69.000000000000	0.000000000537
69.500000000000	0.000000000075
70.000000000000	0.000000000166
70.500000000000	0.000000000088
71.000000000000	0.000000000152
71.500000000000	0.000000000080
72.000000000000	0.000000000061
72.500000000000	0.000000000171
73.000000000000	0.000000000082
73.500000000000	0.000000000097
74.000000000000	0.000000000118
74.500000000000	0.000000000039
75.000000000000	0.000000000056
75.500000000000	0.000000000020
76.000000000000	0.000000000069
76.500000000000	0.000000000072
77.000000000000	0.000000000005
77.500000000000	0.000000000070
78.000000000000	0.000000000025
78.500000000000	0.000000000068
79.000000000000	0.000000000076
79.500000000000	-0.000000000025
80.000000000000	0.000000000028
80.500000000000	0.000000000014
81.000000000000	-0.000000000003
81.500000000000	0.000000000016
82.000000000000	-0.000000000117
82.500000000000	0.000000000024
83.000000000000	0.000000000015
83.500000000000	-0.000000000013
84.000000000000	-0.000000000028
84.500000000000	-0.000000000239
85.000000000000	-0.000000000036
85.500000000000	-0.000000000288
86.000000000000	-0.000000000031
86.500000000000	-0.000000000106
87.000000000000	-0.000000000070
87.500000000000	-0.000000000068
88.000000000000	-0.000000000088
88.500000000000	-0.000000000070
89.000000000000	-0.000000000084
89.500000000000	-0.000000000051
90.000000000000	-0.000000000017
90.500000000000	-0.000000000086
91.000000000000	-0.000000000004
91.500000000000	-0.000000000056
92.000000000000	-0.000000000050
92.500000000000	0.000000000003
93.000000000000	-0.000000000093
93.500000000000	-0.000000000021
94.000000000000	-0.000000000051
94.500000000000	-0.000000000047
95.000000000000	0.000000000007
95.500000000000	-0.000000000037
96.000000000000	-0.000000000003
96.500000000000	-0.000000000020
97.000000000000	-0.000000000048
97.500000000000	-0.000000000001
98.000000000000	0.000000000014
98.500000000000	-0.000000000010
99.000000000000	-0.000000000062
99.500000000000	-0.000000000051
100.000000000000	-0.000000000000
100.500000000000	-0.000000000305
101.000000000000	-0.000000000047
101.500000000000	-0.000000000101
102.000000000000	-0.000000000106
102.500000000000	-0.000000000105
103.000000000000	-0.000000000073
103.500000000000	-0.000000000103
104.000000000000	-0.000000000484
104.500000000000	-0.000000000133
105.000000000000	-0.000000000153
105.500000000000	-0.000000000107
106.000000000000	-0.000000000168
106.500000000000	-0.000000000060
107.000000000000	-0.000000000289
107.500000000000	-0.000000000096
108.000000000000	-0.000000000152
108.500000000000	-0.000000000080
109.000000000000	-0.000000000035
109.500000000000	-0.000000000097
110.000000000000	-0.000000000062
110.500000000000	-0.000000000079
111.000000000000	-0.000000000050
111.500000000000	0.000000000024
112.000000000000	-0.000000000114
112.500000000000	-0.000000000088
113.000000000000	-0.000000000151
113.500000000000	-0.000000000084
114.000000000000	-0.000000000108
114.500000000000	-0.000000000094
115.000000000000	-0.000000000028
115.500000000000	-0.000000000027
116.000000000000	-0.000000000059
116.500000000000	-0.000000000079
117.000000000000	-0.000000000048
117.500000000000	-0.000000000064
118.000000000000	-0.000000000026
118.500000000000	-0.000000000039
119.000000000000	-0.000000000166
119.500000000000	-0.000000000086
120.000000000000	-0.000000000076
120.500000000000	-0.000000000076
121.000000000000	-0.000000000075
121.500000000000	-0.000000000092
122.000000000000	-0.000000000076
122.500000000000	-0.000000000073
123.000000000000	-0.000000000100
123.500000000000	-0.000000000093
124.000000000000	-0.000000000075
124.500000000000	-0.000000000068
125.000000000000	-0.000000000127
125.500000000000	-0.000000000057
126.000000000000	-0.000000000138
126.500000000000	-0.000000000093
127.000000000000	-0.000000000151
127.500000000000	-0.000000000137
128.000000000000	-0.000000000158
128.500000000000	-0.000000000128
129.000000000000	-0.000000000177
129.500000000000	-0.000000000103
130.000000000000	-0.000000000150
130.500000000000	-0.000000000205
131.000000000000	-0.000000000185
131.500000000000	-0.000000000108
132.000000000000	-0.000000000118
132.500000000000	-0.000000000091
133.000000000000	-0.000000000041
133.500000000000	-0.000000000117
134.000000000000	-0.000000000154
134.500000000000	-0.000000000094
135.000000000000	-0.000000000110
135.500000000000	-0.000000000120
136.000000000000	-0.000000000086
136.500000000000	-0.000000000070
137.000000000000	-0.000000000061
137.500000000000	-0.000000000038
138.000000000000	-0.000000000102
138.500000000000	-0.000000000105
139.000000000000	-0.000000000091
139.500000000000	-0.000000000064
140.000000000000	-0.000000000014
140.500000000000	-0.000000000090
141.000000000000	-0.000000000104
141.500000000000	-0.000000000111
142.000000000000	-0.000000000189
142.500000000000	-0.000000000063
143.000000000000	-0.000000000129
143.500000000000	-0.000000000102
144.000000000000	-0.000000000075
144.500000000000	-0.000000000047
145.000000000000	0.000000000009
145.500000000000	-0.000000000092
146.000000000000	-0.000000000112
146.500000000000	-0.000000000044
147.000000000000	-0.000000000076
147.500000000000	-0.000000000071
148.000000000000	-0.000000000045
148.500000000000	-0.000000000098
149.000000000000	-0.000000000089
149.500000000000	-0.000000000080
150.000000000000	-0.000000000068
150.500000000000	-0.000000000069
151.000000000000	-0.000000000107
151.500000000000	-0.000000000085
152.000000000000	-0.000000000075
152.500000000000	-0.000000000080
153.000000000000	-0.000000000102
153.500000000000	-0.000000000116
154.000000000000	-0.000000000108
154.500000000000	-0.000000000067
155.000000000000	-0.000000000084
155.500000000000	-0.000000000119
156.000000000000	-0.000000000094
156.500000000000	-0.000000000055
157.000000000000	-0.000000000036
157.500000000000	-0.000000000060
158.000000000000	-0.000000000148
158.500000000000	-0.000000000044
159.000000000000	-0.000000000073
159.500000000000	-0.000000000067
160.000000000000	-0.000000000129
160.500000000000	-0.000000000181
161.000000000000	-0.000000000209
161.500000000000	0.000000000192
162.000000000000	-0.000000000094
162.500000000000	-0.000000000070
163.000000000000	-0.000000000104
163.500000000000	-0.000000000054
164.000000000000	-0.000000000152
164.500000000000	-0.000000000111
165.000000000000	-0.000000000051
165.500000000000	-0.000000000106
166.000000000000	-0.000000000042
166.500000000000	-0.000000000111
167.000000000000	-0.000000000062
167.500000000000	-0.000000000088
168.000000000000	-0.000000000156
168.500000000000	-0.000000000045
169.000000000000	-0.000000000080
169.500000000000	-0.000000000084
170.000000000000	-0.000000000105
170.500000000000	-0.000000000133
171.000000000000	-0.000000000067
171.500000000000	-0.000000000104
172.000000000000	-0.000000000065
172.500000000000	-0.000000000089
173.000000000000	-0.000000000141
173.500000000000	-0.000000000039
174.000000000000	-0.000000000004
174.500000000000	0.000000000405
175.000000000000	0.000000000727
175.500000000000	0.000000000212
176.000000000000	0.000000000104
176.500000000000	0.000000000418
177.000000000000	-0.000000000818
177.500000000000	-0.000000000210
178.000000000000	-0.000000000144
178.500000000000	-0.000000000058
179.000000000000	-0.000000000105
179.500000000000	-0.000000000091
180.000000000000	-0.000000000097
180.500000000000	-0.000000000089
181.000000000000	-0.000000000121
181.500000000000	-0.000000000086
182.000000000000	-0.000000000118
182.500000000000	-0.000000000089
183.000000000000	-0.000000000121
183.500000000000	-0.000000000101
184.000000000000	-0.000000000110
184.500000000000	-0.000000000138
185.000000000000	-0.000000000152
185.500000000000	-0.000000000096
186.000000000000	-0.000000000081
186.500000000000	-0.000000000080
187.000000000000	-0.000000000113
187.500000000000	-0.000000000091
188.000000000000	-0.000000000127
188.500000000000	-0.000000000084
189.000000000000	-0.000000000096
189.500000000000	-0.000000000072
190.000000000000	-0.000000000119
190.500000000000	-0.000000000128
191.000000000000	-0.000000000061
191.500000000000	-0.000000000060
192.000000000000	-0.000000000109
192.500000000000	-0.000000000103
193.000000000000	-0.000000000098
193.500000000000	-0.000000000095
194.000000000000	-0.000000000084
194.500000000000	-0.000000000084
195.000000000000	-0.000000000090
195.500000000000	-0.000000000089
196.000000000000	-0.000000000073
196.500000000000	-0.000000000057
197.000000000000	-0.000000000086
197.500000000000	-0.000000000049
198.000000000000	-0.000000000065
198.500000000000	-0.000000000071
199.000000000000	-0.000000000027
199.500000000000	-0.000000000079
200.000000000000	-0.000000000145
200.500000000000	-0.000000000021
201.000000000000	-0.000000000087
201.500000000000	-0.000000000039
202.000000000000	-0.000000000106
202.500000000000	-0.000000000025
203.000000000000	-0.000000000056
203.500000000000	-0.000000000076
204.000000000000	-0.000000000075
204.500000000000	-0.000000000084
205.000000000000	-0.000000000109
205.500000000000	-0.000000000100
206.000000000000	-0.000000000078
206.500000000000	-0.000000000071
207.000000000000	-0.000000000020
207.500000000000	-0.000000000081
208.000000000000	-0.000000000130
208.500000000000	-0.000000000074
209.000000000000	-0.000000000057
209.500000000000	-0.000000000090
210.000000000000	-0.000000000056
210.500000000000	-0.000000000183
211.000000000000	-0.000000000088
211.500000000000	-0.000000000053
212.000000000000	-0.000000000069
212.500000000000	-0.000000000085
213.000000000000	-0.000000000139
213.500000000000	-0.000000000126
214.000000000000	-0.000000000047
214.500000000000	-0.000000000027
215.000000000000	-0.000000000133
215.500000000000	-0.000000000158
216.000000000000	-0.000000000084
216.500000000000	-0.000000000037
217.000000000000	-0.000000000044
217.500000000000	-0.000000000081
218.000000000000	-0.000000000116
218.500000000000	-0.000000000094
219.000000000000	-0.000000000044
219.500000000000	-0.000000000062
220.000000000000	-0.000000000103
220.500000000000	-0.000000000151
221.000000000000	-0.000000000122
221.500000000000	-0.000000000049
222.000000000000	-0.000000000075
222.500000000000	-0.000000000066
223.000000000000	-0.000000000115
223.500000000000	-0.000000000085
224.000000000000	-0.000000000074
224.500000000000	-0.000000000069
225.000000000000	-0.000000000095
225.500000000000	-0.000000000138
226.000000000000	-0.000000000082
226.500000000000	-0.000000000109
227.000000000000	-0.000000000057
227.500000000000	-0.000000000083
228.000000000000	-0.000000000157
228.500000000000	-0.000000000095
229.000000000000	-0.000000000057
229.500000000000	-0.000000000056
230.000000000000	-0.000000000084
230.500000000000	-0.000000000155
231.000000000000	-0.000000000101
231.500000000000	-0.000000000081
232.000000000000	-0.000000000060
232.500000000000	-0.000000000048
233.000000000000	-0.000000000112
233.500000000000	-0.000000000109
234.000000000000	0.000000000043
234.500000000000	-0.000000000028
235.000000000000	0.000000000114
235.500000000000	-0.000000000083
236.000000000000	-0.000000000087
236.500000000000	-0.000000000040
237.000000000000	-0.000000000071
237.500000000000	0.000000000109
238.000000000000	-0.000000000082
238.500000000000	-0.000000000083
239.000000000000	-0.000000000038
239.500000000000	-0.000000000085
240.000000000000	-0.000000000004
240.500000000000	-0.000000000106
241.000000000000	-0.000000000095
241.500000000000	-0.000000000071
242.000000000000	-0.000000000113
242.500000000000	0.000000000087
243.000000000000	-0.000000000129
243.500000000000	-0.000000000069
244.000000000000	-0.000000000096
244.500000000000	-0.000000000086
245.000000000000	-0.000000000184
245.500000000000	-0.000000000142
246.000000000000	-0.000000000099
246.500000000000	-0.000000000068
247.000000000000	-0.000000000075
247.500000000000	-0.000000000174
248.000000000000	-0.000000000134
248.500000000000	-0.000000000106
249.000000000000	-0.000000000062
249.500000000000	-0.000000000081
250.000000000000	-0.000000000069
250.500000000000	-0.000000000142
251.000000000000	-0.000000000066
251.500000000000	-0.000000000043
252.000000000000	-0.000000000071
252.500000000000	-0.000000000053
253.000000000000	-0.000000000053
253.500000000000	-0.000000000064
254.000000000000	-0.000000000042
254.500000000000	-0.000000000060
255.000000000000	0.000000000177
255.500000000000	-0.000000000123
256.000000000000	-0.000000000079
256.500000000000	-0.000000000071
257.000000000000	-0.000000000102
257.500000000000	-0.000000000038
258.000000000000	-0.000000000143
258.500000000000	-0.000000000068
259.000000000000	-0.000000000126
259.500000000000	-0.000000000072
260.000000000000	-0.000000000130
260.500000000000	-0.000000000142
261.000000000000	-0.000000000084
261.500000000000	-0.000000000093
262.000000000000	-0.000000000071
262.500000000000	-0.000000000067
263.000000000000	-0.000000000126
263.500000000000	-0.000000000100
264.000000000000	-0.000000000106
264.500000000000	-0.000000000097
265.000000000000	-0.000000000032
265.500000000000	-0.000000000140
266.000000000000	-0.000000000124
266.500000000000	-0.000000000095
267.000000000000	-0.000000000013
267.500000000000	-0.000000000025
268.000000000000	-0.000000000115
268.500000000000	-0.000000000118
269.000000000000	-0.000000000059
269.500000000000	-0.000000000077
270.000000000000	-0.000000000095
270.500000000000	-0.000000000122
271.000000000000	-0.000000000061
271.500000000000	-0.000000000056
272.000000000000	-0.000000000082
272.500000000000	-0.000000000055
273.000000000000	-0.000000000087
273.500000000000	-0.000000000107
274.000000000000	-0.000000000065
274.500000000000	-0.000000000071
275.000000000000	-0.000000000035
275.500000000000	-0.000000000072
276.000000000000	-0.000000000074
276.500000000000	-0.000000000082
277.000000000000	-0.000000000059
277.500000000000	-0.000000000117
278.000000000000	-0.000000000101
278.500000000000	-0.000000000070
279.000000000000	-0.000000000063
279.500000000000	-0.000000000067
280.000000000000	0.000000000003
280.500000000000	-0.000000000086
281.000000000000	-0.000000000087
281.500000000000	-0.000000000059
282.000000000000	-0.000000000056
282.500000000000	-0.000000000188
283.000000000000	-0.000000000061
283.500000000000	-0.000000000048
284.000000000000	-0.000000000060
284.500000000000	-0.000000000081
285.000000000000	-0.000000000125
285.500000000000	-0.000000000076
286.000000000000	-0.000000000066
286.500000000000	-0.000000000120
287.000000000000	-0.000000000121
287.500000000000	-0.000000000242
288.000000000000	-0.000000000101
288.500000000000	-0.000000000024
289.000000000000	-0.000000000053
289.500000000000	-0.000000000076
290.000000000000	-0.000000000135
290.500000000000	-0.000000000232
291.000000000000	-0.000000000116
291.500000000000	0.000000000215
292.000000000000	0.000000000148
292.500000000000	-0.000000000645
293.000000000000	-0.000000000592
293.500000000000	-0.000000000211
294.000000000000	0.000000000038
294.500000000000	-0.000000000084
295.000000000000	-0.000000000088
295.500000000000	-0.000000000085
296.000000000000	-0.000000000098
296.500000000000	-0.000000000028
297.000000000000	-0.000000000040
297.500000000000	-0.000000000181
298.000000000000	-0.000000000057
298.500000000000	-0.000000000065
299.000000000000	-0.000000000007
299.500000000000	-0.000000000070
