t (s)	Ids (Amps)
0.000000000000	0.000000005738
0.500000000000	0.000000005666
1.000000000000	0.000000005598
1.500000000000	0.000000005654
2.000000000000	0.000000005702
2.500000000000	0.000000009034
3.000000000000	0.000000013584
3.500000000000	0.000000015545
4.000000000000	0.000000018905
4.500000000000	0.000000018313
5.000000000000	0.000000018970
5.500000000000	0.000000019922
6.000000000000	0.000000020188
6.500000000000	0.000000019871
7.000000000000	0.000000020239
7.500000000000	0.000000019804
8.000000000000	0.000000019916
8.500000000000	0.000000019718
9.000000000000	0.000000019600
9.500000000000	0.000000019544
10.000000000000	0.000000019324
10.500000000000	0.000000019260
11.000000000000	0.000000019132
11.500000000000	0.000000019095
12.000000000000	0.000000018974
12.500000000000	0.000000018995
13.000000000000	0.000000018850
13.500000000000	0.000000019321
14.000000000000	0.000000018668
14.500000000000	0.000000018624
15.000000000000	0.000000018729
15.500000000000	0.000000018736
16.000000000000	0.000000018818
16.500000000000	0.000000018546
17.000000000000	0.000000018559
17.500000000000	0.000000018617
18.000000000000	0.000000018520
18.500000000000	0.000000018504
19.000000000000	0.000000018499
19.500000000000	0.000000018477
20.000000000000	0.000000018461
20.500000000000	0.000000018439
21.000000000000	0.000000018455
21.500000000000	0.000000018412
22.000000000000	0.000000018408
22.500000000000	0.000000018374
23.000000000000	0.000000018357
23.500000000000	0.000000018351
24.000000000000	0.000000018327
24.500000000000	0.000000018299
25.000000000000	0.000000018281
25.500000000000	0.000000018261
26.000000000000	0.000000018267
26.500000000000	0.000000018269
27.000000000000	0.000000018231
27.500000000000	0.000000018246
28.000000000000	0.000000018190
28.500000000000	0.000000018182
29.000000000000	0.000000018158
29.500000000000	0.000000018139
30.000000000000	0.000000017276
30.500000000000	0.000000012991
31.000000000000	0.000000008569
31.500000000000	0.000000001447
32.000000000000	0.000000001774
32.500000000000	0.000000000884
33.000000000000	0.000000000120
33.500000000000	-0.000000000054
34.000000000000	-0.000000002749
34.500000000000	-0.000000000167
35.000000000000	-0.000000000113
35.500000000000	-0.000000000047
36.000000000000	-0.000000000001
36.500000000000	0.000000000047
37.000000000000	0.000000000094
37.500000000000	0.000000000136
38.000000000000	0.000000000173
38.500000000000	0.000000000209
39.000000000000	0.000000000251
39.500000000000	0.000000000256
40.000000000000	0.000000000275
40.500000000000	0.000000000507
41.000000000000	0.000000000347
41.500000000000	0.000000000250
42.000000000000	0.000000000314
42.500000000000	0.000000000546
43.000000000000	0.000000000367
43.500000000000	0.000000000356
44.000000000000	0.000000000375
44.500000000000	0.000000000434
45.000000000000	0.000000000426
45.500000000000	0.000000000465
46.000000000000	0.000000000465
46.500000000000	0.000000000479
47.000000000000	0.000000000481
47.500000000000	0.000000000491
48.000000000000	0.000000000506
48.500000000000	0.000000000503
49.000000000000	0.000000000523
49.500000000000	0.000000000526
50.000000000000	0.000000000528
50.500000000000	0.000000000530
51.000000000000	0.000000000765
51.500000000000	0.000000000525
52.000000000000	0.000000000561
52.500000000000	0.000000000561
53.000000000000	0.000000000553
53.500000000000	0.000000000572
54.000000000000	0.000000000571
54.500000000000	0.000000000568
55.000000000000	0.000000000573
55.500000000000	0.000000000576
56.000000000000	0.000000000591
56.500000000000	0.000000000601
57.000000000000	0.000000000588
57.500000000000	0.000000000606
58.000000000000	0.000000000590
58.500000000000	0.000000000602
59.000000000000	0.000000000632
59.500000000000	0.000000000655
60.000000000000	0.000000000613
60.500000000000	0.000000003401
61.000000000000	0.000000006960
61.500000000000	0.000000013646
62.000000000000	0.000000013505
62.500000000000	0.000000015221
63.000000000000	0.000000017330
63.500000000000	0.000000018264
64.000000000000	0.000000022128
64.500000000000	0.000000019741
65.000000000000	0.000000019846
65.500000000000	0.000000019465
66.000000000000	0.000000019321
66.500000000000	0.000000019199
67.000000000000	0.000000019066
67.500000000000	0.000000018946
68.000000000000	0.000000018881
68.500000000000	0.000000018838
69.000000000000	0.000000018804
69.500000000000	0.000000018725
70.000000000000	0.000000018670
70.500000000000	0.000000018654
71.000000000000	0.000000016909
71.500000000000	0.000000010200
72.000000000000	0.000000007667
72.500000000000	0.000000004218
73.000000000000	0.000000001456
73.500000000000	0.000000000630
74.000000000000	-0.000000002617
74.500000000000	-0.000000000081
75.000000000000	-0.000000000122
75.500000000000	-0.000000000164
76.000000000000	-0.000000000111
76.500000000000	-0.000000000170
77.000000000000	-0.000000000091
77.500000000000	-0.000000000038
78.000000000000	0.000000000224
78.500000000000	0.000000000321
79.000000000000	0.000000000040
79.500000000000	0.000000000115
80.000000000000	-0.000000000050
80.500000000000	-0.000000000248
81.000000000000	-0.000000000264
81.500000000000	-0.000000002976
82.000000000000	-0.000000000399
82.500000000000	-0.000000000434
83.000000000000	-0.000000000476
83.500000000000	-0.000000000418
84.000000000000	-0.000000000400
84.500000000000	-0.000000000399
85.000000000000	-0.000000000390
85.500000000000	-0.000000000393
86.000000000000	-0.000000000386
86.500000000000	-0.000000000383
87.000000000000	-0.000000000384
87.500000000000	-0.000000000379
88.000000000000	-0.000000000385
88.500000000000	-0.000000000307
89.000000000000	0.000000003201
89.500000000000	0.000000002507
90.000000000000	0.000000004695
90.500000000000	0.000000008021
91.000000000000	0.000000009995
91.500000000000	0.000000010927
92.000000000000	0.000000010495
92.500000000000	0.000000010325
93.000000000000	0.000000010549
93.500000000000	0.000000009834
94.000000000000	0.000000009855
94.500000000000	0.000000009791
95.000000000000	0.000000009677
95.500000000000	0.000000009604
96.000000000000	0.000000009491
96.500000000000	0.000000009447
97.000000000000	0.000000009405
97.500000000000	0.000000009350
98.000000000000	0.000000009289
98.500000000000	0.000000009238
99.000000000000	0.000000009203
99.500000000000	0.000000009100
100.000000000000	0.000000009115
100.500000000000	0.000000009111
101.000000000000	0.000000009067
101.500000000000	0.000000008996
102.000000000000	0.000000008961
102.500000000000	0.000000008952
103.000000000000	0.000000008909
103.500000000000	0.000000008869
104.000000000000	0.000000008859
104.500000000000	0.000000008864
105.000000000000	0.000000008855
105.500000000000	0.000000008816
106.000000000000	0.000000008778
106.500000000000	0.000000008770
107.000000000000	0.000000008742
107.500000000000	0.000000008724
108.000000000000	0.000000008736
108.500000000000	0.000000008706
109.000000000000	0.000000008668
109.500000000000	0.000000008630
110.000000000000	0.000000008623
110.500000000000	0.000000008676
111.000000000000	0.000000008726
111.500000000000	0.000000008648
112.000000000000	0.000000008608
112.500000000000	0.000000008678
113.000000000000	0.000000008623
113.500000000000	0.000000008710
114.000000000000	0.000000008649
114.500000000000	0.000000008594
115.000000000000	0.000000008582
115.500000000000	0.000000008625
116.000000000000	0.000000008560
116.500000000000	0.000000008533
117.000000000000	0.000000008567
117.500000000000	0.000000008535
118.000000000000	0.000000008501
118.500000000000	0.000000008463
119.000000000000	0.000000008518
119.500000000000	0.000000008457
120.000000000000	0.000000008450
120.500000000000	0.000000008460
121.000000000000	0.000000008420
121.500000000000	0.000000008407
122.000000000000	0.000000008421
122.500000000000	0.000000008409
123.000000000000	0.000000008446
123.500000000000	0.000000008415
124.000000000000	0.000000008385
124.500000000000	0.000000008379
125.000000000000	0.000000008403
125.500000000000	0.000000008380
126.000000000000	0.000000008352
126.500000000000	0.000000008332
127.000000000000	0.000000008337
127.500000000000	0.000000008276
128.000000000000	0.000000008265
128.500000000000	0.000000008266
129.000000000000	0.000000008288
129.500000000000	0.000000008269
130.000000000000	0.000000008265
130.500000000000	0.000000008249
131.000000000000	0.000000008246
131.500000000000	0.000000008207
132.000000000000	0.000000008210
132.500000000000	0.000000008184
133.000000000000	0.000000008208
133.500000000000	0.000000008221
134.000000000000	0.000000008194
134.500000000000	0.000000008218
135.000000000000	0.000000008190
135.500000000000	0.000000008168
136.000000000000	0.000000008184
136.500000000000	0.000000008220
137.000000000000	0.000000008180
137.500000000000	0.000000008159
138.000000000000	0.000000008131
138.500000000000	0.000000008146
139.000000000000	0.000000008131
139.500000000000	0.000000008141
140.000000000000	0.000000008123
140.500000000000	0.000000008078
141.000000000000	0.000000008068
141.500000000000	0.000000008092
142.000000000000	0.000000008068
142.500000000000	0.000000008079
143.000000000000	0.000000008054
143.500000000000	0.000000008070
144.000000000000	0.000000008068
144.500000000000	0.000000008061
145.000000000000	0.000000008067
145.500000000000	0.000000008051
146.000000000000	0.000000008045
146.500000000000	0.000000008044
147.000000000000	0.000000008060
147.500000000000	0.000000008025
148.000000000000	0.000000007994
148.500000000000	0.000000007994
149.000000000000	0.000000008002
149.500000000000	0.000000008030
150.000000000000	0.000000008001
150.500000000000	0.000000008069
151.000000000000	0.000000008041
151.500000000000	0.000000008050
152.000000000000	0.000000008012
152.500000000000	0.000000007970
153.000000000000	0.000000007990
153.500000000000	0.000000007985
154.000000000000	0.000000007990
154.500000000000	0.000000007953
155.000000000000	0.000000007962
155.500000000000	0.000000007992
156.000000000000	0.000000007978
156.500000000000	0.000000007982
157.000000000000	0.000000007951
157.500000000000	0.000000007921
158.000000000000	0.000000007938
158.500000000000	0.000000007961
159.000000000000	0.000000007902
159.500000000000	0.000000007912
160.000000000000	0.000000007911
160.500000000000	0.000000007899
161.000000000000	0.000000007915
161.500000000000	0.000000007858
162.000000000000	0.000000007894
162.500000000000	0.000000007868
163.000000000000	0.000000007874
163.500000000000	0.000000007852
164.000000000000	0.000000007841
164.500000000000	0.000000007850
165.000000000000	0.000000007842
165.500000000000	0.000000007873
166.000000000000	0.000000007862
166.500000000000	0.000000007886
167.000000000000	0.000000007864
167.500000000000	0.000000007877
168.000000000000	0.000000007904
168.500000000000	0.000000007912
169.000000000000	0.000000007866
169.500000000000	0.000000007852
170.000000000000	0.000000007877
170.500000000000	0.000000007881
171.000000000000	0.000000007856
171.500000000000	0.000000007862
172.000000000000	0.000000007853
172.500000000000	0.000000007858
173.000000000000	0.000000007852
173.500000000000	0.000000007816
174.000000000000	0.000000007840
174.500000000000	0.000000007768
175.000000000000	0.000000007806
175.500000000000	0.000000007803
176.000000000000	0.000000007814
176.500000000000	0.000000007822
177.000000000000	0.000000007812
177.500000000000	0.000000007803
178.000000000000	0.000000007778
178.500000000000	0.000000007819
179.000000000000	0.000000007808
179.500000000000	0.000000007745
180.000000000000	0.000000007729
180.500000000000	0.000000007767
181.000000000000	0.000000007746
181.500000000000	0.000000007733
182.000000000000	0.000000007722
182.500000000000	0.000000007739
183.000000000000	0.000000007760
183.500000000000	0.000000007734
184.000000000000	0.000000007722
184.500000000000	0.000000007713
185.000000000000	0.000000007737
185.500000000000	0.000000007730
186.000000000000	0.000000007730
186.500000000000	0.000000007742
187.000000000000	0.000000007712
187.500000000000	0.000000007680
188.000000000000	0.000000007692
188.500000000000	0.000000007718
189.000000000000	0.000000007735
189.500000000000	0.000000007750
190.000000000000	0.000000007735
190.500000000000	0.000000007674
191.000000000000	0.000000007662
191.500000000000	0.000000007700
192.000000000000	0.000000007695
192.500000000000	0.000000007662
193.000000000000	0.000000007700
193.500000000000	0.000000007711
194.000000000000	0.000000007736
194.500000000000	0.000000007677
195.000000000000	0.000000007689
195.500000000000	0.000000007689
196.000000000000	0.000000007681
196.500000000000	0.000000007663
197.000000000000	0.000000007690
197.500000000000	0.000000007667
198.000000000000	0.000000007669
198.500000000000	0.000000007674
199.000000000000	0.000000007694
199.500000000000	0.000000007676
200.000000000000	0.000000007697
200.500000000000	0.000000007722
201.000000000000	0.000000007686
201.500000000000	0.000000007662
202.000000000000	0.000000007671
202.500000000000	0.000000007691
203.000000000000	0.000000007675
203.500000000000	0.000000007669
204.000000000000	0.000000007647
204.500000000000	0.000000007653
205.000000000000	0.000000007605
205.500000000000	0.000000007629
206.000000000000	0.000000007672
206.500000000000	0.000000007642
207.000000000000	0.000000007644
207.500000000000	0.000000007668
208.000000000000	0.000000007629
208.500000000000	0.000000007602
209.000000000000	0.000000007581
209.500000000000	0.000000007647
210.000000000000	0.000000007607
210.500000000000	0.000000007637
211.000000000000	0.000000007580
211.500000000000	0.000000007620
212.000000000000	0.000000007613
212.500000000000	0.000000007623
213.000000000000	0.000000007600
213.500000000000	0.000000007638
214.000000000000	0.000000007616
214.500000000000	0.000000007630
215.000000000000	0.000000007656
215.500000000000	0.000000007646
216.000000000000	0.000000007663
216.500000000000	0.000000007599
217.000000000000	0.000000007630
217.500000000000	0.000000007668
218.000000000000	0.000000007672
218.500000000000	0.000000007657
219.000000000000	0.000000007640
219.500000000000	0.000000007660
220.000000000000	0.000000007614
220.500000000000	0.000000007578
221.000000000000	0.000000007610
221.500000000000	0.000000007601
222.000000000000	0.000000007571
222.500000000000	0.000000007598
223.000000000000	0.000000007626
223.500000000000	0.000000007602
224.000000000000	0.000000007626
224.500000000000	0.000000007577
225.000000000000	0.000000007575
225.500000000000	0.000000007536
226.000000000000	0.000000007575
226.500000000000	0.000000007593
227.000000000000	0.000000007611
227.500000000000	0.000000007608
228.000000000000	0.000000007578
228.500000000000	0.000000007583
229.000000000000	0.000000007600
229.500000000000	0.000000007583
230.000000000000	0.000000007587
230.500000000000	0.000000007532
231.000000000000	0.000000007589
231.500000000000	0.000000007591
232.000000000000	0.000000007558
232.500000000000	0.000000007591
233.000000000000	0.000000007585
233.500000000000	0.000000007588
234.000000000000	0.000000007602
234.500000000000	0.000000007556
235.000000000000	0.000000007559
235.500000000000	0.000000007580
236.000000000000	0.000000007545
236.500000000000	0.000000007563
237.000000000000	0.000000007523
237.500000000000	0.000000007539
238.000000000000	0.000000007539
238.500000000000	0.000000007542
239.000000000000	0.000000007552
239.500000000000	0.000000007599
