t (s)	Ids (Amps)
0.000000000000	0.000000007084
0.500000000000	0.000000007904
1.000000000000	0.000000003071
1.500000000000	0.000000000840
2.000000000000	0.000000000048
2.500000000000	-0.000000000114
3.000000000000	-0.000000000380
3.500000000000	-0.000000001311
4.000000000000	-0.000000000546
4.500000000000	-0.000000000501
5.000000000000	-0.000000000567
5.500000000000	-0.000000000547
6.000000000000	-0.000000000555
6.500000000000	-0.000000000587
7.000000000000	-0.000000000551
7.500000000000	-0.000000000550
8.000000000000	-0.000000000507
8.500000000000	-0.000000000687
9.000000000000	-0.000000000595
9.500000000000	-0.000000000498
10.000000000000	-0.000000000537
10.500000000000	-0.000000000548
11.000000000000	-0.000000000442
11.500000000000	-0.000000000508
12.000000000000	-0.000000000540
12.500000000000	-0.000000000537
13.000000000000	-0.000000000528
13.500000000000	-0.000000000526
14.000000000000	-0.000000000504
14.500000000000	-0.000000000492
15.000000000000	-0.000000000506
15.500000000000	-0.000000000506
16.000000000000	-0.000000000502
16.500000000000	-0.000000000506
17.000000000000	-0.000000000505
17.500000000000	-0.000000000498
18.000000000000	-0.000000000494
18.500000000000	-0.000000000494
19.000000000000	-0.000000000509
19.500000000000	-0.000000000482
20.000000000000	-0.000000000492
20.500000000000	-0.000000000492
21.000000000000	-0.000000000494
21.500000000000	-0.000000000494
22.000000000000	-0.000000000489
22.500000000000	-0.000000000489
23.000000000000	-0.000000000474
23.500000000000	-0.000000000481
24.000000000000	-0.000000000476
24.500000000000	-0.000000000490
25.000000000000	-0.000000000491
25.500000000000	-0.000000000475
26.000000000000	-0.000000000490
26.500000000000	-0.000000000468
27.000000000000	-0.000000000477
27.500000000000	-0.000000000483
28.000000000000	-0.000000000519
28.500000000000	-0.000000000487
29.000000000000	-0.000000000500
29.500000000000	-0.000000000486
30.000000000000	-0.000000000397
30.500000000000	0.000000000346
31.000000000000	0.000000004578
31.500000000000	0.000000004987
32.000000000000	0.000000007092
32.500000000000	0.000000009856
33.000000000000	0.000000011411
33.500000000000	0.000000015282
34.000000000000	0.000000014495
34.500000000000	0.000000014810
35.000000000000	0.000000014404
35.500000000000	0.000000014128
36.000000000000	0.000000013914
36.500000000000	0.000000013756
37.000000000000	0.000000013545
37.500000000000	0.000000013388
38.000000000000	0.000000013244
38.500000000000	0.000000013166
39.000000000000	0.000000013036
39.500000000000	0.000000012875
40.000000000000	0.000000012792
40.500000000000	0.000000012735
41.000000000000	0.000000012729
41.500000000000	0.000000012661
42.000000000000	0.000000012557
42.500000000000	0.000000012463
43.000000000000	0.000000012391
43.500000000000	0.000000012302
44.000000000000	0.000000012242
44.500000000000	0.000000012205
45.000000000000	0.000000012162
45.500000000000	0.000000012084
46.000000000000	0.000000012044
46.500000000000	0.000000012025
47.000000000000	0.000000012011
47.500000000000	0.000000011958
48.000000000000	0.000000011896
48.500000000000	0.000000011867
49.000000000000	0.000000011849
49.500000000000	0.000000011814
50.000000000000	0.000000011786
50.500000000000	0.000000011717
51.000000000000	0.000000011669
51.500000000000	0.000000011705
52.000000000000	0.000000011662
52.500000000000	0.000000011653
53.000000000000	0.000000011589
53.500000000000	0.000000011593
54.000000000000	0.000000011545
54.500000000000	0.000000011531
55.000000000000	0.000000011510
55.500000000000	0.000000011533
56.000000000000	0.000000011450
56.500000000000	0.000000011536
57.000000000000	0.000000011312
57.500000000000	0.000000011386
58.000000000000	0.000000011369
58.500000000000	0.000000011310
59.000000000000	0.000000011418
59.500000000000	0.000000011302
60.000000000000	0.000000021256
60.500000000000	0.000000002516
61.000000000000	0.000000003297
61.500000000000	0.000000003144
62.000000000000	0.000000001816
62.500000000000	0.000000011669
63.000000000000	0.000000008915
63.500000000000	0.000000008832
64.000000000000	0.000000008535
64.500000000000	0.000000011460
65.000000000000	0.000000015141
65.500000000000	0.000000016999
66.000000000000	0.000000021211
66.500000000000	0.000000019161
67.000000000000	0.000000019443
67.500000000000	0.000000019764
68.000000000000	0.000000020142
68.500000000000	0.000000020399
69.000000000000	0.000000020552
69.500000000000	0.000000020148
70.000000000000	0.000000019790
70.500000000000	0.000000019563
71.000000000000	0.000000019459
71.500000000000	0.000000019237
72.000000000000	0.000000019246
72.500000000000	0.000000019139
73.000000000000	0.000000019114
73.500000000000	0.000000018990
74.000000000000	0.000000018964
74.500000000000	0.000000018935
75.000000000000	0.000000018838
75.500000000000	0.000000018779
76.000000000000	0.000000018767
76.500000000000	0.000000018657
77.000000000000	0.000000018679
77.500000000000	0.000000018614
78.000000000000	0.000000016123
78.500000000000	0.000000009035
79.000000000000	0.000000007188
79.500000000000	0.000000004020
80.000000000000	0.000000001608
80.500000000000	0.000000000911
81.000000000000	-0.000000002499
81.500000000000	-0.000000000104
82.000000000000	-0.000000000130
82.500000000000	-0.000000000194
83.000000000000	-0.000000000081
83.500000000000	0.000000003718
84.000000000000	-0.000000000439
84.500000000000	0.000000000237
85.000000000000	0.000000000369
85.500000000000	0.000000000330
86.000000000000	0.000000000326
86.500000000000	0.000000000508
87.000000000000	0.000000000087
87.500000000000	-0.000000000254
88.000000000000	-0.000000000287
88.500000000000	-0.000000003036
89.000000000000	-0.000000000445
89.500000000000	-0.000000000491
90.000000000000	-0.000000000477
90.500000000000	-0.000000000476
91.000000000000	-0.000000000523
91.500000000000	-0.000000000453
92.000000000000	-0.000000000439
92.500000000000	-0.000000000466
93.000000000000	-0.000000000449
93.500000000000	-0.000000000425
94.000000000000	-0.000000000443
94.500000000000	-0.000000000437
95.000000000000	-0.000000000422
95.500000000000	-0.000000000414
96.000000000000	0.000000002452
96.500000000000	0.000000000920
97.000000000000	0.000000002878
97.500000000000	0.000000006191
98.000000000000	0.000000008445
98.500000000000	0.000000013767
99.000000000000	0.000000011249
99.500000000000	0.000000011038
100.000000000000	0.000000010973
100.500000000000	0.000000010690
101.000000000000	0.000000010520
101.500000000000	0.000000010574
102.000000000000	0.000000010176
102.500000000000	0.000000010094
103.000000000000	0.000000010088
103.500000000000	0.000000010026
104.000000000000	0.000000009984
104.500000000000	0.000000009893
105.000000000000	0.000000009890
105.500000000000	0.000000009867
106.000000000000	0.000000009754
106.500000000000	0.000000009770
107.000000000000	0.000000009666
107.500000000000	0.000000009666
108.000000000000	0.000000009587
108.500000000000	0.000000009601
109.000000000000	0.000000009511
109.500000000000	0.000000009513
110.000000000000	0.000000009475
110.500000000000	0.000000009446
111.000000000000	0.000000009419
111.500000000000	0.000000009395
112.000000000000	0.000000009313
112.500000000000	0.000000009283
113.000000000000	0.000000009287
113.500000000000	0.000000009301
114.000000000000	0.000000009350
114.500000000000	0.000000009281
115.000000000000	0.000000009250
115.500000000000	0.000000009264
116.000000000000	0.000000009268
116.500000000000	0.000000009326
117.000000000000	0.000000009188
117.500000000000	0.000000009198
118.000000000000	0.000000009391
118.500000000000	0.000000009209
119.000000000000	0.000000009170
119.500000000000	0.000000009140
120.000000000000	0.000000009163
120.500000000000	0.000000009098
121.000000000000	0.000000009108
121.500000000000	0.000000009104
122.000000000000	0.000000009089
122.500000000000	0.000000009077
123.000000000000	0.000000009152
123.500000000000	0.000000009059
124.000000000000	0.000000008959
124.500000000000	0.000000009038
125.000000000000	0.000000008977
125.500000000000	0.000000009005
126.000000000000	0.000000008955
126.500000000000	0.000000008814
127.000000000000	0.000000008979
127.500000000000	0.000000008919
128.000000000000	0.000000008903
128.500000000000	0.000000008904
129.000000000000	0.000000008907
129.500000000000	0.000000008848
130.000000000000	0.000000008879
130.500000000000	0.000000008894
131.000000000000	0.000000008857
131.500000000000	0.000000008836
132.000000000000	0.000000008910
132.500000000000	0.000000008823
133.000000000000	0.000000008876
133.500000000000	0.000000008855
134.000000000000	0.000000008855
134.500000000000	0.000000008752
135.000000000000	0.000000008786
135.500000000000	0.000000008872
136.000000000000	0.000000008813
136.500000000000	0.000000008779
137.000000000000	0.000000008762
137.500000000000	0.000000008832
138.000000000000	0.000000008795
138.500000000000	0.000000008767
139.000000000000	0.000000008777
139.500000000000	0.000000008781
140.000000000000	0.000000008723
140.500000000000	0.000000008724
141.000000000000	0.000000008756
141.500000000000	0.000000008684
142.000000000000	0.000000008722
142.500000000000	0.000000008717
143.000000000000	0.000000008742
143.500000000000	0.000000008675
144.000000000000	0.000000008662
144.500000000000	0.000000008649
145.000000000000	0.000000008549
145.500000000000	0.000000008588
146.000000000000	0.000000008673
146.500000000000	0.000000008599
147.000000000000	0.000000008666
147.500000000000	0.000000008600
148.000000000000	0.000000008624
148.500000000000	0.000000008575
149.000000000000	0.000000008594
149.500000000000	0.000000008598
150.000000000000	0.000000008534
150.500000000000	0.000000008551
151.000000000000	0.000000008530
151.500000000000	0.000000008565
152.000000000000	0.000000008524
152.500000000000	0.000000008563
153.000000000000	0.000000008524
153.500000000000	0.000000008553
154.000000000000	0.000000008552
154.500000000000	0.000000008538
155.000000000000	0.000000008536
155.500000000000	0.000000008525
156.000000000000	0.000000008511
156.500000000000	0.000000008530
157.000000000000	0.000000008516
157.500000000000	0.000000008509
158.000000000000	0.000000008485
158.500000000000	0.000000008475
159.000000000000	0.000000008499
159.500000000000	0.000000008467
160.000000000000	0.000000008479
160.500000000000	0.000000008478
161.000000000000	0.000000008457
161.500000000000	0.000000008453
162.000000000000	0.000000008482
162.500000000000	0.000000008466
163.000000000000	0.000000008462
163.500000000000	0.000000008479
164.000000000000	0.000000008439
164.500000000000	0.000000008451
165.000000000000	0.000000008434
165.500000000000	0.000000008433
166.000000000000	0.000000008407
166.500000000000	0.000000008450
167.000000000000	0.000000008426
167.500000000000	0.000000008460
168.000000000000	0.000000008462
168.500000000000	0.000000008431
169.000000000000	0.000000008430
169.500000000000	0.000000008442
170.000000000000	0.000000008445
170.500000000000	0.000000008397
171.000000000000	0.000000008406
171.500000000000	0.000000008413
172.000000000000	0.000000008371
172.500000000000	0.000000008414
173.000000000000	0.000000008396
173.500000000000	0.000000008389
174.000000000000	0.000000008376
174.500000000000	0.000000008409
175.000000000000	0.000000008404
175.500000000000	0.000000008389
176.000000000000	0.000000008363
176.500000000000	0.000000008370
177.000000000000	0.000000008384
177.500000000000	0.000000008368
178.000000000000	0.000000008324
178.500000000000	0.000000008323
179.000000000000	0.000000008318
179.500000000000	0.000000008310
180.000000000000	0.000000008315
180.500000000000	0.000000008289
181.000000000000	0.000000008240
181.500000000000	0.000000008301
182.000000000000	0.000000008286
182.500000000000	0.000000008230
183.000000000000	0.000000008305
183.500000000000	0.000000008281
184.000000000000	0.000000008237
184.500000000000	0.000000008257
185.000000000000	0.000000008288
185.500000000000	0.000000008250
186.000000000000	0.000000008247
186.500000000000	0.000000008248
187.000000000000	0.000000008281
187.500000000000	0.000000008238
188.000000000000	0.000000008211
188.500000000000	0.000000008259
189.000000000000	0.000000008264
189.500000000000	0.000000008263
190.000000000000	0.000000008225
190.500000000000	0.000000008232
191.000000000000	0.000000008212
191.500000000000	0.000000008209
192.000000000000	0.000000008216
192.500000000000	0.000000008241
193.000000000000	0.000000008228
193.500000000000	0.000000008208
194.000000000000	0.000000008211
194.500000000000	0.000000008245
195.000000000000	0.000000008268
195.500000000000	0.000000008257
196.000000000000	0.000000008257
196.500000000000	0.000000008201
197.000000000000	0.000000008235
197.500000000000	0.000000008254
198.000000000000	0.000000008230
198.500000000000	0.000000008224
199.000000000000	0.000000008231
199.500000000000	0.000000008158
200.000000000000	0.000000008211
200.500000000000	0.000000008307
201.000000000000	0.000000008219
201.500000000000	0.000000008236
202.000000000000	0.000000008229
202.500000000000	0.000000008208
203.000000000000	0.000000008202
203.500000000000	0.000000008189
204.000000000000	0.000000008378
204.500000000000	0.000000008123
205.000000000000	0.000000008228
205.500000000000	0.000000008158
206.000000000000	0.000000008190
206.500000000000	0.000000008252
207.000000000000	0.000000008299
207.500000000000	0.000000008173
208.000000000000	0.000000008158
208.500000000000	0.000000008071
209.000000000000	0.000000008083
209.500000000000	0.000000008144
210.000000000000	0.000000008175
210.500000000000	0.000000008166
211.000000000000	0.000000008118
211.500000000000	0.000000008176
212.000000000000	0.000000008171
212.500000000000	0.000000008160
213.000000000000	0.000000008146
213.500000000000	0.000000008178
214.000000000000	0.000000008314
214.500000000000	0.000000008113
215.000000000000	0.000000008117
215.500000000000	0.000000008135
216.000000000000	0.000000008205
216.500000000000	0.000000008181
217.000000000000	0.000000008104
217.500000000000	0.000000008111
218.000000000000	0.000000008126
218.500000000000	0.000000008137
219.000000000000	0.000000008091
219.500000000000	0.000000008105
220.000000000000	0.000000008096
220.500000000000	0.000000008088
221.000000000000	0.000000008129
221.500000000000	0.000000008083
222.000000000000	0.000000008092
222.500000000000	0.000000008091
223.000000000000	0.000000008073
223.500000000000	0.000000008096
224.000000000000	0.000000008114
224.500000000000	0.000000008116
225.000000000000	0.000000008103
225.500000000000	0.000000008096
226.000000000000	0.000000008120
226.500000000000	0.000000008060
227.000000000000	0.000000008095
227.500000000000	0.000000008088
228.000000000000	0.000000008114
228.500000000000	0.000000008074
229.000000000000	0.000000008048
229.500000000000	0.000000008014
230.000000000000	0.000000008071
230.500000000000	0.000000008042
231.000000000000	0.000000008020
231.500000000000	0.000000008044
232.000000000000	0.000000008050
232.500000000000	0.000000008082
233.000000000000	0.000000008059
233.500000000000	0.000000008056
234.000000000000	0.000000008048
234.500000000000	0.000000008057
235.000000000000	0.000000007994
235.500000000000	0.000000008015
236.000000000000	0.000000008037
236.500000000000	0.000000008007
237.000000000000	0.000000008004
237.500000000000	0.000000008030
238.000000000000	0.000000007992
238.500000000000	0.000000007976
239.000000000000	0.000000007969
239.500000000000	0.000000008021
