t (s)	Ids (Amps)
0.000000000000	0.000000013963
0.500000000000	0.000000013960
1.000000000000	0.000000013998
1.500000000000	0.000000013956
2.000000000000	0.000000013967
2.500000000000	0.000000013963
3.000000000000	0.000000013994
3.500000000000	0.000000014010
4.000000000000	0.000000013991
4.500000000000	0.000000013994
5.000000000000	0.000000013999
5.500000000000	0.000000013989
6.000000000000	0.000000013955
6.500000000000	0.000000014013
7.000000000000	0.000000013966
7.500000000000	0.000000013969
8.000000000000	0.000000013971
8.500000000000	0.000000013963
9.000000000000	0.000000013973
9.500000000000	0.000000013968
10.000000000000	0.000000013970
10.500000000000	0.000000013987
11.000000000000	0.000000013960
11.500000000000	0.000000013963
12.000000000000	0.000000013994
12.500000000000	0.000000013980
13.000000000000	0.000000013986
13.500000000000	0.000000013964
14.000000000000	0.000000013975
14.500000000000	0.000000013978
15.000000000000	0.000000013995
15.500000000000	0.000000013974
16.000000000000	0.000000014008
16.500000000000	0.000000014007
17.000000000000	0.000000013999
17.500000000000	0.000000014023
18.000000000000	0.000000013999
18.500000000000	0.000000013995
19.000000000000	0.000000013982
19.500000000000	0.000000013993
20.000000000000	0.000000014008
20.500000000000	0.000000014000
21.000000000000	0.000000014006
21.500000000000	0.000000014012
22.000000000000	0.000000014007
22.500000000000	0.000000014000
23.000000000000	0.000000013988
23.500000000000	0.000000014016
24.000000000000	0.000000014008
24.500000000000	0.000000013997
25.000000000000	0.000000014019
25.500000000000	0.000000013990
26.000000000000	0.000000014045
26.500000000000	0.000000014157
27.000000000000	0.000000014090
27.500000000000	0.000000014041
28.000000000000	0.000000014041
28.500000000000	0.000000013998
29.000000000000	0.000000014036
29.500000000000	0.000000014006
30.000000000000	0.000000014020
30.500000000000	0.000000014013
31.000000000000	0.000000014005
31.500000000000	0.000000013993
32.000000000000	0.000000014006
32.500000000000	0.000000013991
33.000000000000	0.000000014012
33.500000000000	0.000000014026
34.000000000000	0.000000014026
34.500000000000	0.000000014025
35.000000000000	0.000000014019
35.500000000000	0.000000014010
36.000000000000	0.000000014001
36.500000000000	0.000000014057
37.000000000000	0.000000014047
37.500000000000	0.000000014045
38.000000000000	0.000000014044
38.500000000000	0.000000014055
39.000000000000	0.000000014043
39.500000000000	0.000000014053
40.000000000000	0.000000014054
40.500000000000	0.000000014068
41.000000000000	0.000000014064
41.500000000000	0.000000014076
42.000000000000	0.000000014094
42.500000000000	0.000000014070
43.000000000000	0.000000014086
43.500000000000	0.000000014100
44.000000000000	0.000000014094
44.500000000000	0.000000014079
45.000000000000	0.000000014062
45.500000000000	0.000000014066
46.000000000000	0.000000014096
46.500000000000	0.000000014065
47.000000000000	0.000000014131
47.500000000000	0.000000014122
48.000000000000	0.000000014119
48.500000000000	0.000000014072
49.000000000000	0.000000014070
49.500000000000	0.000000014065
50.000000000000	0.000000014073
50.500000000000	0.000000014088
51.000000000000	0.000000014081
51.500000000000	0.000000014076
52.000000000000	0.000000014061
52.500000000000	0.000000014065
53.000000000000	0.000000005705
53.500000000000	0.000000002559
54.000000000000	-0.000000000108
54.500000000000	0.000000000479
55.000000000000	0.000000000266
55.500000000000	0.000000000038
56.000000000000	-0.000000000028
56.500000000000	-0.000000001411
57.000000000000	-0.000000000130
57.500000000000	-0.000000000113
58.000000000000	-0.000000000075
58.500000000000	-0.000000000113
59.000000000000	-0.000000000064
59.500000000000	-0.000000000025
60.000000000000	-0.000000000004
60.500000000000	0.000000000022
61.000000000000	0.000000000054
61.500000000000	0.000000000071
62.000000000000	0.000000000121
62.500000000000	0.000000000098
63.000000000000	0.000000000141
63.500000000000	0.000000000137
64.000000000000	0.000000000146
64.500000000000	0.000000000162
65.000000000000	0.000000000187
65.500000000000	0.000000000165
66.000000000000	0.000000000201
66.500000000000	0.000000000209
67.000000000000	0.000000000190
67.500000000000	0.000000000240
68.000000000000	0.000000000235
68.500000000000	0.000000000241
69.000000000000	0.000000000246
69.500000000000	0.000000000283
70.000000000000	0.000000000252
70.500000000000	0.000000000266
71.000000000000	0.000000000289
71.500000000000	0.000000000271
72.000000000000	0.000000000270
72.500000000000	0.000000000263
73.000000000000	0.000000000274
73.500000000000	0.000000000248
74.000000000000	0.000000000279
74.500000000000	0.000000000269
75.000000000000	0.000000000281
75.500000000000	0.000000000284
76.000000000000	0.000000000273
76.500000000000	0.000000000273
77.000000000000	0.000000000269
77.500000000000	0.000000000267
78.000000000000	0.000000000276
78.500000000000	0.000000000267
79.000000000000	0.000000000262
79.500000000000	0.000000000299
80.000000000000	0.000000000264
80.500000000000	0.000000000233
81.000000000000	0.000000000264
81.500000000000	0.000000000266
82.000000000000	0.000000000269
82.500000000000	0.000000000259
83.000000000000	0.000000000262
83.500000000000	0.000000000257
84.000000000000	0.000000000253
84.500000000000	0.000000000263
85.000000000000	0.000000000259
85.500000000000	0.000000000254
86.000000000000	0.000000002359
86.500000000000	0.000000006647
87.000000000000	0.000000013045
87.500000000000	0.000000017150
88.000000000000	0.000000022558
88.500000000000	0.000000025285
89.000000000000	0.000000027906
89.500000000000	0.000000031186
90.000000000000	0.000000032874
90.500000000000	0.000000031604
91.000000000000	0.000000030849
91.500000000000	0.000000030292
92.000000000000	0.000000029691
92.500000000000	0.000000029154
93.000000000000	0.000000028724
93.500000000000	0.000000028247
94.000000000000	0.000000027793
94.500000000000	0.000000027395
95.000000000000	0.000000027009
95.500000000000	0.000000026641
96.000000000000	0.000000026352
96.500000000000	0.000000026065
97.000000000000	0.000000025761
97.500000000000	0.000000025506
98.000000000000	0.000000023868
98.500000000000	0.000000025958
99.000000000000	0.000000027426
99.500000000000	0.000000028750
100.000000000000	0.000000029031
100.500000000000	0.000000027099
101.000000000000	0.000000025696
101.500000000000	0.000000024678
102.000000000000	0.000000024383
102.500000000000	0.000000030259
103.000000000000	0.000000025729
103.500000000000	0.000000022463
104.000000000000	0.000000022513
104.500000000000	0.000000022577
105.000000000000	0.000000022557
105.500000000000	0.000000022602
106.000000000000	0.000000022616
106.500000000000	0.000000022685
107.000000000000	0.000000022620
107.500000000000	0.000000022640
108.000000000000	0.000000022632
108.500000000000	0.000000022685
109.000000000000	0.000000022673
109.500000000000	0.000000022702
110.000000000000	0.000000022650
110.500000000000	0.000000022654
111.000000000000	0.000000022668
111.500000000000	0.000000022711
112.000000000000	0.000000023236
112.500000000000	0.000000022671
113.000000000000	0.000000022671
113.500000000000	0.000000022690
114.000000000000	0.000000022673
114.500000000000	0.000000022667
115.000000000000	0.000000022658
115.500000000000	0.000000022677
116.000000000000	0.000000022683
116.500000000000	0.000000025667
117.000000000000	0.000000033148
117.500000000000	0.000000033575
118.000000000000	0.000000033050
118.500000000000	0.000000032661
119.000000000000	0.000000032345
119.500000000000	0.000000032070
120.000000000000	0.000000031846
120.500000000000	0.000000031628
121.000000000000	0.000000031426
121.500000000000	0.000000031239
122.000000000000	0.000000031141
122.500000000000	0.000000023135
123.000000000000	0.000000014931
123.500000000000	0.000000015896
124.000000000000	0.000000016546
124.500000000000	0.000000017016
125.000000000000	0.000000017466
125.500000000000	0.000000017930
126.000000000000	0.000000018065
126.500000000000	0.000000018314
127.000000000000	0.000000018525
127.500000000000	0.000000018806
128.000000000000	0.000000018902
128.500000000000	0.000000019065
129.000000000000	0.000000019213
129.500000000000	0.000000019329
130.000000000000	0.000000019419
130.500000000000	0.000000019532
131.000000000000	0.000000019590
131.500000000000	0.000000019647
132.000000000000	0.000000019740
132.500000000000	0.000000019816
133.000000000000	0.000000019838
133.500000000000	0.000000019940
134.000000000000	0.000000019974
134.500000000000	0.000000020031
135.000000000000	0.000000020070
135.500000000000	0.000000020122
136.000000000000	0.000000020126
136.500000000000	0.000000020148
137.000000000000	0.000000020203
137.500000000000	0.000000020248
138.000000000000	0.000000020271
138.500000000000	0.000000020293
139.000000000000	0.000000020348
139.500000000000	0.000000020340
140.000000000000	0.000000020387
140.500000000000	0.000000020414
141.000000000000	0.000000020418
141.500000000000	0.000000020431
142.000000000000	0.000000020453
142.500000000000	0.000000020468
143.000000000000	0.000000020473
143.500000000000	0.000000020486
144.000000000000	0.000000020514
144.500000000000	0.000000020530
145.000000000000	0.000000020499
145.500000000000	0.000000020527
146.000000000000	0.000000020539
146.500000000000	0.000000020549
147.000000000000	0.000000020544
147.500000000000	0.000000020562
148.000000000000	0.000000020562
148.500000000000	0.000000020575
149.000000000000	0.000000020585
149.500000000000	0.000000020626
150.000000000000	0.000000020633
150.500000000000	0.000000020623
151.000000000000	0.000000020663
151.500000000000	0.000000020671
152.000000000000	0.000000020691
152.500000000000	0.000000020714
153.000000000000	0.000000020702
153.500000000000	0.000000020745
154.000000000000	0.000000020778
154.500000000000	0.000000020790
155.000000000000	0.000000020748
155.500000000000	0.000000020794
156.000000000000	0.000000020783
156.500000000000	0.000000020791
157.000000000000	0.000000020820
157.500000000000	0.000000020804
158.000000000000	0.000000020835
158.500000000000	0.000000020846
159.000000000000	0.000000020845
159.500000000000	0.000000020853
160.000000000000	0.000000020844
160.500000000000	0.000000020823
161.000000000000	0.000000020859
161.500000000000	0.000000020855
162.000000000000	0.000000020849
162.500000000000	0.000000020869
163.000000000000	0.000000020906
163.500000000000	0.000000020916
164.000000000000	0.000000020927
164.500000000000	0.000000020942
165.000000000000	0.000000020931
165.500000000000	0.000000020920
166.000000000000	0.000000020939
166.500000000000	0.000000020919
167.000000000000	0.000000020948
167.500000000000	0.000000021006
168.000000000000	0.000000020969
168.500000000000	0.000000021073
169.000000000000	0.000000021051
169.500000000000	0.000000021060
170.000000000000	0.000000021000
170.500000000000	0.000000021026
171.000000000000	0.000000021005
171.500000000000	0.000000021007
172.000000000000	0.000000020994
172.500000000000	0.000000020993
173.000000000000	0.000000021006
173.500000000000	0.000000021035
174.000000000000	0.000000021159
174.500000000000	0.000000021099
175.000000000000	0.000000021047
175.500000000000	0.000000021049
176.000000000000	0.000000021052
176.500000000000	0.000000021056
177.000000000000	0.000000021072
177.500000000000	0.000000021036
178.000000000000	0.000000021043
178.500000000000	0.000000021031
179.000000000000	0.000000021026
179.500000000000	0.000000021068
