t (s)	Ids (Amps)
0.000000000000	0.000000009590
0.500000000000	0.000000009613
1.000000000000	0.000000009585
1.500000000000	0.000000009477
2.000000000000	0.000000009497
2.500000000000	0.000000009996
3.000000000000	0.000000009753
3.500000000000	0.000000013250
4.000000000000	0.000000015605
4.500000000000	0.000000017457
5.000000000000	0.000000019376
5.500000000000	0.000000019653
6.000000000000	0.000000020491
6.500000000000	0.000000020925
7.000000000000	0.000000021526
7.500000000000	0.000000021737
8.000000000000	0.000000022373
8.500000000000	0.000000022187
9.000000000000	0.000000021685
9.500000000000	0.000000021920
10.000000000000	0.000000021725
10.500000000000	0.000000021621
11.000000000000	0.000000021321
11.500000000000	0.000000021035
12.000000000000	0.000000021038
12.500000000000	0.000000020912
13.000000000000	0.000000020879
13.500000000000	0.000000020694
14.000000000000	0.000000020547
14.500000000000	0.000000020481
15.000000000000	0.000000020489
15.500000000000	0.000000020385
16.000000000000	0.000000020369
16.500000000000	0.000000020191
17.000000000000	0.000000020225
17.500000000000	0.000000020226
18.000000000000	0.000000020150
18.500000000000	0.000000020151
19.000000000000	0.000000020045
19.500000000000	0.000000020103
20.000000000000	0.000000020060
20.500000000000	0.000000020136
21.000000000000	0.000000020083
21.500000000000	0.000000020019
22.000000000000	0.000000020040
22.500000000000	0.000000020016
23.000000000000	0.000000019981
23.500000000000	0.000000020032
24.000000000000	0.000000019981
24.500000000000	0.000000020005
25.000000000000	0.000000020001
25.500000000000	0.000000019917
26.000000000000	0.000000020093
26.500000000000	0.000000019995
27.000000000000	0.000000020061
27.500000000000	0.000000020056
28.000000000000	0.000000020069
28.500000000000	0.000000020003
29.000000000000	0.000000020039
29.500000000000	0.000000020073
30.000000000000	0.000000020135
30.500000000000	0.000000020199
31.000000000000	0.000000020158
31.500000000000	0.000000020162
32.000000000000	0.000000019982
32.500000000000	0.000000019857
33.000000000000	0.000000019920
33.500000000000	0.000000020218
34.000000000000	0.000000019993
34.500000000000	0.000000020064
35.000000000000	0.000000019924
35.500000000000	0.000000019972
36.000000000000	0.000000020007
36.500000000000	0.000000020005
37.000000000000	0.000000020094
37.500000000000	0.000000019992
38.000000000000	0.000000020024
38.500000000000	0.000000020053
39.000000000000	0.000000020013
39.500000000000	0.000000020037
40.000000000000	0.000000020035
40.500000000000	0.000000020045
41.000000000000	0.000000020015
41.500000000000	0.000000020056
42.000000000000	0.000000020020
42.500000000000	0.000000019988
43.000000000000	0.000000019968
43.500000000000	0.000000020031
44.000000000000	0.000000020066
44.500000000000	0.000000019955
45.000000000000	0.000000020043
45.500000000000	0.000000020070
46.000000000000	0.000000020097
46.500000000000	0.000000020261
47.000000000000	0.000000020071
47.500000000000	0.000000020031
48.000000000000	0.000000020155
48.500000000000	0.000000020156
49.000000000000	0.000000020191
49.500000000000	0.000000020138
50.000000000000	0.000000020097
50.500000000000	0.000000020045
51.000000000000	0.000000020065
51.500000000000	0.000000020179
52.000000000000	0.000000020020
52.500000000000	0.000000020065
53.000000000000	0.000000020044
53.500000000000	0.000000020026
54.000000000000	0.000000020079
54.500000000000	0.000000020074
55.000000000000	0.000000019978
55.500000000000	0.000000019907
56.000000000000	0.000000019999
56.500000000000	0.000000020047
57.000000000000	0.000000020037
57.500000000000	0.000000019987
58.000000000000	0.000000020006
58.500000000000	0.000000019988
59.000000000000	0.000000020096
59.500000000000	0.000000020072
60.000000000000	0.000000020046
60.500000000000	0.000000020118
61.000000000000	0.000000020106
61.500000000000	0.000000020199
62.000000000000	0.000000020219
62.500000000000	0.000000020171
63.000000000000	0.000000020140
63.500000000000	0.000000020147
64.000000000000	0.000000020248
64.500000000000	0.000000020198
65.000000000000	0.000000020169
65.500000000000	0.000000020162
66.000000000000	0.000000020151
66.500000000000	0.000000020244
67.000000000000	0.000000020210
67.500000000000	0.000000020120
68.000000000000	0.000000020057
68.500000000000	0.000000020114
69.000000000000	0.000000020162
69.500000000000	0.000000020201
70.000000000000	0.000000020144
70.500000000000	0.000000020117
71.000000000000	0.000000020094
71.500000000000	0.000000020109
72.000000000000	0.000000020123
72.500000000000	0.000000020164
73.000000000000	0.000000020155
73.500000000000	0.000000020178
74.000000000000	0.000000020164
74.500000000000	0.000000020243
75.000000000000	0.000000020233
75.500000000000	0.000000020176
76.000000000000	0.000000020180
76.500000000000	0.000000020286
77.000000000000	0.000000020296
77.500000000000	0.000000020229
78.000000000000	0.000000020143
78.500000000000	0.000000020203
79.000000000000	0.000000020284
79.500000000000	0.000000020303
80.000000000000	0.000000020215
80.500000000000	0.000000020187
81.000000000000	0.000000020217
81.500000000000	0.000000020287
82.000000000000	0.000000020221
82.500000000000	0.000000020207
83.000000000000	0.000000020216
83.500000000000	0.000000020248
84.000000000000	0.000000020365
84.500000000000	0.000000020387
85.000000000000	0.000000020345
85.500000000000	0.000000020409
86.000000000000	0.000000020374
86.500000000000	0.000000020483
87.000000000000	0.000000020458
87.500000000000	0.000000020450
88.000000000000	0.000000020422
88.500000000000	0.000000020436
89.000000000000	0.000000020519
89.500000000000	0.000000020483
90.000000000000	0.000000020417
90.500000000000	0.000000020461
91.000000000000	0.000000020479
91.500000000000	0.000000020565
92.000000000000	0.000000020573
92.500000000000	0.000000020508
93.000000000000	0.000000020483
93.500000000000	0.000000020497
94.000000000000	0.000000020550
94.500000000000	0.000000020491
95.000000000000	0.000000020476
95.500000000000	0.000000020508
96.000000000000	0.000000020478
96.500000000000	0.000000020524
97.000000000000	0.000000020592
97.500000000000	0.000000020529
98.000000000000	0.000000020499
98.500000000000	0.000000020462
99.000000000000	0.000000020534
99.500000000000	0.000000020527
100.000000000000	0.000000020499
100.500000000000	0.000000020504
101.000000000000	0.000000020481
101.500000000000	0.000000020541
102.000000000000	0.000000020536
102.500000000000	0.000000020490
103.000000000000	0.000000020446
103.500000000000	0.000000020466
104.000000000000	0.000000020513
104.500000000000	0.000000020531
105.000000000000	0.000000020504
105.500000000000	0.000000020479
106.000000000000	0.000000020484
106.500000000000	0.000000020511
107.000000000000	0.000000020566
107.500000000000	0.000000020431
108.000000000000	0.000000020441
108.500000000000	0.000000020436
109.000000000000	0.000000020490
109.500000000000	0.000000020438
110.000000000000	0.000000020490
110.500000000000	0.000000020496
111.000000000000	0.000000020501
111.500000000000	0.000000020533
112.000000000000	0.000000020530
112.500000000000	0.000000020516
113.000000000000	0.000000020585
113.500000000000	0.000000020525
114.000000000000	0.000000020451
114.500000000000	0.000000020542
115.000000000000	0.000000020563
115.500000000000	0.000000020550
116.000000000000	0.000000020614
116.500000000000	0.000000020566
117.000000000000	0.000000020619
117.500000000000	0.000000020660
118.000000000000	0.000000020571
118.500000000000	0.000000020577
119.000000000000	0.000000020557
119.500000000000	0.000000020590
120.000000000000	0.000000020628
120.500000000000	0.000000020597
121.000000000000	0.000000020593
121.500000000000	0.000000020601
122.000000000000	0.000000020660
122.500000000000	0.000000020640
123.000000000000	0.000000020707
123.500000000000	0.000000020655
124.000000000000	0.000000020694
124.500000000000	0.000000020705
125.000000000000	0.000000020715
125.500000000000	0.000000020672
126.000000000000	0.000000020686
126.500000000000	0.000000020655
127.000000000000	0.000000020605
127.500000000000	0.000000020625
128.000000000000	0.000000020655
128.500000000000	0.000000020664
129.000000000000	0.000000020554
129.500000000000	0.000000020664
130.000000000000	0.000000020638
130.500000000000	0.000000020586
131.000000000000	0.000000020616
131.500000000000	0.000000020542
132.000000000000	0.000000020627
132.500000000000	0.000000020641
133.000000000000	0.000000020718
133.500000000000	0.000000020655
134.000000000000	0.000000020610
134.500000000000	0.000000020607
135.000000000000	0.000000020659
135.500000000000	0.000000020672
136.000000000000	0.000000020662
136.500000000000	0.000000020603
137.000000000000	0.000000020646
137.500000000000	0.000000020653
138.000000000000	0.000000020704
138.500000000000	0.000000020748
139.000000000000	0.000000020695
139.500000000000	0.000000020674
140.000000000000	0.000000020718
140.500000000000	0.000000020721
141.000000000000	0.000000020754
141.500000000000	0.000000020687
142.000000000000	0.000000020665
142.500000000000	0.000000020667
143.000000000000	0.000000020693
143.500000000000	0.000000020625
144.000000000000	0.000000020642
144.500000000000	0.000000020643
145.000000000000	0.000000020676
145.500000000000	0.000000020673
146.000000000000	0.000000020689
146.500000000000	0.000000020638
147.000000000000	0.000000020679
147.500000000000	0.000000020652
148.000000000000	0.000000020638
148.500000000000	0.000000020707
149.000000000000	0.000000020729
149.500000000000	0.000000020676
150.000000000000	0.000000020651
150.500000000000	0.000000020672
151.000000000000	0.000000020730
151.500000000000	0.000000020716
152.000000000000	0.000000020707
152.500000000000	0.000000020665
153.000000000000	0.000000020677
153.500000000000	0.000000020713
154.000000000000	0.000000020776
154.500000000000	0.000000020766
155.000000000000	0.000000020689
155.500000000000	0.000000020694
156.000000000000	0.000000020780
156.500000000000	0.000000020796
157.000000000000	0.000000020671
157.500000000000	0.000000020656
158.000000000000	0.000000020656
158.500000000000	0.000000020752
159.000000000000	0.000000020795
159.500000000000	0.000000020763
160.000000000000	0.000000020725
160.500000000000	0.000000020714
161.000000000000	0.000000020790
161.500000000000	0.000000020837
162.000000000000	0.000000020821
162.500000000000	0.000000020739
163.000000000000	0.000000020824
163.500000000000	0.000000020809
164.000000000000	0.000000020780
164.500000000000	0.000000020787
165.000000000000	0.000000020774
165.500000000000	0.000000020746
166.000000000000	0.000000020754
166.500000000000	0.000000020700
167.000000000000	0.000000020792
167.500000000000	0.000000020751
168.000000000000	0.000000020789
168.500000000000	0.000000020827
169.000000000000	0.000000020797
169.500000000000	0.000000020872
170.000000000000	0.000000020825
170.500000000000	0.000000020792
171.000000000000	0.000000020835
171.500000000000	0.000000020831
172.000000000000	0.000000020834
172.500000000000	0.000000020783
173.000000000000	0.000000020826
173.500000000000	0.000000020790
174.000000000000	0.000000020801
174.500000000000	0.000000020781
175.000000000000	0.000000020795
175.500000000000	0.000000020826
176.000000000000	0.000000020757
176.500000000000	0.000000020800
177.000000000000	0.000000020809
177.500000000000	0.000000020884
178.000000000000	0.000000020802
178.500000000000	0.000000020799
179.000000000000	0.000000020817
179.500000000000	0.000000020858
180.000000000000	0.000000020826
180.500000000000	0.000000020804
181.000000000000	0.000000020787
181.500000000000	0.000000020788
182.000000000000	0.000000020765
182.500000000000	0.000000020782
183.000000000000	0.000000020828
183.500000000000	0.000000020765
184.000000000000	0.000000020789
184.500000000000	0.000000020844
185.000000000000	0.000000020845
185.500000000000	0.000000020876
186.000000000000	0.000000020854
186.500000000000	0.000000020899
187.000000000000	0.000000020851
187.500000000000	0.000000020899
188.000000000000	0.000000020879
188.500000000000	0.000000020759
189.000000000000	0.000000020773
189.500000000000	0.000000020857
190.000000000000	0.000000020884
190.500000000000	0.000000020887
191.000000000000	0.000000020876
191.500000000000	0.000000020911
192.000000000000	0.000000020923
192.500000000000	0.000000020925
193.000000000000	0.000000020927
193.500000000000	0.000000020795
194.000000000000	0.000000020882
194.500000000000	0.000000020834
195.000000000000	0.000000020939
195.500000000000	0.000000020961
196.000000000000	0.000000020880
196.500000000000	0.000000020919
197.000000000000	0.000000020967
197.500000000000	0.000000020983
198.000000000000	0.000000020952
198.500000000000	0.000000020849
199.000000000000	0.000000020891
199.500000000000	0.000000020941
200.000000000000	0.000000020986
200.500000000000	0.000000020979
201.000000000000	0.000000020983
201.500000000000	0.000000020948
202.000000000000	0.000000021005
202.500000000000	0.000000020999
203.000000000000	0.000000021002
203.500000000000	0.000000021025
204.000000000000	0.000000021035
204.500000000000	0.000000021039
205.000000000000	0.000000021006
205.500000000000	0.000000021071
206.000000000000	0.000000021017
206.500000000000	0.000000020952
207.000000000000	0.000000021005
207.500000000000	0.000000021003
208.000000000000	0.000000020980
208.500000000000	0.000000021044
209.000000000000	0.000000020943
209.500000000000	0.000000020914
210.000000000000	0.000000020896
210.500000000000	0.000000020801
211.000000000000	0.000000020907
211.500000000000	0.000000020934
212.000000000000	0.000000020967
212.500000000000	0.000000021033
213.000000000000	0.000000021024
213.500000000000	0.000000021091
214.000000000000	0.000000020986
214.500000000000	0.000000020897
215.000000000000	0.000000020946
215.500000000000	0.000000020863
216.000000000000	0.000000020920
216.500000000000	0.000000020986
217.000000000000	0.000000020942
217.500000000000	0.000000020985
218.000000000000	0.000000020959
218.500000000000	0.000000021001
219.000000000000	0.000000021042
219.500000000000	0.000000020963
220.000000000000	0.000000020961
220.500000000000	0.000000020966
221.000000000000	0.000000020993
221.500000000000	0.000000021025
222.000000000000	0.000000020945
222.500000000000	0.000000021035
223.000000000000	0.000000020962
223.500000000000	0.000000021035
224.000000000000	0.000000021015
224.500000000000	0.000000020998
225.000000000000	0.000000020987
225.500000000000	0.000000020984
226.000000000000	0.000000020980
226.500000000000	0.000000021001
227.000000000000	0.000000021030
227.500000000000	0.000000021044
228.000000000000	0.000000020976
228.500000000000	0.000000021015
229.000000000000	0.000000021036
229.500000000000	0.000000021081
230.000000000000	0.000000020999
230.500000000000	0.000000020980
231.000000000000	0.000000021054
231.500000000000	0.000000021004
232.000000000000	0.000000020981
232.500000000000	0.000000021000
233.000000000000	0.000000020939
233.500000000000	0.000000021038
234.000000000000	0.000000020940
234.500000000000	0.000000020986
235.000000000000	0.000000020957
235.500000000000	0.000000020903
236.000000000000	0.000000021043
236.500000000000	0.000000021018
237.000000000000	0.000000021093
237.500000000000	0.000000021074
238.000000000000	0.000000020992
238.500000000000	0.000000020997
239.000000000000	0.000000020992
239.500000000000	0.000000020893
240.000000000000	0.000000021010
240.500000000000	0.000000021024
241.000000000000	0.000000021123
241.500000000000	0.000000021167
242.000000000000	0.000000021115
242.500000000000	0.000000021130
243.000000000000	0.000000021115
243.500000000000	0.000000021164
244.000000000000	0.000000021168
244.500000000000	0.000000021186
245.000000000000	0.000000021168
245.500000000000	0.000000021145
246.000000000000	0.000000021231
246.500000000000	0.000000021181
247.000000000000	0.000000021141
247.500000000000	0.000000021165
248.000000000000	0.000000021072
248.500000000000	0.000000021127
249.000000000000	0.000000021205
249.500000000000	0.000000021195
250.000000000000	0.000000021188
250.500000000000	0.000000021155
251.000000000000	0.000000021255
251.500000000000	0.000000021230
252.000000000000	0.000000021157
252.500000000000	0.000000021145
253.000000000000	0.000000021160
253.500000000000	0.000000021213
254.000000000000	0.000000021195
254.500000000000	0.000000021193
255.000000000000	0.000000021141
255.500000000000	0.000000021150
256.000000000000	0.000000021303
256.500000000000	0.000000021263
257.000000000000	0.000000021253
257.500000000000	0.000000021266
258.000000000000	0.000000021245
258.500000000000	0.000000021325
259.000000000000	0.000000021323
259.500000000000	0.000000021289
260.000000000000	0.000000021271
260.500000000000	0.000000021308
261.000000000000	0.000000021308
261.500000000000	0.000000021264
262.000000000000	0.000000021336
262.500000000000	0.000000021231
263.000000000000	0.000000021171
263.500000000000	0.000000021229
264.000000000000	0.000000021234
264.500000000000	0.000000021268
265.000000000000	0.000000021181
265.500000000000	0.000000021155
266.000000000000	0.000000021224
266.500000000000	0.000000021142
267.000000000000	0.000000021217
267.500000000000	0.000000021180
268.000000000000	0.000000021238
268.500000000000	0.000000021182
269.000000000000	0.000000021208
269.500000000000	0.000000021243
270.000000000000	0.000000021220
270.500000000000	0.000000021175
271.000000000000	0.000000021246
271.500000000000	0.000000021243
272.000000000000	0.000000021228
272.500000000000	0.000000021189
273.000000000000	0.000000021171
273.500000000000	0.000000021200
274.000000000000	0.000000021245
274.500000000000	0.000000021266
275.000000000000	0.000000021201
275.500000000000	0.000000021134
276.000000000000	0.000000021197
276.500000000000	0.000000021252
277.000000000000	0.000000021250
277.500000000000	0.000000021211
278.000000000000	0.000000021196
278.500000000000	0.000000021216
279.000000000000	0.000000021242
279.500000000000	0.000000021285
280.000000000000	0.000000021229
280.500000000000	0.000000021251
281.000000000000	0.000000021279
281.500000000000	0.000000021291
282.000000000000	0.000000021322
282.500000000000	0.000000021211
283.000000000000	0.000000021203
283.500000000000	0.000000021289
284.000000000000	0.000000021261
284.500000000000	0.000000021221
285.000000000000	0.000000021194
285.500000000000	0.000000021264
286.000000000000	0.000000021263
286.500000000000	0.000000021294
287.000000000000	0.000000021237
287.500000000000	0.000000021221
288.000000000000	0.000000021191
288.500000000000	0.000000021269
289.000000000000	0.000000021311
289.500000000000	0.000000021273
290.000000000000	0.000000021214
290.500000000000	0.000000021211
291.000000000000	0.000000021278
291.500000000000	0.000000021280
292.000000000000	0.000000021268
292.500000000000	0.000000021244
293.000000000000	0.000000021293
293.500000000000	0.000000021283
294.000000000000	0.000000021288
294.500000000000	0.000000021379
295.000000000000	0.000000021266
295.500000000000	0.000000021361
296.000000000000	0.000000021274
296.500000000000	0.000000021269
297.000000000000	0.000000021303
297.500000000000	0.000000021277
298.000000000000	0.000000021254
298.500000000000	0.000000021291
299.000000000000	0.000000021258
299.500000000000	0.000000021336
