Voltage   	Current	
14.992070	7.812094E-10
13.999670	7.793877E-10
13.000300	7.670897E-10
12.000020	7.828795E-10
11.000590	8.457866E-10
9.999975	8.305026E-10
9.000756	8.746837E-10
8.000234	8.628418E-10
6.999813	8.702302E-10
6.000745	9.138547E-10
4.999977	9.277719E-10
4.000630	9.515579E-10
2.999669	1.007683E-9
2.000459	1.012997E-9
0.999726	1.036124E-9
0.000181	1.033341E-9
0.998078	1.060822E-9
1.998708	1.051307E-9
2.998077	1.078940E-9
3.998480	1.090428E-9
4.997600	1.094173E-9
5.998586	1.094072E-9
6.997878	1.102878E-9
7.998757	1.154954E-9
8.999074	1.150956E-9
9.998396	1.153487E-9
10.998720	1.202931E-9
11.998030	1.215583E-9
12.998540	1.212800E-9
13.997710	1.206424E-9
