Voltage   	Current	
29.982310	-4.351327E-10
28.999980	-8.372222E-11
28.000980	-2.354272E-11
27.000540	3.430856E-11
26.001230	1.562368E-10
25.000850	2.271464E-10
24.001210	3.502294E-10
23.000620	3.814553E-10
22.000480	4.888481E-10
21.000850	7.293942E-10
20.000260	7.772702E-10
19.001370	8.805132E-10
18.000640	9.618422E-10
17.000940	1.223745E-9
16.000470	1.453359E-9
15.001670	1.594863E-9
14.000920	2.083292E-9
13.001310	2.295295E-9
12.001150	2.769958E-9
11.001660	3.099021E-9
10.000850	3.721920E-9
9.001469	4.393402E-9
8.001276	4.996511E-9
7.000311	5.961378E-9
6.001436	6.565906E-9
5.000501	7.700812E-9
4.001398	8.807848E-9
3.000862	1.017596E-8
2.001279	1.136807E-8
1.000747	1.250941E-8
0.000825	1.456464E-8
0.998584	1.545355E-8
1.999197	1.858396E-8
2.998407	1.899975E-8
3.999016	2.013242E-8
4.998145	2.168187E-8
5.998947	2.301671E-8
6.997981	2.429286E-8
7.998672	2.611885E-8
8.999113	2.635869E-8
9.998468	2.748342E-8
10.999090	2.888166E-8
11.998760	3.017217E-8
12.999060	3.112232E-8
13.998200	3.199102E-8
14.999300	3.282452E-8
15.998360	3.361026E-8
16.998970	3.439684E-8
17.998320	3.519982E-8
18.999080	3.592554E-8
19.998440	3.654580E-8
20.998820	3.721710E-8
21.998360	3.783201E-8
22.998760	3.843006E-8
23.999170	3.907113E-8
24.998450	3.962034E-8
25.998980	4.020088E-8
26.998510	4.072144E-8
27.998650	4.122717E-8
28.998200	4.176890E-8
