Voltage   	Current	
29.979550	2.147955E-8
28.999810	2.170315E-8
28.000610	2.182274E-8
27.000430	2.183852E-8
26.000870	2.183325E-8
25.000590	2.180091E-8
24.000960	2.183740E-8
23.000370	2.182030E-8
21.999990	2.175486E-8
21.000330	2.176579E-8
20.000000	2.174156E-8
19.000990	2.169798E-8
17.999980	2.170941E-8
17.000840	2.166457E-8
16.000410	2.164170E-8
15.001080	2.154731E-8
14.000760	2.149767E-8
13.001210	2.138986E-8
12.001070	2.133699E-8
11.001680	2.121673E-8
10.000920	2.121861E-8
9.001082	2.110774E-8
8.000620	2.111269E-8
6.999869	2.093136E-8
6.000994	2.079488E-8
5.000136	2.067714E-8
4.001111	2.059521E-8
3.000493	2.042952E-8
2.001142	2.031726E-8
1.000571	2.019789E-8
0.001005	2.003003E-8
0.998902	1.979175E-8
1.999266	1.964731E-8
2.998746	1.938967E-8
3.998982	1.913227E-8
4.997956	1.883060E-8
5.998762	1.852350E-8
6.997676	1.818139E-8
7.998431	1.777663E-8
8.998894	1.733024E-8
9.998190	1.686298E-8
10.998850	1.625148E-8
11.998530	1.555799E-8
12.998690	1.475235E-8
13.998390	1.390943E-8
14.998880	1.288044E-8
15.998320	1.163710E-8
16.998840	1.002572E-8
17.997780	8.149360E-9
18.998290	5.792922E-9
19.997630	4.010186E-9
20.998010	2.531607E-9
21.997360	1.327074E-9
22.997800	8.445213E-10
23.998390	3.034150E-10
24.997710	9.636296E-11
25.997930	-9.262541E-11
26.997470	-6.792641E-11
27.997750	-7.288625E-11
28.997200	-2.338688E-11
