Voltage   	Current	
14.991230	1.017520E-8
14.000170	9.856165E-9
13.000330	9.513949E-9
11.999860	9.536869E-9
11.000790	9.704089E-9
9.999992	9.994635E-9
9.000713	1.040228E-8
8.000538	1.100235E-8
6.999903	1.160576E-8
6.000191	1.239880E-8
4.999818	1.318855E-8
4.000844	1.411149E-8
3.000274	1.500485E-8
2.000592	1.583356E-8
1.000224	1.659481E-8
0.000713	1.729817E-8
0.998554	1.773008E-8
1.998979	1.833009E-8
2.998240	1.885541E-8
3.998737	1.926417E-8
4.997969	1.961778E-8
5.998728	1.995246E-8
6.997835	2.028743E-8
7.998607	2.061108E-8
8.998813	2.091474E-8
9.998194	2.115102E-8
10.998850	2.139225E-8
11.997830	2.165184E-8
12.998650	2.187542E-8
13.997780	2.208754E-8
