Voltage   	Current	
14.992620	1.394688E-9
13.999400	1.343269E-9
13.000000	1.365993E-9
11.999730	1.354201E-9
11.000380	1.309160E-9
10.000080	1.281730E-9
9.000589	1.282641E-9
8.000440	1.269583E-9
6.999907	1.227882E-9
6.000646	1.193974E-9
4.999827	1.237700E-9
4.000720	1.149742E-9
2.999824	1.212548E-9
2.000725	1.164774E-9
0.999940	1.103233E-9
0.000537	1.110166E-9
0.998477	1.107433E-9
1.998768	1.118162E-9
2.998369	1.080307E-9
3.998965	1.048880E-9
4.997934	1.009809E-9
5.998801	9.760029E-10
6.997831	8.777214E-10
7.998397	7.974558E-10
8.998842	7.104093E-10
9.997868	6.437578E-10
10.998720	4.633381E-10
11.997960	2.875239E-10
12.998250	1.516828E-10
13.997580	-2.065847E-13
