Voltage   	Current	
29.980660	-3.402227E-10
29.000500	7.059044E-10
28.000960	1.275452E-9
27.000680	2.006594E-9
26.001060	2.952516E-9
25.000700	4.094143E-9
24.001170	5.212287E-9
23.000690	6.390758E-9
22.000100	7.638601E-9
21.000790	8.957821E-9
20.000520	1.026569E-8
19.001290	1.160059E-8
18.001100	1.295306E-8
17.001830	1.435765E-8
16.001040	1.569467E-8
15.001500	1.703762E-8
14.000870	1.835217E-8
13.001510	1.962518E-8
12.000940	2.090015E-8
11.001440	2.208646E-8
10.001070	2.324368E-8
9.001718	2.437427E-8
8.001324	2.545463E-8
7.000637	2.644790E-8
6.001637	2.745308E-8
5.000853	2.827763E-8
4.001604	2.912882E-8
3.001034	2.999711E-8
2.001768	3.077738E-8
1.000803	3.157813E-8
0.001460	3.226976E-8
0.999189	3.306649E-8
1.999790	3.366240E-8
2.999090	3.431160E-8
3.999626	3.489284E-8
4.998634	3.546795E-8
5.999157	3.610324E-8
6.998294	3.659611E-8
7.998744	3.710553E-8
8.999366	3.762928E-8
9.999065	3.814689E-8
10.999580	3.858336E-8
11.999070	3.902968E-8
12.999630	3.952635E-8
13.998690	3.998875E-8
14.999070	4.034598E-8
15.998410	4.072062E-8
16.998720	4.116921E-8
17.998140	4.150029E-8
18.998590	4.185876E-8
19.997830	4.228925E-8
20.998430	4.256196E-8
21.998130	4.289867E-8
22.998090	4.318203E-8
23.998970	4.343563E-8
24.998410	4.369464E-8
25.998940	4.395589E-8
26.998410	4.421673E-8
27.998710	4.442052E-8
28.997920	4.478969E-8
