Voltage   	Current	
14.991450	2.099759E-8
13.999780	2.116894E-8
13.000690	2.124821E-8
12.000150	2.123541E-8
11.000880	2.114370E-8
10.000310	2.105345E-8
9.000851	2.097310E-8
8.000598	2.082664E-8
6.999719	2.072865E-8
6.000848	2.063874E-8
5.000024	2.051605E-8
4.000789	2.035850E-8
3.000257	2.024103E-8
2.000833	2.000013E-8
1.000056	1.980538E-8
0.000593	1.955543E-8
0.998262	1.931089E-8
1.999022	1.905107E-8
2.998176	1.875263E-8
3.998720	1.844568E-8
4.997947	1.811924E-8
5.998569	1.773058E-8
6.997762	1.729757E-8
7.998260	1.686208E-8
8.998662	1.639418E-8
9.998173	1.586670E-8
10.998790	1.535351E-8
11.997940	1.479394E-8
12.998340	1.421908E-8
13.997680	1.355985E-8
