Voltage   	Current	
29.978180	5.771316E-9
29.000550	4.616724E-9
28.000710	4.198946E-9
27.000670	3.834912E-9
26.001690	3.571593E-9
25.001140	3.310907E-9
24.001360	3.053510E-9
23.000700	2.794899E-9
22.000310	2.595245E-9
21.001140	2.345237E-9
20.000430	2.114561E-9
19.001270	1.923361E-9
18.000600	1.722998E-9
17.001340	1.599159E-9
16.001130	1.416156E-9
15.001610	1.298895E-9
14.000960	1.191604E-9
13.001410	1.022823E-9
12.001030	9.492375E-10
11.002110	8.195769E-10
10.001230	7.532792E-10
9.002014	6.260482E-10
8.001392	5.498816E-10
7.000337	4.312539E-10
6.001393	3.867181E-10
5.000896	3.341858E-10
4.001385	1.915653E-10
3.000527	1.576544E-10
2.001330	-1.448169E-11
1.001013	-1.417794E-11
0.001404	-4.738021E-11
0.998730	-1.255780E-10
1.999309	-1.710795E-10
2.998746	-2.069135E-10
3.999433	-2.338398E-10
4.998904	-2.578305E-10
5.999389	-2.925006E-10
6.998342	-3.201860E-10
7.998959	-3.541991E-10
8.999551	-3.701415E-10
9.999172	-3.859335E-10
10.999490	-4.117455E-10
11.998650	-4.386723E-10
12.999070	-4.701031E-10
13.998380	-4.845787E-10
14.999110	-5.079617E-10
15.998670	-5.304844E-10
16.999230	-5.542224E-10
17.998190	-5.767453E-10
18.998600	-6.060000E-10
19.997870	-6.338878E-10
20.998410	-6.527665E-10
21.998210	-5.995712E-10
22.998210	-8.261681E-10
23.999170	-7.213480E-10
24.998280	-6.267007E-10
25.998750	-7.667980E-10
26.998140	-8.043541E-10
27.998730	-8.202450E-10
28.998530	-8.336088E-10
