Voltage   	Current	
29.979630	5.332332E-9
29.000010	5.102213E-9
28.000650	5.063598E-9
27.000420	5.052058E-9
26.001080	5.087080E-9
25.000990	5.076909E-9
24.001000	5.028324E-9
23.000730	5.073011E-9
22.000360	5.077159E-9
21.000940	5.027918E-9
20.000380	5.024022E-9
19.001470	5.046035E-9
18.000830	5.031613E-9
17.001350	5.028425E-9
16.000560	5.057068E-9
15.001370	5.043912E-9
14.000560	5.044064E-9
13.001210	5.067750E-9
12.000980	5.012686E-9
11.001730	5.040722E-9
10.001090	5.020882E-9
9.001482	4.954383E-9
8.001096	5.040113E-9
7.000577	4.985858E-9
6.001354	4.958531E-9
5.000887	4.957721E-9
4.001754	4.995879E-9
3.001055	5.007015E-9
2.001790	4.997502E-9
1.000704	4.948005E-9
0.001254	4.960657E-9
0.998765	4.935352E-9
1.999236	4.978777E-9
2.998515	4.942538E-9
3.999115	4.965011E-9
4.998707	4.973311E-9
5.999668	5.000842E-9
6.998715	4.946841E-9
7.999371	5.004130E-9
8.999302	4.923103E-9
9.998662	4.945679E-9
10.999190	4.928876E-9
11.998490	4.931760E-9
12.999020	4.942386E-9
13.998830	4.872699E-9
14.998920	4.901192E-9
15.998760	4.894410E-9
16.999040	4.854785E-9
17.998020	4.890210E-9
18.998750	4.862426E-9
19.998190	4.890920E-9
20.998650	4.852354E-9
21.997790	4.813991E-9
22.998330	4.904684E-9
23.998600	4.902608E-9
24.997990	4.807466E-9
25.998760	4.864144E-9
26.998150	4.825278E-9
27.998780	4.860047E-9
28.998310	5.010814E-9
