Voltage   	Current	
19.987740	-7.315186E-10
19.001070	-3.167431E-10
18.000770	-1.864147E-10
17.001420	-5.689499E-11
16.000830	3.162752E-11
15.001480	1.802787E-10
14.000250	3.276570E-10
13.001670	4.525600E-10
12.001060	5.981617E-10
11.001670	7.603633E-10
10.000800	9.371908E-10
9.001645	1.057589E-9
8.001246	1.227686E-9
7.000397	1.379058E-9
6.001346	1.536046E-9
5.000308	1.707307E-9
4.001020	1.852605E-9
3.000356	2.145783E-9
2.001429	2.057469E-9
1.000314	2.262031E-9
0.000765	2.620848E-9
0.998765	2.708200E-9
1.999519	2.732798E-9
2.998716	2.888267E-9
3.999209	2.993836E-9
4.998458	3.124610E-9
5.999264	3.236304E-9
6.998243	3.351185E-9
7.998963	3.427453E-9
8.999259	3.548459E-9
9.998765	3.701652E-9
10.999120	3.775742E-9
11.998570	3.911830E-9
12.999200	3.974079E-9
13.998510	4.076360E-9
14.999080	4.188914E-9
15.998470	4.289070E-9
16.999130	4.363013E-9
17.998590	4.500510E-9
18.999160	4.648038E-9
