t (s)	Ids (Amps)
0.000000000000	0.000000019652
0.500000000000	0.000000019640
1.000000000000	0.000000019649
1.500000000000	0.000000019664
2.000000000000	0.000000019646
2.500000000000	0.000000019631
3.000000000000	0.000000019639
3.500000000000	0.000000019639
4.000000000000	0.000000019597
4.500000000000	0.000000019690
5.000000000000	0.000000019628
5.500000000000	0.000000019655
6.000000000000	0.000000019634
6.500000000000	0.000000019653
7.000000000000	0.000000018348
7.500000000000	0.000000020343
8.000000000000	0.000000020486
8.500000000000	0.000000020498
9.000000000000	0.000000020500
9.500000000000	0.000000020488
10.000000000000	0.000000020460
10.500000000000	0.000000020532
11.000000000000	0.000000020729
11.500000000000	0.000000019275
12.000000000000	0.000000019839
12.500000000000	0.000000019849
13.000000000000	0.000000019832
13.500000000000	0.000000019841
14.000000000000	0.000000019797
14.500000000000	0.000000019834
15.000000000000	0.000000019880
15.500000000000	0.000000019837
16.000000000000	0.000000019836
16.500000000000	0.000000019837
17.000000000000	0.000000019840
17.500000000000	0.000000019819
18.000000000000	0.000000019812
18.500000000000	0.000000019841
19.000000000000	0.000000019834
19.500000000000	0.000000019836
20.000000000000	0.000000019839
20.500000000000	0.000000019829
21.000000000000	0.000000019803
21.500000000000	0.000000019815
22.000000000000	0.000000019809
22.500000000000	0.000000019833
23.000000000000	0.000000019813
23.500000000000	0.000000019825
24.000000000000	0.000000019830
24.500000000000	0.000000019828
25.000000000000	0.000000017941
25.500000000000	0.000000015660
26.000000000000	0.000000012317
26.500000000000	0.000000010017
27.000000000000	0.000000007185
27.500000000000	0.000000004639
28.000000000000	0.000000003077
28.500000000000	0.000000001567
29.000000000000	0.000000000961
29.500000000000	0.000000000625
30.000000000000	0.000000000564
30.500000000000	0.000000000440
31.000000000000	0.000000000428
31.500000000000	0.000000000448
32.000000000000	0.000000000400
32.500000000000	0.000000000388
33.000000000000	0.000000000364
33.500000000000	0.000000000369
34.000000000000	0.000000000397
34.500000000000	0.000000000343
35.000000000000	0.000000000416
35.500000000000	0.000000000409
36.000000000000	0.000000000167
36.500000000000	0.000000000179
37.000000000000	0.000000000405
37.500000000000	0.000000000333
38.000000000000	0.000000000662
38.500000000000	0.000000002775
39.000000000000	0.000000005868
39.500000000000	0.000000009682
40.000000000000	0.000000013090
40.500000000000	0.000000013744
41.000000000000	0.000000013774
41.500000000000	0.000000013884
42.000000000000	0.000000014036
42.500000000000	0.000000010660
43.000000000000	0.000000014256
43.500000000000	0.000000015216
44.000000000000	0.000000017236
44.500000000000	0.000000016033
45.000000000000	0.000000016766
45.500000000000	0.000000012048
46.000000000000	0.000000012019
46.500000000000	0.000000013891
47.000000000000	0.000000013831
47.500000000000	0.000000013948
48.000000000000	0.000000014003
48.500000000000	0.000000016191
49.000000000000	0.000000017603
49.500000000000	0.000000018682
50.000000000000	0.000000019016
50.500000000000	0.000000019476
51.000000000000	0.000000020199
51.500000000000	0.000000020243
52.000000000000	0.000000020337
52.500000000000	0.000000020464
53.000000000000	0.000000020563
53.500000000000	0.000000020672
54.000000000000	0.000000020778
54.500000000000	0.000000020857
55.000000000000	0.000000020960
55.500000000000	0.000000021036
56.000000000000	0.000000020447
56.500000000000	0.000000019098
57.000000000000	0.000000016715
57.500000000000	0.000000014997
58.000000000000	0.000000015157
58.500000000000	0.000000015147
59.000000000000	0.000000015218
59.500000000000	0.000000015302
60.000000000000	0.000000015323
60.500000000000	0.000000015355
61.000000000000	0.000000015400
61.500000000000	0.000000015431
62.000000000000	0.000000015430
62.500000000000	0.000000015461
63.000000000000	0.000000015473
63.500000000000	0.000000015473
64.000000000000	0.000000015485
64.500000000000	0.000000015504
65.000000000000	0.000000015515
65.500000000000	0.000000015522
66.000000000000	0.000000015583
66.500000000000	0.000000015627
67.000000000000	0.000000015627
67.500000000000	0.000000015612
68.000000000000	0.000000015608
68.500000000000	0.000000015670
69.000000000000	0.000000015668
69.500000000000	0.000000015721
70.000000000000	0.000000015709
70.500000000000	0.000000015713
71.000000000000	0.000000015742
71.500000000000	0.000000015783
72.000000000000	0.000000015776
72.500000000000	0.000000015784
73.000000000000	0.000000015776
73.500000000000	0.000000015823
74.000000000000	0.000000015829
74.500000000000	0.000000015859
75.000000000000	0.000000015824
75.500000000000	0.000000015821
76.000000000000	0.000000015877
76.500000000000	0.000000015915
77.000000000000	0.000000015908
77.500000000000	0.000000015904
78.000000000000	0.000000015915
78.500000000000	0.000000015944
79.000000000000	0.000000015948
79.500000000000	0.000000015949
80.000000000000	0.000000015982
80.500000000000	0.000000015991
81.000000000000	0.000000016025
81.500000000000	0.000000016057
82.000000000000	0.000000016060
82.500000000000	0.000000016081
83.000000000000	0.000000016076
83.500000000000	0.000000016082
84.000000000000	0.000000016102
84.500000000000	0.000000016153
85.000000000000	0.000000016143
85.500000000000	0.000000016197
86.000000000000	0.000000016171
86.500000000000	0.000000016223
87.000000000000	0.000000016207
87.500000000000	0.000000016190
88.000000000000	0.000000016207
88.500000000000	0.000000016231
89.000000000000	0.000000016241
89.500000000000	0.000000016246
90.000000000000	0.000000016253
90.500000000000	0.000000016286
91.000000000000	0.000000016276
91.500000000000	0.000000016274
92.000000000000	0.000000016287
92.500000000000	0.000000016315
93.000000000000	0.000000016315
93.500000000000	0.000000016309
94.000000000000	0.000000016322
94.500000000000	0.000000016355
95.000000000000	0.000000016347
95.500000000000	0.000000016353
96.000000000000	0.000000016378
96.500000000000	0.000000016367
97.000000000000	0.000000016408
97.500000000000	0.000000016404
98.000000000000	0.000000016393
98.500000000000	0.000000016432
99.000000000000	0.000000016434
99.500000000000	0.000000016429
100.000000000000	0.000000016440
100.500000000000	0.000000016457
101.000000000000	0.000000016439
101.500000000000	0.000000016447
102.000000000000	0.000000016450
102.500000000000	0.000000016480
103.000000000000	0.000000016471
103.500000000000	0.000000016500
104.000000000000	0.000000016487
104.500000000000	0.000000016519
105.000000000000	0.000000016510
105.500000000000	0.000000016513
106.000000000000	0.000000016534
106.500000000000	0.000000016551
107.000000000000	0.000000016567
107.500000000000	0.000000016575
108.000000000000	0.000000016600
108.500000000000	0.000000016643
109.000000000000	0.000000016649
109.500000000000	0.000000016621
110.000000000000	0.000000016685
110.500000000000	0.000000016663
111.000000000000	0.000000016673
111.500000000000	0.000000016686
112.000000000000	0.000000016682
112.500000000000	0.000000016679
113.000000000000	0.000000016678
113.500000000000	0.000000016667
114.000000000000	0.000000016652
114.500000000000	0.000000016677
115.000000000000	0.000000016700
115.500000000000	0.000000016702
116.000000000000	0.000000016709
116.500000000000	0.000000016722
117.000000000000	0.000000016718
117.500000000000	0.000000016762
118.000000000000	0.000000016719
118.500000000000	0.000000016746
119.000000000000	0.000000016748
119.500000000000	0.000000016792
