Voltage   	Current	
29.981500	-9.037050E-10
29.000030	-4.650401E-10
28.000510	-4.434281E-10
27.000410	-4.036972E-10
26.001020	-3.723672E-10
25.000640	-3.433154E-10
24.001140	-3.751005E-10
23.000310	-3.444283E-10
22.000520	-3.143643E-10
21.000560	-3.030269E-10
20.000770	-2.800487E-10
19.001500	-2.559570E-10
18.000340	-2.436578E-10
17.001150	-2.200216E-10
16.000380	-1.749250E-10
15.001510	-6.691633E-11
14.001010	1.334614E-10
13.001540	4.670846E-10
12.001330	8.874932E-10
11.001380	1.227939E-9
10.000710	1.624562E-9
9.001448	2.061669E-9
8.001602	2.474438E-9
7.000564	2.812502E-9
6.001333	3.127696E-9
5.000333	3.384842E-9
4.000879	3.698918E-9
3.000274	3.926863E-9
2.000957	4.227426E-9
1.000794	4.427485E-9
0.001202	4.680275E-9
0.998953	4.878107E-9
1.999614	5.099670E-9
2.998648	5.309297E-9
3.999141	5.430452E-9
4.998097	5.608845E-9
5.999041	5.793218E-9
6.998363	5.917664E-9
7.999023	6.079001E-9
8.999572	6.175871E-9
9.998799	6.349307E-9
10.999230	6.419349E-9
11.998560	6.491366E-9
12.998820	6.588938E-9
13.998090	6.691574E-9
14.998720	6.740210E-9
15.998130	6.791023E-9
16.998540	6.915316E-9
17.998170	6.933587E-9
18.998790	7.070429E-9
19.998020	7.080607E-9
20.998520	7.204596E-9
21.997820	7.289766E-9
22.998480	7.287241E-9
23.998740	7.352321E-9
24.997810	7.472422E-9
25.998350	7.587401E-9
26.997750	7.532086E-9
27.998140	7.588871E-9
28.997800	7.612000E-9
