Voltage   	Current	
14.991320	1.169148E-8
13.999670	1.094475E-8
13.000270	1.052960E-8
12.000000	1.029887E-8
11.000710	1.040708E-8
10.000310	1.063052E-8
9.001164	1.098073E-8
8.000830	1.145686E-8
7.000036	1.207439E-8
6.000856	1.273716E-8
5.000072	1.349083E-8
4.000690	1.429231E-8
3.000111	1.504766E-8
2.000541	1.576192E-8
1.000000	1.640976E-8
0.000576	1.694564E-8
0.998601	1.743895E-8
1.999094	1.790479E-8
2.998257	1.825231E-8
3.998664	1.860207E-8
4.997836	1.890022E-8
5.998629	1.924845E-8
6.997651	1.956005E-8
7.998208	1.981613E-8
8.998568	2.005870E-8
9.997967	2.028998E-8
10.998430	2.051383E-8
11.998040	2.080570E-8
12.998430	2.101910E-8
13.997740	2.120854E-8
