t (s)	Ids (Amps)
0.000000000000	0.000000018662
0.500000000000	0.000000018590
1.000000000000	0.000000018563
1.500000000000	0.000000018530
2.000000000000	0.000000018538
2.500000000000	0.000000018547
3.000000000000	0.000000018558
3.500000000000	0.000000018564
4.000000000000	0.000000018813
4.500000000000	0.000000018706
5.000000000000	0.000000018735
5.500000000000	0.000000018719
6.000000000000	0.000000018494
6.500000000000	0.000000021538
7.000000000000	0.000000019221
7.500000000000	0.000000018005
8.000000000000	0.000000018073
8.500000000000	0.000000018306
9.000000000000	0.000000018314
9.500000000000	0.000000018382
10.000000000000	0.000000018464
10.500000000000	0.000000018464
11.000000000000	0.000000018531
11.500000000000	0.000000018657
12.000000000000	0.000000018527
12.500000000000	0.000000018482
13.000000000000	0.000000018514
13.500000000000	0.000000018544
14.000000000000	0.000000019360
14.500000000000	0.000000018304
15.000000000000	0.000000018414
15.500000000000	0.000000018447
16.000000000000	0.000000018543
16.500000000000	0.000000018683
17.000000000000	0.000000018624
17.500000000000	0.000000018666
18.000000000000	0.000000018665
18.500000000000	0.000000018602
19.000000000000	0.000000018546
19.500000000000	0.000000018579
20.000000000000	0.000000018572
20.500000000000	0.000000018603
21.000000000000	0.000000018580
21.500000000000	0.000000018605
22.000000000000	0.000000018641
22.500000000000	0.000000018636
23.000000000000	0.000000018661
23.500000000000	0.000000018858
24.000000000000	0.000000018933
24.500000000000	0.000000018853
25.000000000000	0.000000018919
25.500000000000	0.000000018912
26.000000000000	0.000000018882
26.500000000000	0.000000018820
27.000000000000	0.000000018768
27.500000000000	0.000000018716
28.000000000000	0.000000018703
28.500000000000	0.000000018696
29.000000000000	0.000000018729
29.500000000000	0.000000018754
30.000000000000	0.000000018712
30.500000000000	0.000000018733
31.000000000000	0.000000018740
31.500000000000	0.000000018731
32.000000000000	0.000000018716
32.500000000000	0.000000018721
33.000000000000	0.000000018706
33.500000000000	0.000000018707
34.000000000000	0.000000018723
34.500000000000	0.000000018747
35.000000000000	0.000000018722
35.500000000000	0.000000018729
36.000000000000	0.000000018737
36.500000000000	0.000000018738
37.000000000000	0.000000018734
37.500000000000	0.000000018729
38.000000000000	0.000000018732
38.500000000000	0.000000018732
39.000000000000	0.000000018728
39.500000000000	0.000000018737
40.000000000000	0.000000018750
40.500000000000	0.000000018760
41.000000000000	0.000000018739
41.500000000000	0.000000018745
42.000000000000	0.000000018752
42.500000000000	0.000000018756
43.000000000000	0.000000018777
43.500000000000	0.000000018785
44.000000000000	0.000000018775
44.500000000000	0.000000018737
45.000000000000	0.000000018737
45.500000000000	0.000000018753
46.000000000000	0.000000018732
46.500000000000	0.000000018749
47.000000000000	0.000000018730
47.500000000000	0.000000018747
48.000000000000	0.000000018726
48.500000000000	0.000000018740
49.000000000000	0.000000018729
49.500000000000	0.000000018743
50.000000000000	0.000000018733
50.500000000000	0.000000018812
51.000000000000	0.000000018747
51.500000000000	0.000000018807
52.000000000000	0.000000018806
52.500000000000	0.000000018789
53.000000000000	0.000000018772
53.500000000000	0.000000018720
54.000000000000	0.000000018752
54.500000000000	0.000000018754
55.000000000000	0.000000018764
55.500000000000	0.000000018776
56.000000000000	0.000000018782
56.500000000000	0.000000018797
57.000000000000	0.000000018768
57.500000000000	0.000000018757
58.000000000000	0.000000018742
58.500000000000	0.000000018749
59.000000000000	0.000000018724
59.500000000000	0.000000018731
60.000000000000	0.000000018736
60.500000000000	0.000000018750
61.000000000000	0.000000018768
61.500000000000	0.000000018759
62.000000000000	0.000000018754
62.500000000000	0.000000018756
63.000000000000	0.000000018768
63.500000000000	0.000000018772
64.000000000000	0.000000018767
64.500000000000	0.000000018771
65.000000000000	0.000000018787
65.500000000000	0.000000018793
66.000000000000	0.000000018786
66.500000000000	0.000000018781
67.000000000000	0.000000018783
67.500000000000	0.000000018790
68.000000000000	0.000000018770
68.500000000000	0.000000018784
69.000000000000	0.000000018798
69.500000000000	0.000000018786
70.000000000000	0.000000018804
70.500000000000	0.000000018800
71.000000000000	0.000000018816
71.500000000000	0.000000018810
72.000000000000	0.000000018836
72.500000000000	0.000000018840
73.000000000000	0.000000018861
73.500000000000	0.000000018861
74.000000000000	0.000000018867
74.500000000000	0.000000018857
75.000000000000	0.000000018837
75.500000000000	0.000000018810
76.000000000000	0.000000018808
76.500000000000	0.000000018825
77.000000000000	0.000000018828
77.500000000000	0.000000018829
78.000000000000	0.000000018827
78.500000000000	0.000000018805
79.000000000000	0.000000018805
79.500000000000	0.000000018802
80.000000000000	0.000000018807
80.500000000000	0.000000018809
81.000000000000	0.000000018817
81.500000000000	0.000000018810
82.000000000000	0.000000018826
82.500000000000	0.000000018812
83.000000000000	0.000000018804
83.500000000000	0.000000018832
84.000000000000	0.000000018813
84.500000000000	0.000000018822
85.000000000000	0.000000018830
85.500000000000	0.000000018832
86.000000000000	0.000000018823
86.500000000000	0.000000018819
87.000000000000	0.000000018833
87.500000000000	0.000000018811
88.000000000000	0.000000018845
88.500000000000	0.000000018820
89.000000000000	0.000000018818
89.500000000000	0.000000018831
90.000000000000	0.000000018821
90.500000000000	0.000000018824
91.000000000000	0.000000018827
91.500000000000	0.000000018815
92.000000000000	0.000000018827
92.500000000000	0.000000018824
93.000000000000	0.000000018831
93.500000000000	0.000000018834
94.000000000000	0.000000018836
94.500000000000	0.000000018834
95.000000000000	0.000000018833
95.500000000000	0.000000018830
96.000000000000	0.000000018855
96.500000000000	0.000000018841
97.000000000000	0.000000018831
97.500000000000	0.000000018846
98.000000000000	0.000000018834
98.500000000000	0.000000018814
99.000000000000	0.000000018809
99.500000000000	0.000000018808
100.000000000000	0.000000018813
100.500000000000	0.000000018829
101.000000000000	0.000000018836
101.500000000000	0.000000018847
102.000000000000	0.000000018853
102.500000000000	0.000000018832
103.000000000000	0.000000018828
103.500000000000	0.000000018838
104.000000000000	0.000000018830
104.500000000000	0.000000018827
105.000000000000	0.000000018837
105.500000000000	0.000000018844
106.000000000000	0.000000018850
106.500000000000	0.000000018818
107.000000000000	0.000000018847
107.500000000000	0.000000018807
108.000000000000	0.000000018829
108.500000000000	0.000000018803
109.000000000000	0.000000018822
109.500000000000	0.000000018817
110.000000000000	0.000000018804
110.500000000000	0.000000018825
111.000000000000	0.000000018802
111.500000000000	0.000000018813
112.000000000000	0.000000018834
112.500000000000	0.000000018799
113.000000000000	0.000000018780
113.500000000000	0.000000018825
114.000000000000	0.000000018831
114.500000000000	0.000000018836
115.000000000000	0.000000018822
115.500000000000	0.000000018822
116.000000000000	0.000000018749
116.500000000000	0.000000018676
117.000000000000	0.000000018693
117.500000000000	0.000000018759
118.000000000000	0.000000018835
118.500000000000	0.000000018849
119.000000000000	0.000000018863
119.500000000000	0.000000018892
120.000000000000	0.000000018961
120.500000000000	0.000000018845
121.000000000000	0.000000018724
121.500000000000	0.000000018770
122.000000000000	0.000000018807
122.500000000000	0.000000018820
123.000000000000	0.000000018796
123.500000000000	0.000000018827
124.000000000000	0.000000018830
124.500000000000	0.000000018817
125.000000000000	0.000000018825
125.500000000000	0.000000018799
126.000000000000	0.000000018923
126.500000000000	0.000000018868
127.000000000000	0.000000018826
127.500000000000	0.000000018833
128.000000000000	0.000000018802
128.500000000000	0.000000018833
129.000000000000	0.000000018798
129.500000000000	0.000000018799
130.000000000000	0.000000018799
130.500000000000	0.000000018794
131.000000000000	0.000000018824
131.500000000000	0.000000018817
132.000000000000	0.000000018802
132.500000000000	0.000000018811
133.000000000000	0.000000018821
133.500000000000	0.000000018834
134.000000000000	0.000000018806
134.500000000000	0.000000018810
135.000000000000	0.000000018838
135.500000000000	0.000000018902
136.000000000000	0.000000018938
136.500000000000	0.000000018958
137.000000000000	0.000000018955
137.500000000000	0.000000018974
138.000000000000	0.000000018905
138.500000000000	0.000000018855
139.000000000000	0.000000018875
139.500000000000	0.000000018889
140.000000000000	0.000000018846
140.500000000000	0.000000018858
141.000000000000	0.000000018811
141.500000000000	0.000000018823
142.000000000000	0.000000018822
142.500000000000	0.000000018842
143.000000000000	0.000000018833
143.500000000000	0.000000018848
144.000000000000	0.000000018806
144.500000000000	0.000000018909
145.000000000000	0.000000018976
145.500000000000	0.000000018998
146.000000000000	0.000000019022
146.500000000000	0.000000018928
147.000000000000	0.000000018916
147.500000000000	0.000000018866
148.000000000000	0.000000018865
148.500000000000	0.000000018876
149.000000000000	0.000000018875
149.500000000000	0.000000018885
150.000000000000	0.000000018850
150.500000000000	0.000000018861
151.000000000000	0.000000018849
151.500000000000	0.000000018861
152.000000000000	0.000000018888
152.500000000000	0.000000018898
153.000000000000	0.000000018880
153.500000000000	0.000000018885
154.000000000000	0.000000018878
154.500000000000	0.000000018848
155.000000000000	0.000000018830
155.500000000000	0.000000018829
156.000000000000	0.000000018844
156.500000000000	0.000000018842
157.000000000000	0.000000018840
157.500000000000	0.000000018845
158.000000000000	0.000000018863
158.500000000000	0.000000018874
159.000000000000	0.000000018864
159.500000000000	0.000000018878
160.000000000000	0.000000018870
160.500000000000	0.000000018877
161.000000000000	0.000000018863
161.500000000000	0.000000018873
162.000000000000	0.000000018873
162.500000000000	0.000000018848
163.000000000000	0.000000018864
163.500000000000	0.000000018900
164.000000000000	0.000000018878
164.500000000000	0.000000018839
165.000000000000	0.000000018878
165.500000000000	0.000000018894
166.000000000000	0.000000018883
166.500000000000	0.000000018885
167.000000000000	0.000000018853
167.500000000000	0.000000018864
168.000000000000	0.000000018859
168.500000000000	0.000000018882
169.000000000000	0.000000018868
169.500000000000	0.000000018870
170.000000000000	0.000000018861
170.500000000000	0.000000018859
171.000000000000	0.000000018860
171.500000000000	0.000000018845
172.000000000000	0.000000018862
172.500000000000	0.000000018854
173.000000000000	0.000000018889
173.500000000000	0.000000018889
174.000000000000	0.000000018889
174.500000000000	0.000000018897
175.000000000000	0.000000018878
175.500000000000	0.000000018873
176.000000000000	0.000000018881
176.500000000000	0.000000018887
177.000000000000	0.000000018889
177.500000000000	0.000000018877
178.000000000000	0.000000018868
178.500000000000	0.000000018860
179.000000000000	0.000000018855
179.500000000000	0.000000018872
180.000000000000	0.000000018873
180.500000000000	0.000000018879
181.000000000000	0.000000018875
181.500000000000	0.000000018861
182.000000000000	0.000000018880
182.500000000000	0.000000018887
183.000000000000	0.000000018888
183.500000000000	0.000000018888
184.000000000000	0.000000018881
184.500000000000	0.000000018886
185.000000000000	0.000000018884
185.500000000000	0.000000018881
186.000000000000	0.000000018898
186.500000000000	0.000000018899
187.000000000000	0.000000018889
187.500000000000	0.000000018892
188.000000000000	0.000000018875
188.500000000000	0.000000018893
189.000000000000	0.000000018893
189.500000000000	0.000000018830
190.000000000000	0.000000018822
190.500000000000	0.000000018924
191.000000000000	0.000000018996
191.500000000000	0.000000019020
192.000000000000	0.000000019151
192.500000000000	0.000000019144
193.000000000000	0.000000018868
193.500000000000	0.000000018854
194.000000000000	0.000000018947
194.500000000000	0.000000019063
195.000000000000	0.000000019069
195.500000000000	0.000000019062
196.000000000000	0.000000018996
196.500000000000	0.000000018958
197.000000000000	0.000000018873
197.500000000000	0.000000019155
198.000000000000	0.000000018774
198.500000000000	0.000000018893
199.000000000000	0.000000018904
199.500000000000	0.000000018809
200.000000000000	0.000000018794
200.500000000000	0.000000018765
201.000000000000	0.000000018731
201.500000000000	0.000000018741
202.000000000000	0.000000018723
202.500000000000	0.000000018757
203.000000000000	0.000000018785
203.500000000000	0.000000018790
204.000000000000	0.000000018797
204.500000000000	0.000000018826
205.000000000000	0.000000018829
205.500000000000	0.000000018851
206.000000000000	0.000000018884
206.500000000000	0.000000018882
207.000000000000	0.000000018845
207.500000000000	0.000000018834
208.000000000000	0.000000018758
208.500000000000	0.000000018857
209.000000000000	0.000000018864
209.500000000000	0.000000018890
210.000000000000	0.000000018910
210.500000000000	0.000000018901
211.000000000000	0.000000018894
211.500000000000	0.000000018876
212.000000000000	0.000000018876
212.500000000000	0.000000018876
213.000000000000	0.000000018861
213.500000000000	0.000000018875
214.000000000000	0.000000018863
214.500000000000	0.000000018860
215.000000000000	0.000000018908
215.500000000000	0.000000018880
216.000000000000	0.000000018873
216.500000000000	0.000000018883
217.000000000000	0.000000018867
217.500000000000	0.000000018888
218.000000000000	0.000000018883
218.500000000000	0.000000018878
219.000000000000	0.000000018884
219.500000000000	0.000000018912
220.000000000000	0.000000018903
220.500000000000	0.000000018917
221.000000000000	0.000000018917
221.500000000000	0.000000018891
222.000000000000	0.000000018882
222.500000000000	0.000000018880
223.000000000000	0.000000018912
223.500000000000	0.000000018901
224.000000000000	0.000000018904
224.500000000000	0.000000018906
225.000000000000	0.000000018897
225.500000000000	0.000000018884
226.000000000000	0.000000018916
226.500000000000	0.000000018941
227.000000000000	0.000000018918
227.500000000000	0.000000018906
228.000000000000	0.000000018898
228.500000000000	0.000000018927
229.000000000000	0.000000018922
229.500000000000	0.000000018932
230.000000000000	0.000000018957
230.500000000000	0.000000018914
231.000000000000	0.000000018965
231.500000000000	0.000000018916
232.000000000000	0.000000018874
232.500000000000	0.000000018904
233.000000000000	0.000000018898
233.500000000000	0.000000018887
234.000000000000	0.000000018895
234.500000000000	0.000000018885
235.000000000000	0.000000018904
235.500000000000	0.000000018899
236.000000000000	0.000000018914
236.500000000000	0.000000018917
237.000000000000	0.000000018899
237.500000000000	0.000000018913
238.000000000000	0.000000018929
238.500000000000	0.000000018938
239.000000000000	0.000000018971
239.500000000000	0.000000018905
240.000000000000	0.000000018906
240.500000000000	0.000000018955
241.000000000000	0.000000018961
241.500000000000	0.000000019016
242.000000000000	0.000000019097
242.500000000000	0.000000019079
243.000000000000	0.000000019035
243.500000000000	0.000000019036
244.000000000000	0.000000018971
244.500000000000	0.000000018931
245.000000000000	0.000000018899
245.500000000000	0.000000018991
246.000000000000	0.000000018935
246.500000000000	0.000000019034
247.000000000000	0.000000018855
247.500000000000	0.000000019058
248.000000000000	0.000000018976
248.500000000000	0.000000018870
249.000000000000	0.000000018911
249.500000000000	0.000000018895
250.000000000000	0.000000018849
250.500000000000	0.000000018831
251.000000000000	0.000000018830
251.500000000000	0.000000018808
252.000000000000	0.000000018807
252.500000000000	0.000000018841
253.000000000000	0.000000018831
253.500000000000	0.000000018860
254.000000000000	0.000000018870
254.500000000000	0.000000018881
255.000000000000	0.000000018870
255.500000000000	0.000000018882
256.000000000000	0.000000018899
256.500000000000	0.000000018892
257.000000000000	0.000000018886
257.500000000000	0.000000018899
258.000000000000	0.000000018887
258.500000000000	0.000000018896
259.000000000000	0.000000018886
259.500000000000	0.000000018891
260.000000000000	0.000000018901
260.500000000000	0.000000018909
261.000000000000	0.000000018901
261.500000000000	0.000000018893
262.000000000000	0.000000018900
262.500000000000	0.000000018905
263.000000000000	0.000000018894
263.500000000000	0.000000018879
264.000000000000	0.000000018886
264.500000000000	0.000000018886
265.000000000000	0.000000018894
265.500000000000	0.000000018905
266.000000000000	0.000000018908
266.500000000000	0.000000018889
267.000000000000	0.000000018886
267.500000000000	0.000000018904
268.000000000000	0.000000018886
268.500000000000	0.000000018901
269.000000000000	0.000000018918
269.500000000000	0.000000018913
270.000000000000	0.000000018901
270.500000000000	0.000000018900
271.000000000000	0.000000018924
271.500000000000	0.000000018916
272.000000000000	0.000000018921
272.500000000000	0.000000018926
273.000000000000	0.000000018920
273.500000000000	0.000000018949
274.000000000000	0.000000018943
274.500000000000	0.000000018927
275.000000000000	0.000000018931
275.500000000000	0.000000018951
276.000000000000	0.000000018913
276.500000000000	0.000000018935
277.000000000000	0.000000018932
277.500000000000	0.000000018947
278.000000000000	0.000000018939
278.500000000000	0.000000018947
279.000000000000	0.000000018955
279.500000000000	0.000000018950
280.000000000000	0.000000018936
280.500000000000	0.000000018926
281.000000000000	0.000000018918
281.500000000000	0.000000018911
282.000000000000	0.000000018938
282.500000000000	0.000000018952
283.000000000000	0.000000018939
283.500000000000	0.000000018930
284.000000000000	0.000000018930
284.500000000000	0.000000018923
285.000000000000	0.000000018925
285.500000000000	0.000000018939
286.000000000000	0.000000018932
286.500000000000	0.000000018931
287.000000000000	0.000000018923
287.500000000000	0.000000018929
288.000000000000	0.000000018905
288.500000000000	0.000000018933
289.000000000000	0.000000018931
289.500000000000	0.000000018948
290.000000000000	0.000000018964
290.500000000000	0.000000018947
291.000000000000	0.000000018934
291.500000000000	0.000000018958
292.000000000000	0.000000018934
292.500000000000	0.000000018913
293.000000000000	0.000000018931
293.500000000000	0.000000018910
294.000000000000	0.000000018923
294.500000000000	0.000000018918
295.000000000000	0.000000018922
295.500000000000	0.000000018934
296.000000000000	0.000000018936
296.500000000000	0.000000018946
297.000000000000	0.000000018923
297.500000000000	0.000000018955
298.000000000000	0.000000018925
298.500000000000	0.000000018913
299.000000000000	0.000000018909
299.500000000000	0.000000018932
