Voltage   	Current	
29.980190	7.623495E-9
29.000530	6.814477E-9
28.001210	6.541631E-9
27.000920	6.354168E-9
26.001660	5.979144E-9
25.001330	5.587562E-9
24.001890	5.066926E-9
23.001760	4.229011E-9
22.000780	3.696024E-9
21.001470	3.236629E-9
20.000700	2.666090E-9
19.001310	2.112658E-9
18.001080	1.675887E-9
17.001430	1.273073E-9
16.001050	1.036062E-9
15.001760	7.932308E-10
14.001470	6.405878E-10
13.001930	4.531253E-10
12.001560	4.192663E-10
11.001970	3.340375E-10
10.001550	2.598925E-10
9.002267	2.354975E-10
8.001873	1.784541E-10
7.001096	6.785976E-11
6.001831	6.198843E-11
5.001089	6.973261E-11
4.001892	3.819929E-11
3.001081	3.126514E-11
2.001657	1.724309E-10
1.000949	2.508997E-11
0.001275	7.779749E-12
0.998962	-8.363121E-11
1.999807	-8.569007E-12
2.999188	-2.760026E-11
3.999759	-5.321157E-11
4.998977	-2.496822E-11
5.999856	-3.367409E-11
6.998616	-3.995040E-11
7.999405	-4.566969E-11
8.999726	-6.262613E-11
9.999078	-5.579270E-11
10.999490	-7.087586E-11
11.998920	-7.917700E-11
12.999450	-9.668974E-11
13.998930	-9.749948E-11
14.999390	-9.952411E-11
15.998490	-1.079769E-10
16.999000	-1.229081E-10
17.998370	-1.306523E-10
18.998970	-1.335879E-10
19.998340	-1.392567E-10
20.999160	-1.461403E-10
21.998580	-1.660827E-10
22.999130	-1.618310E-10
23.999100	-1.781795E-10
24.998860	-1.781291E-10
25.999010	-1.891122E-10
26.998870	-2.003488E-10
27.998810	-2.069287E-10
28.998250	-2.159889E-10
