Voltage   	Current	
14.990650	7.305508E-10
13.999560	7.613208E-10
13.000410	7.753899E-10
12.000030	7.910280E-10
11.000730	7.913315E-10
10.000170	8.287820E-10
9.000864	8.280728E-10
8.000555	8.410800E-10
6.999903	8.681047E-10
6.000766	8.782773E-10
4.999840	9.150694E-10
4.000604	9.114253E-10
3.000000	9.256465E-10
2.000511	9.331369E-10
0.999661	9.767614E-10
0.000130	1.007582E-9
0.997996	1.054597E-9
1.998944	1.114113E-9
2.998334	1.069425E-9
3.999063	1.077726E-9
4.998037	1.073677E-9
5.998775	1.093920E-9
6.997745	1.127625E-9
7.998165	1.130156E-9
8.998538	1.138456E-9
9.998091	1.172312E-9
10.998640	1.171654E-9
11.998200	1.189874E-9
12.998610	1.183244E-9
13.998060	1.210928E-9
