Voltage   	Current	
19.987720	3.555802E-9
19.001240	3.187723E-9
18.000820	3.008263E-9
17.001140	2.802234E-9
16.000530	2.543116E-9
15.000840	2.218864E-9
14.000580	1.882921E-9
13.001230	1.536503E-9
12.000870	1.244186E-9
11.001460	9.614333E-10
10.000680	7.543920E-10
9.001405	5.985670E-10
8.000855	5.171878E-10
7.000234	3.404613E-10
6.001316	2.547803E-10
5.000775	2.083690E-10
4.001385	1.152406E-10
3.000575	8.755509E-11
2.000931	3.532201E-11
1.000442	-7.749829E-12
0.000597	-8.032922E-11
0.998473	-1.074579E-10
1.999172	-1.398503E-10
2.998506	-1.953732E-10
3.999111	-1.789747E-10
4.998346	-2.048885E-10
5.999123	-2.262980E-10
6.998415	-2.502883E-10
7.999204	-2.792395E-10
8.999568	-2.981185E-10
9.999078	-3.105691E-10
10.999150	-3.498957E-10
11.999020	-3.428604E-10
12.999570	-3.730261E-10
13.998670	-3.884629E-10
14.999290	-4.127571E-10
15.998620	-4.275363E-10
16.999020	-4.484904E-10
17.998610	-4.708106E-10
18.999040	-4.869058E-10
