Voltage   	Current	
14.991920	-8.388107E-11
14.000500	1.112264E-11
13.001000	9.043583E-11
12.000680	1.674075E-11
11.001320	5.976339E-11
10.001240	1.049116E-10
9.001637	1.607397E-10
8.000963	2.036103E-10
7.000191	3.061501E-10
6.000848	4.144056E-10
5.000428	6.117352E-10
4.001214	9.080586E-10
3.000660	1.306058E-9
2.001210	1.903968E-9
1.000245	2.455520E-9
0.000679	2.939252E-9
0.998752	1.769751E-9
1.999451	2.700626E-9
2.998862	3.205717E-9
3.999591	3.521323E-9
4.998488	3.750890E-9
5.999110	3.900038E-9
6.998213	4.020842E-9
7.998912	4.111993E-9
8.999396	4.175152E-9
9.999018	4.238367E-9
10.999740	4.270099E-9
11.999210	4.323189E-9
12.999180	4.351582E-9
13.998570	4.378558E-9
