Voltage   	Current	
29.981530	-5.576240E-10
29.000350	-3.577998E-10
28.000940	-3.145249E-10
27.000710	-2.910904E-10
26.000970	-4.109130E-12
25.000620	1.032938E-10
24.001590	8.790725E-11
23.000830	8.087178E-11
22.000600	2.737276E-11
21.000970	6.295439E-11
20.000530	2.251381E-11
19.001450	2.919510E-11
18.001070	9.878924E-11
17.001100	1.668651E-10
16.000700	2.536164E-10
15.001200	3.544308E-10
14.000700	4.519558E-10
13.001320	5.267567E-10
12.000870	7.031318E-10
11.001580	8.382084E-10
10.000950	1.134630E-9
9.001597	1.370369E-9
8.001315	1.618256E-9
7.000689	2.152187E-9
6.001595	2.863202E-9
5.000574	3.692492E-9
4.001480	5.246611E-9
3.000733	7.155657E-9
2.001348	9.449487E-9
1.000421	1.176129E-8
0.000855	1.413190E-8
0.998765	1.612309E-8
1.999279	1.817217E-8
2.998639	2.003344E-8
3.999184	2.168629E-8
4.998664	2.306236E-8
5.999260	2.448197E-8
6.998397	2.576725E-8
7.998993	2.699468E-8
8.999439	2.803052E-8
9.998816	2.899715E-8
10.999270	2.992994E-8
11.998820	3.072881E-8
12.999380	3.152512E-8
13.998850	3.229113E-8
14.999390	3.297378E-8
15.998670	3.358648E-8
16.999110	3.424192E-8
17.998380	3.482642E-8
18.999120	3.536766E-8
19.998450	3.591797E-8
20.998690	3.638617E-8
21.998060	3.679522E-8
22.998520	3.726265E-8
23.998750	3.767225E-8
24.998260	3.805951E-8
25.998900	3.843332E-8
26.998560	3.884042E-8
27.998680	3.915411E-8
28.998060	3.952836E-8
