Voltage   	Current	
14.992720	1.603044E-8
14.000670	1.457623E-8
13.001340	1.432788E-8
12.000870	1.427165E-8
11.001520	1.443896E-8
10.001050	1.469041E-8
9.001735	1.500323E-8
8.001375	1.537617E-8
7.000444	1.589946E-8
6.001496	1.652049E-8
5.000745	1.729535E-8
4.001565	1.820250E-8
3.000849	1.924412E-8
2.001588	2.036060E-8
1.000751	2.139307E-8
0.000996	2.244176E-8
0.999095	2.292105E-8
1.999755	2.386637E-8
2.999012	2.468937E-8
3.999673	2.534998E-8
4.998917	2.596486E-8
5.999646	2.645816E-8
6.998831	2.693914E-8
7.999693	2.738571E-8
8.999743	2.771786E-8
9.999297	2.812199E-8
10.999590	2.844575E-8
11.999110	2.881398E-8
12.999430	2.913897E-8
13.998960	2.941526E-8
