Voltage   	Current	
29.981900	8.840706E-12
29.000900	1.300056E-9
28.001330	2.019595E-9
27.000950	2.767275E-9
26.001550	3.605298E-9
25.000890	4.455211E-9
24.001240	5.315702E-9
23.001050	6.214051E-9
22.000620	7.140487E-9
21.000880	8.051390E-9
20.000860	8.998173E-9
19.001920	9.864636E-9
18.001170	1.075939E-8
17.001740	1.174964E-8
16.001060	1.266626E-8
15.001440	1.399167E-8
14.001270	1.473580E-8
13.001870	1.570698E-8
12.001320	1.669612E-8
11.002240	1.766422E-8
10.001080	1.865624E-8
9.002126	1.950656E-8
8.001418	2.036937E-8
7.000804	2.122557E-8
6.001530	2.201722E-8
5.000574	2.278545E-8
4.001226	2.350290E-8
3.000703	2.419010E-8
2.001468	2.484910E-8
1.000979	2.549663E-8
0.001438	2.607774E-8
0.998992	2.644741E-8
1.999459	2.712062E-8
2.998828	2.764148E-8
3.999261	2.819949E-8
4.998565	2.871723E-8
5.999178	2.919369E-8
6.998196	2.968002E-8
7.998968	3.012640E-8
8.999439	3.055953E-8
9.998962	3.102463E-8
10.999600	3.149344E-8
11.999230	3.187979E-8
12.999620	3.231322E-8
13.998890	3.271613E-8
14.999580	3.312810E-8
15.998980	3.350951E-8
16.999200	3.394587E-8
17.998610	3.429712E-8
18.999280	3.471162E-8
19.998630	3.511178E-8
20.998970	3.552195E-8
21.998500	3.590512E-8
22.998740	3.638590E-8
23.998890	3.676285E-8
24.998770	3.724256E-8
25.998940	3.764814E-8
26.998350	3.802919E-8
27.998940	3.837577E-8
28.998360	3.881558E-8
