Voltage   	Current	
14.991220	5.143511E-10
13.999650	5.655667E-10
13.000280	5.552428E-10
11.999760	5.585828E-10
11.000550	5.880371E-10
10.000210	5.935029E-10
9.000813	6.197685E-10
8.000255	6.508930E-10
6.999573	6.915821E-10
6.000144	7.174427E-10
4.999411	8.104108E-10
4.000372	8.348545E-10
3.000047	8.657259E-10
2.000674	8.986217E-10
0.999996	9.547964E-10
0.000271	9.490775E-10
0.997863	1.005051E-9
1.998464	9.858705E-10
2.997961	1.001610E-9
3.998776	1.044121E-9
4.998063	1.029243E-9
5.998556	1.047714E-9
6.997440	1.063352E-9
7.998135	1.082786E-9
8.998816	1.234055E-9
9.998280	1.132787E-9
10.998680	1.104901E-9
11.997820	1.138911E-9
12.998140	1.117099E-9
13.997790	1.155358E-9
