t (s)	Ids (Amps)
0.000000000000	0.000000000000
0.500000000000	0.000000017818
1.000000000000	0.000000017827
1.500000000000	0.000000017812
2.000000000000	0.000000017817
2.500000000000	0.000000017830
3.000000000000	0.000000017849
3.500000000000	0.000000017850
4.000000000000	0.000000017874
4.500000000000	0.000000017869
5.000000000000	0.000000017822
5.500000000000	0.000000017807
6.000000000000	0.000000017801
6.500000000000	0.000000017845
7.000000000000	0.000000017836
7.500000000000	0.000000017840
8.000000000000	0.000000017838
8.500000000000	0.000000017838
9.000000000000	0.000000017842
9.500000000000	0.000000017839
10.000000000000	0.000000017839
10.500000000000	0.000000017818
11.000000000000	0.000000017803
11.500000000000	0.000000017844
12.000000000000	0.000000017831
12.500000000000	0.000000017786
13.000000000000	0.000000017807
13.500000000000	0.000000017807
14.000000000000	0.000000017890
14.500000000000	0.000000017821
15.000000000000	0.000000017800
15.500000000000	0.000000017832
16.000000000000	0.000000017804
16.500000000000	0.000000017776
17.000000000000	0.000000017784
17.500000000000	0.000000017780
18.000000000000	0.000000017800
18.500000000000	0.000000017801
19.000000000000	0.000000017801
19.500000000000	0.000000017876
20.000000000000	0.000000017812
20.500000000000	0.000000017816
21.000000000000	0.000000017800
21.500000000000	0.000000017789
22.000000000000	0.000000017782
22.500000000000	0.000000017796
23.000000000000	0.000000017787
23.500000000000	0.000000017785
24.000000000000	0.000000017774
24.500000000000	0.000000017779
25.000000000000	0.000000017750
25.500000000000	0.000000017746
26.000000000000	0.000000017777
26.500000000000	0.000000017794
27.000000000000	0.000000017793
27.500000000000	0.000000017806
28.000000000000	0.000000017765
28.500000000000	0.000000017781
29.000000000000	0.000000017768
29.500000000000	0.000000017782
30.000000000000	0.000000017785
30.500000000000	0.000000017783
31.000000000000	0.000000017780
31.500000000000	0.000000017787
32.000000000000	0.000000017785
32.500000000000	0.000000017789
33.000000000000	0.000000017770
33.500000000000	0.000000017784
34.000000000000	0.000000017771
34.500000000000	0.000000017770
35.000000000000	0.000000017782
35.500000000000	0.000000017773
36.000000000000	0.000000017751
36.500000000000	0.000000017783
37.000000000000	0.000000017785
37.500000000000	0.000000017783
38.000000000000	0.000000017791
38.500000000000	0.000000017818
39.000000000000	0.000000017798
39.500000000000	0.000000017807
40.000000000000	0.000000017787
40.500000000000	0.000000017770
41.000000000000	0.000000017777
41.500000000000	0.000000017781
42.000000000000	0.000000017804
42.500000000000	0.000000017771
43.000000000000	0.000000017771
43.500000000000	0.000000017799
44.000000000000	0.000000017771
44.500000000000	0.000000017777
45.000000000000	0.000000017777
45.500000000000	0.000000017765
46.000000000000	0.000000017770
46.500000000000	0.000000017776
47.000000000000	0.000000017775
47.500000000000	0.000000017818
48.000000000000	0.000000017809
48.500000000000	0.000000017787
49.000000000000	0.000000017794
49.500000000000	0.000000017782
50.000000000000	0.000000017790
50.500000000000	0.000000017813
51.000000000000	0.000000017811
51.500000000000	0.000000017810
52.000000000000	0.000000017812
52.500000000000	0.000000017810
53.000000000000	0.000000017818
53.500000000000	0.000000017784
54.000000000000	0.000000017778
54.500000000000	0.000000017806
55.000000000000	0.000000017777
55.500000000000	0.000000017769
56.000000000000	0.000000017777
56.500000000000	0.000000017800
57.000000000000	0.000000017800
57.500000000000	0.000000017791
58.000000000000	0.000000017773
58.500000000000	0.000000017789
59.000000000000	0.000000017788
59.500000000000	0.000000017777
60.000000000000	0.000000017754
60.500000000000	0.000000017788
61.000000000000	0.000000017753
61.500000000000	0.000000017770
62.000000000000	0.000000017767
62.500000000000	0.000000017797
63.000000000000	0.000000017775
63.500000000000	0.000000017767
64.000000000000	0.000000017772
64.500000000000	0.000000017773
65.000000000000	0.000000017775
65.500000000000	0.000000017786
66.000000000000	0.000000017785
66.500000000000	0.000000017790
67.000000000000	0.000000017793
67.500000000000	0.000000017806
68.000000000000	0.000000017796
68.500000000000	0.000000017788
69.000000000000	0.000000017792
69.500000000000	0.000000017774
70.000000000000	0.000000017802
70.500000000000	0.000000017803
71.000000000000	0.000000017796
71.500000000000	0.000000017783
72.000000000000	0.000000017775
72.500000000000	0.000000017781
73.000000000000	0.000000017787
73.500000000000	0.000000017792
74.000000000000	0.000000017813
74.500000000000	0.000000017793
75.000000000000	0.000000017814
75.500000000000	0.000000017792
76.000000000000	0.000000017790
76.500000000000	0.000000017790
77.000000000000	0.000000017798
77.500000000000	0.000000017783
78.000000000000	0.000000017789
78.500000000000	0.000000017816
79.000000000000	0.000000017805
79.500000000000	0.000000017817
80.000000000000	0.000000017786
80.500000000000	0.000000017823
81.000000000000	0.000000017813
81.500000000000	0.000000017809
82.000000000000	0.000000017793
82.500000000000	0.000000017804
83.000000000000	0.000000017791
83.500000000000	0.000000017754
84.000000000000	0.000000017776
84.500000000000	0.000000017780
85.000000000000	0.000000017793
85.500000000000	0.000000017788
86.000000000000	0.000000017808
86.500000000000	0.000000017792
87.000000000000	0.000000017802
87.500000000000	0.000000017797
88.000000000000	0.000000017796
88.500000000000	0.000000017797
89.000000000000	0.000000017799
89.500000000000	0.000000017801
90.000000000000	0.000000017814
90.500000000000	0.000000017793
91.000000000000	0.000000017820
91.500000000000	0.000000017803
92.000000000000	0.000000017790
92.500000000000	0.000000017788
93.000000000000	0.000000017790
93.500000000000	0.000000017791
94.000000000000	0.000000017823
94.500000000000	0.000000017815
95.000000000000	0.000000017789
95.500000000000	0.000000017798
96.000000000000	0.000000017867
96.500000000000	0.000000017777
97.000000000000	0.000000017810
97.500000000000	0.000000017789
98.000000000000	0.000000017803
98.500000000000	0.000000017798
99.000000000000	0.000000017790
99.500000000000	0.000000017829
100.000000000000	0.000000017817
100.500000000000	0.000000017799
101.000000000000	0.000000017820
101.500000000000	0.000000017816
102.000000000000	0.000000017802
102.500000000000	0.000000017807
103.000000000000	0.000000017787
103.500000000000	0.000000017804
104.000000000000	0.000000017793
104.500000000000	0.000000017786
105.000000000000	0.000000017807
105.500000000000	0.000000017801
106.000000000000	0.000000017793
106.500000000000	0.000000017809
107.000000000000	0.000000017810
107.500000000000	0.000000017809
108.000000000000	0.000000017813
108.500000000000	0.000000017815
109.000000000000	0.000000017834
109.500000000000	0.000000017818
110.000000000000	0.000000017820
110.500000000000	0.000000017816
111.000000000000	0.000000017805
111.500000000000	0.000000017822
112.000000000000	0.000000017811
112.500000000000	0.000000017815
113.000000000000	0.000000017814
113.500000000000	0.000000017821
114.000000000000	0.000000017805
114.500000000000	0.000000017836
115.000000000000	0.000000017841
115.500000000000	0.000000017829
116.000000000000	0.000000017822
116.500000000000	0.000000017831
117.000000000000	0.000000017820
117.500000000000	0.000000017819
118.000000000000	0.000000017809
118.500000000000	0.000000017830
119.000000000000	0.000000017823
119.500000000000	0.000000017808
120.000000000000	0.000000017814
120.500000000000	0.000000017832
121.000000000000	0.000000017810
121.500000000000	0.000000017833
122.000000000000	0.000000017818
122.500000000000	0.000000017858
123.000000000000	0.000000017815
123.500000000000	0.000000017805
124.000000000000	0.000000017812
124.500000000000	0.000000017803
125.000000000000	0.000000017812
125.500000000000	0.000000017808
126.000000000000	0.000000017823
126.500000000000	0.000000017790
127.000000000000	0.000000017794
127.500000000000	0.000000017794
128.000000000000	0.000000017804
128.500000000000	0.000000017805
129.000000000000	0.000000017801
129.500000000000	0.000000017817
130.000000000000	0.000000017813
130.500000000000	0.000000017812
131.000000000000	0.000000017825
131.500000000000	0.000000017821
132.000000000000	0.000000017824
132.500000000000	0.000000017815
133.000000000000	0.000000017827
133.500000000000	0.000000017823
134.000000000000	0.000000017825
134.500000000000	0.000000017817
135.000000000000	0.000000017822
135.500000000000	0.000000017841
136.000000000000	0.000000017820
136.500000000000	0.000000017848
137.000000000000	0.000000017818
137.500000000000	0.000000017843
138.000000000000	0.000000017871
138.500000000000	0.000000017846
139.000000000000	0.000000017839
139.500000000000	0.000000017836
140.000000000000	0.000000017853
140.500000000000	0.000000017839
141.000000000000	0.000000017855
141.500000000000	0.000000017836
142.000000000000	0.000000017832
142.500000000000	0.000000017834
143.000000000000	0.000000017817
143.500000000000	0.000000017821
144.000000000000	0.000000017821
144.500000000000	0.000000017836
145.000000000000	0.000000017833
145.500000000000	0.000000017851
146.000000000000	0.000000017818
146.500000000000	0.000000017806
147.000000000000	0.000000017814
147.500000000000	0.000000017809
148.000000000000	0.000000017827
148.500000000000	0.000000017812
149.000000000000	0.000000017836
149.500000000000	0.000000017830
150.000000000000	0.000000017801
150.500000000000	0.000000017809
151.000000000000	0.000000017827
151.500000000000	0.000000017788
152.000000000000	0.000000017787
152.500000000000	0.000000017816
153.000000000000	0.000000017814
153.500000000000	0.000000017810
154.000000000000	0.000000017797
154.500000000000	0.000000017807
155.000000000000	0.000000017770
155.500000000000	0.000000017807
156.000000000000	0.000000017795
156.500000000000	0.000000017787
157.000000000000	0.000000017816
157.500000000000	0.000000017810
158.000000000000	0.000000017809
158.500000000000	0.000000017802
159.000000000000	0.000000017802
159.500000000000	0.000000017802
160.000000000000	0.000000017788
160.500000000000	0.000000017808
161.000000000000	0.000000017820
161.500000000000	0.000000017811
162.000000000000	0.000000017830
162.500000000000	0.000000017831
163.000000000000	0.000000017834
163.500000000000	0.000000017833
164.000000000000	0.000000017805
164.500000000000	0.000000017819
165.000000000000	0.000000017810
165.500000000000	0.000000017814
166.000000000000	0.000000017847
166.500000000000	0.000000017832
167.000000000000	0.000000017839
167.500000000000	0.000000017834
168.000000000000	0.000000017842
168.500000000000	0.000000017804
169.000000000000	0.000000017812
169.500000000000	0.000000017818
170.000000000000	0.000000017807
170.500000000000	0.000000017799
171.000000000000	0.000000017793
171.500000000000	0.000000017797
172.000000000000	0.000000017793
172.500000000000	0.000000017792
173.000000000000	0.000000017803
173.500000000000	0.000000017767
174.000000000000	0.000000017779
174.500000000000	0.000000017786
175.000000000000	0.000000017781
175.500000000000	0.000000017784
176.000000000000	0.000000017790
176.500000000000	0.000000017797
177.000000000000	0.000000017801
177.500000000000	0.000000017777
178.000000000000	0.000000017794
178.500000000000	0.000000017782
179.000000000000	0.000000017806
179.500000000000	0.000000017813
180.000000000000	0.000000017809
180.500000000000	0.000000017796
181.000000000000	0.000000017832
181.500000000000	0.000000017788
182.000000000000	0.000000017812
182.500000000000	0.000000017866
183.000000000000	0.000000017806
183.500000000000	0.000000017803
184.000000000000	0.000000017817
184.500000000000	0.000000017784
185.000000000000	0.000000017798
185.500000000000	0.000000017794
186.000000000000	0.000000017796
186.500000000000	0.000000017885
187.000000000000	0.000000017793
187.500000000000	0.000000017798
188.000000000000	0.000000017820
188.500000000000	0.000000017814
189.000000000000	0.000000017812
189.500000000000	0.000000017816
190.000000000000	0.000000017828
190.500000000000	0.000000017818
191.000000000000	0.000000017803
191.500000000000	0.000000017815
192.000000000000	0.000000017793
192.500000000000	0.000000017787
193.000000000000	0.000000017779
193.500000000000	0.000000017816
194.000000000000	0.000000017806
194.500000000000	0.000000017786
195.000000000000	0.000000017812
195.500000000000	0.000000017815
196.000000000000	0.000000017807
196.500000000000	0.000000017826
197.000000000000	0.000000017804
197.500000000000	0.000000017808
198.000000000000	0.000000017805
198.500000000000	0.000000017789
199.000000000000	0.000000017821
199.500000000000	0.000000017813
200.000000000000	0.000000017819
200.500000000000	0.000000017825
201.000000000000	0.000000017924
201.500000000000	0.000000017782
202.000000000000	0.000000017814
202.500000000000	0.000000017821
203.000000000000	0.000000017826
203.500000000000	0.000000017857
204.000000000000	0.000000017890
204.500000000000	0.000000017905
205.000000000000	0.000000017899
205.500000000000	0.000000017892
206.000000000000	0.000000017899
206.500000000000	0.000000017884
207.000000000000	0.000000017884
207.500000000000	0.000000017847
208.000000000000	0.000000017848
208.500000000000	0.000000017870
209.000000000000	0.000000017833
209.500000000000	0.000000017778
210.000000000000	0.000000017805
210.500000000000	0.000000017807
211.000000000000	0.000000017795
211.500000000000	0.000000017848
212.000000000000	0.000000017827
212.500000000000	0.000000017821
213.000000000000	0.000000017823
213.500000000000	0.000000017819
214.000000000000	0.000000017803
214.500000000000	0.000000017815
215.000000000000	0.000000017775
215.500000000000	0.000000017753
216.000000000000	0.000000017769
216.500000000000	0.000000017796
217.000000000000	0.000000017791
217.500000000000	0.000000017784
218.000000000000	0.000000017818
218.500000000000	0.000000017789
219.000000000000	0.000000017814
219.500000000000	0.000000017792
220.000000000000	0.000000017779
220.500000000000	0.000000017792
221.000000000000	0.000000017801
221.500000000000	0.000000017787
222.000000000000	0.000000017805
222.500000000000	0.000000017807
223.000000000000	0.000000017820
223.500000000000	0.000000017821
224.000000000000	0.000000017797
224.500000000000	0.000000017809
225.000000000000	0.000000017817
225.500000000000	0.000000017801
226.000000000000	0.000000017811
226.500000000000	0.000000017800
227.000000000000	0.000000017767
227.500000000000	0.000000017815
228.000000000000	0.000000017811
228.500000000000	0.000000017793
229.000000000000	0.000000017793
229.500000000000	0.000000017789
230.000000000000	0.000000017784
230.500000000000	0.000000017795
231.000000000000	0.000000017766
231.500000000000	0.000000017765
232.000000000000	0.000000017781
232.500000000000	0.000000017786
233.000000000000	0.000000017788
233.500000000000	0.000000017795
234.000000000000	0.000000017781
234.500000000000	0.000000017773
235.000000000000	0.000000017796
235.500000000000	0.000000017792
236.000000000000	0.000000017776
236.500000000000	0.000000017816
237.000000000000	0.000000017813
237.500000000000	0.000000017822
238.000000000000	0.000000017786
238.500000000000	0.000000017786
239.000000000000	0.000000017763
239.500000000000	0.000000017761
240.000000000000	0.000000017772
240.500000000000	0.000000017761
241.000000000000	0.000000017800
241.500000000000	0.000000017777
242.000000000000	0.000000017783
242.500000000000	0.000000017798
243.000000000000	0.000000017792
243.500000000000	0.000000017784
244.000000000000	0.000000017803
244.500000000000	0.000000017813
245.000000000000	0.000000017797
245.500000000000	0.000000017801
246.000000000000	0.000000017795
246.500000000000	0.000000017824
247.000000000000	0.000000017799
247.500000000000	0.000000017821
248.000000000000	0.000000017789
248.500000000000	0.000000017784
249.000000000000	0.000000017788
249.500000000000	0.000000017796
250.000000000000	0.000000017779
250.500000000000	0.000000017777
251.000000000000	0.000000017801
251.500000000000	0.000000017792
252.000000000000	0.000000017798
252.500000000000	0.000000017809
253.000000000000	0.000000017802
253.500000000000	0.000000017815
254.000000000000	0.000000017813
254.500000000000	0.000000017803
255.000000000000	0.000000017829
255.500000000000	0.000000017836
256.000000000000	0.000000017839
256.500000000000	0.000000017823
257.000000000000	0.000000017818
257.500000000000	0.000000017801
258.000000000000	0.000000017834
258.500000000000	0.000000017852
259.000000000000	0.000000017849
259.500000000000	0.000000017805
260.000000000000	0.000000017851
260.500000000000	0.000000017814
261.000000000000	0.000000017833
261.500000000000	0.000000017861
262.000000000000	0.000000017818
262.500000000000	0.000000017787
263.000000000000	0.000000017787
263.500000000000	0.000000017780
264.000000000000	0.000000017791
264.500000000000	0.000000017789
265.000000000000	0.000000017809
265.500000000000	0.000000017810
266.000000000000	0.000000017797
266.500000000000	0.000000017796
267.000000000000	0.000000017806
267.500000000000	0.000000017799
268.000000000000	0.000000017819
268.500000000000	0.000000017824
269.000000000000	0.000000017826
269.500000000000	0.000000017818
270.000000000000	0.000000017824
270.500000000000	0.000000017831
271.000000000000	0.000000017821
271.500000000000	0.000000017807
272.000000000000	0.000000017816
272.500000000000	0.000000017806
273.000000000000	0.000000017811
273.500000000000	0.000000017824
274.000000000000	0.000000017811
274.500000000000	0.000000017821
275.000000000000	0.000000017821
275.500000000000	0.000000017812
276.000000000000	0.000000017803
276.500000000000	0.000000017827
277.000000000000	0.000000017830
277.500000000000	0.000000017810
278.000000000000	0.000000017823
278.500000000000	0.000000017830
279.000000000000	0.000000017808
279.500000000000	0.000000017809
280.000000000000	0.000000017810
280.500000000000	0.000000017783
281.000000000000	0.000000017781
281.500000000000	0.000000017805
282.000000000000	0.000000017802
282.500000000000	0.000000017824
283.000000000000	0.000000017779
283.500000000000	0.000000017821
284.000000000000	0.000000017794
284.500000000000	0.000000017786
285.000000000000	0.000000017800
285.500000000000	0.000000017780
286.000000000000	0.000000017807
286.500000000000	0.000000017798
287.000000000000	0.000000017797
287.500000000000	0.000000017816
288.000000000000	0.000000017798
288.500000000000	0.000000017810
289.000000000000	0.000000017804
289.500000000000	0.000000017789
290.000000000000	0.000000017818
290.500000000000	0.000000017809
291.000000000000	0.000000017781
291.500000000000	0.000000017786
292.000000000000	0.000000017783
292.500000000000	0.000000017785
293.000000000000	0.000000017782
293.500000000000	0.000000017793
294.000000000000	0.000000017772
294.500000000000	0.000000017767
295.000000000000	0.000000017766
295.500000000000	0.000000017788
296.000000000000	0.000000017803
296.500000000000	0.000000017782
297.000000000000	0.000000017774
297.500000000000	0.000000017771
298.000000000000	0.000000017732
298.500000000000	0.000000017756
299.000000000000	0.000000017774
299.500000000000	0.000000017773
