Voltage   	Current	
19.988030	7.223284E-9
19.001560	6.592558E-9
18.001090	6.203352E-9
17.001740	5.920388E-9
16.001160	5.592575E-9
15.001560	5.044554E-9
14.000750	4.415756E-9
13.001580	3.566443E-9
12.001390	2.970240E-9
11.001430	2.399291E-9
10.001060	1.879763E-9
9.001817	1.424817E-9
8.001456	1.081874E-9
7.000817	8.174792E-10
6.001706	6.094153E-10
5.000750	4.501917E-10
4.001278	3.466913E-10
3.000678	2.693064E-10
2.001335	1.601306E-10
1.000314	1.235860E-10
0.000936	5.064876E-11
0.998700	4.270114E-10
1.999446	2.057715E-12
2.998940	-4.117345E-12
3.999815	-2.805861E-11
4.998857	-1.793532E-11
5.999805	-3.392991E-11
6.998449	-4.678641E-11
7.999478	8.800327E-11
8.999834	-6.794351E-11
9.998923	-5.503659E-11
10.999540	-6.672876E-11
11.998940	-6.682990E-11
12.999400	-1.515130E-11
13.998790	-7.998979E-11
14.999170	-9.654103E-11
15.998480	-9.942619E-11
16.999000	-1.107640E-10
17.998610	-1.082337E-10
18.998820	-1.298967E-10
