Voltage   	Current	
29.981150	-5.266526E-10
29.000860	-2.518169E-10
28.001480	-2.325328E-10
27.001050	-2.041383E-10
26.001790	-1.916364E-10
25.001190	-1.814630E-10
24.001670	-1.766546E-10
23.001170	-1.616221E-10
22.000820	-1.575225E-10
21.001230	-1.275081E-10
20.001040	-1.334299E-10
19.001640	-1.278624E-10
18.001000	-1.074142E-10
17.001510	-8.797832E-11
16.001110	-3.660483E-11
15.001500	5.971425E-11
14.000720	3.022527E-10
13.001420	5.709915E-10
12.000970	1.004061E-9
11.001730	1.413192E-9
10.001290	1.829154E-9
9.001911	2.225987E-9
8.001521	2.660877E-9
7.000817	2.946725E-9
6.001796	3.251444E-9
5.000732	3.556368E-9
4.001523	3.825815E-9
3.000549	3.936246E-9
2.001154	4.180793E-9
1.000288	4.396343E-9
0.000876	4.608701E-9
0.998936	4.697977E-9
1.999631	4.862001E-9
2.999055	5.268247E-9
3.999342	5.420987E-9
4.998587	5.584049E-9
5.999612	5.725309E-9
6.998415	5.879662E-9
7.999071	6.062873E-9
8.999122	6.152204E-9
9.998593	6.341529E-9
10.999130	6.362333E-9
11.998570	6.489919E-9
12.999000	6.552674E-9
13.998490	6.700759E-9
14.999170	6.754457E-9
15.998860	6.855320E-9
16.999170	6.947430E-9
17.998270	6.934624E-9
18.999050	7.000418E-9
19.997840	7.046371E-9
20.998200	7.152955E-9
21.998050	7.250787E-9
22.998570	7.291828E-9
23.999060	7.300890E-9
24.998630	7.299214E-9
25.998820	7.313038E-9
26.998400	7.327201E-9
27.998440	7.328423E-9
28.997880	7.416934E-9
