Voltage   	Current	
14.991940	3.040353E-9
14.000810	3.013227E-9
13.001450	3.040556E-9
12.001090	3.060648E-9
11.001570	3.071732E-9
10.000890	3.073604E-9
9.001800	3.114040E-9
8.001229	3.137830E-9
7.000560	3.202658E-9
6.001346	3.278877E-9
5.000672	3.298869E-9
4.001402	3.337181E-9
3.000274	3.383690E-9
2.001086	3.428074E-9
1.000412	3.489717E-9
0.000868	3.517755E-9
0.998803	3.603540E-9
1.999494	3.554396E-9
2.998815	3.558344E-9
3.999308	3.629958E-9
4.998582	3.636841E-9
5.999676	3.643572E-9
6.998552	3.676315E-9
7.999341	3.712603E-9
8.999683	3.715689E-9
9.999198	3.717966E-9
10.999710	3.775207E-9
11.999150	3.783709E-9
12.999360	3.801675E-9
13.998690	3.766452E-9
