t (s)	Ids (Amps)
0.000000000000	0.000000001125
0.500000000000	0.000000001093
1.000000000000	0.000000001118
1.500000000000	0.000000001153
2.000000000000	0.000000001152
2.500000000000	0.000000001150
3.000000000000	0.000000001167
3.500000000000	0.000000001181
4.000000000000	0.000000001171
4.500000000000	0.000000001178
5.000000000000	0.000000001189
5.500000000000	0.000000001201
6.000000000000	0.000000001156
6.500000000000	0.000000001171
7.000000000000	0.000000001172
7.500000000000	0.000000001186
8.000000000000	0.000000001217
8.500000000000	0.000000001203
9.000000000000	0.000000001208
9.500000000000	0.000000001246
10.000000000000	0.000000001215
10.500000000000	0.000000001228
11.000000000000	0.000000001275
11.500000000000	0.000000001361
12.000000000000	0.000000001479
12.500000000000	0.000000001502
13.000000000000	0.000000001341
13.500000000000	0.000000001145
14.000000000000	0.000000001156
14.500000000000	0.000000001210
15.000000000000	0.000000001172
15.500000000000	0.000000001148
16.000000000000	0.000000001164
16.500000000000	0.000000001174
17.000000000000	0.000000001176
17.500000000000	0.000000001169
18.000000000000	0.000000001180
18.500000000000	0.000000001193
19.000000000000	0.000000001186
19.500000000000	0.000000001209
20.000000000000	0.000000001202
20.500000000000	0.000000001208
21.000000000000	0.000000001227
21.500000000000	0.000000001196
22.000000000000	0.000000001212
22.500000000000	0.000000001211
23.000000000000	0.000000001212
23.500000000000	0.000000001243
24.000000000000	0.000000001210
24.500000000000	0.000000001222
25.000000000000	0.000000001191
25.500000000000	0.000000001220
26.000000000000	0.000000001227
26.500000000000	0.000000001217
27.000000000000	0.000000001222
27.500000000000	0.000000001224
28.000000000000	0.000000001210
28.500000000000	0.000000001215
29.000000000000	0.000000001224
29.500000000000	0.000000001232
30.000000000000	0.000000001244
30.500000000000	0.000000001226
31.000000000000	0.000000001229
31.500000000000	0.000000001208
32.000000000000	0.000000001215
32.500000000000	0.000000001225
33.000000000000	0.000000001228
33.500000000000	0.000000001247
34.000000000000	0.000000001231
34.500000000000	0.000000001249
35.000000000000	0.000000001243
35.500000000000	0.000000001231
36.000000000000	0.000000001245
36.500000000000	0.000000001274
37.000000000000	0.000000001261
37.500000000000	0.000000001297
38.000000000000	0.000000001253
38.500000000000	0.000000001247
39.000000000000	0.000000001237
39.500000000000	0.000000001471
40.000000000000	0.000000001378
40.500000000000	0.000000001276
41.000000000000	0.000000001241
41.500000000000	0.000000001176
42.000000000000	0.000000001177
42.500000000000	0.000000001189
43.000000000000	0.000000001213
43.500000000000	0.000000001189
44.000000000000	0.000000001187
44.500000000000	0.000000001223
45.000000000000	0.000000001222
45.500000000000	0.000000001222
46.000000000000	0.000000001222
46.500000000000	0.000000001236
47.000000000000	0.000000001231
47.500000000000	0.000000001228
48.000000000000	0.000000001255
48.500000000000	0.000000001251
49.000000000000	0.000000001250
49.500000000000	0.000000001244
50.000000000000	0.000000001239
50.500000000000	0.000000001238
51.000000000000	0.000000001264
51.500000000000	0.000000001269
52.000000000000	0.000000001277
52.500000000000	0.000000001271
53.000000000000	0.000000001249
53.500000000000	0.000000001237
54.000000000000	0.000000001272
54.500000000000	0.000000001256
55.000000000000	0.000000001239
55.500000000000	0.000000001235
56.000000000000	0.000000001235
56.500000000000	0.000000001243
57.000000000000	0.000000001248
57.500000000000	0.000000001229
58.000000000000	0.000000001226
58.500000000000	0.000000001231
59.000000000000	0.000000001218
59.500000000000	0.000000001220
60.000000000000	0.000000001247
60.500000000000	0.000000001322
61.000000000000	0.000000001347
61.500000000000	0.000000001306
62.000000000000	0.000000001358
62.500000000000	0.000000001298
63.000000000000	0.000000001258
63.500000000000	0.000000001281
64.000000000000	0.000000001248
64.500000000000	0.000000001258
65.000000000000	0.000000001484
65.500000000000	0.000000001338
66.000000000000	0.000000001309
66.500000000000	0.000000001272
67.000000000000	0.000000001239
67.500000000000	0.000000001214
68.000000000000	0.000000001206
68.500000000000	0.000000001189
69.000000000000	0.000000001182
69.500000000000	0.000000001152
70.000000000000	0.000000001165
70.500000000000	0.000000001178
71.000000000000	0.000000001166
71.500000000000	0.000000001189
72.000000000000	0.000000001202
72.500000000000	0.000000001219
73.000000000000	0.000000001224
73.500000000000	0.000000001259
74.000000000000	0.000000001239
74.500000000000	0.000000001232
75.000000000000	0.000000001199
75.500000000000	0.000000001190
76.000000000000	0.000000001186
76.500000000000	0.000000001196
77.000000000000	0.000000001213
77.500000000000	0.000000001208
78.000000000000	0.000000001218
78.500000000000	0.000000001236
79.000000000000	0.000000001229
79.500000000000	0.000000001222
80.000000000000	0.000000001246
80.500000000000	0.000000001260
81.000000000000	0.000000001253
81.500000000000	0.000000001261
82.000000000000	0.000000001263
82.500000000000	0.000000001253
83.000000000000	0.000000001251
83.500000000000	0.000000001278
84.000000000000	0.000000001257
84.500000000000	0.000000001261
85.000000000000	0.000000001246
85.500000000000	0.000000001266
86.000000000000	0.000000001242
86.500000000000	0.000000001247
87.000000000000	0.000000001254
87.500000000000	0.000000001234
88.000000000000	0.000000001245
88.500000000000	0.000000001246
89.000000000000	0.000000001247
89.500000000000	0.000000001241
90.000000000000	0.000000001258
90.500000000000	0.000000001249
91.000000000000	0.000000001235
91.500000000000	0.000000001227
92.000000000000	0.000000001225
92.500000000000	0.000000001224
93.000000000000	0.000000001229
93.500000000000	0.000000001241
94.000000000000	0.000000001246
94.500000000000	0.000000001218
95.000000000000	0.000000001249
95.500000000000	0.000000001281
96.000000000000	0.000000001273
96.500000000000	0.000000001239
97.000000000000	0.000000001237
97.500000000000	0.000000001251
98.000000000000	0.000000001234
98.500000000000	0.000000001245
99.000000000000	0.000000001230
99.500000000000	0.000000001251
100.000000000000	0.000000001249
100.500000000000	0.000000001227
101.000000000000	0.000000001264
101.500000000000	0.000000001227
102.000000000000	0.000000001266
102.500000000000	0.000000001263
103.000000000000	0.000000001287
103.500000000000	0.000000001257
104.000000000000	0.000000001248
104.500000000000	0.000000001263
105.000000000000	0.000000001252
105.500000000000	0.000000001255
106.000000000000	0.000000001256
106.500000000000	0.000000001263
107.000000000000	0.000000001253
107.500000000000	0.000000001230
108.000000000000	0.000000001232
108.500000000000	0.000000001243
109.000000000000	0.000000001238
109.500000000000	0.000000001240
110.000000000000	0.000000001259
110.500000000000	0.000000001259
111.000000000000	0.000000001270
111.500000000000	0.000000001259
112.000000000000	0.000000001262
112.500000000000	0.000000001265
113.000000000000	0.000000001246
113.500000000000	0.000000001240
114.000000000000	0.000000001246
114.500000000000	0.000000001254
115.000000000000	0.000000001243
115.500000000000	0.000000001252
116.000000000000	0.000000001255
116.500000000000	0.000000001258
117.000000000000	0.000000001249
117.500000000000	0.000000001217
118.000000000000	0.000000001204
118.500000000000	0.000000001244
119.000000000000	0.000000001231
119.500000000000	0.000000001306
120.000000000000	0.000000001466
120.500000000000	0.000000001408
121.000000000000	0.000000001357
121.500000000000	0.000000001328
122.000000000000	0.000000001306
122.500000000000	0.000000001294
123.000000000000	0.000000001267
123.500000000000	0.000000001268
124.000000000000	0.000000001272
124.500000000000	0.000000001252
125.000000000000	0.000000001223
125.500000000000	0.000000001138
126.000000000000	0.000000001121
126.500000000000	0.000000001142
127.000000000000	0.000000001152
127.500000000000	0.000000001187
128.000000000000	0.000000001244
128.500000000000	0.000000001237
129.000000000000	0.000000001224
129.500000000000	0.000000001231
130.000000000000	0.000000001259
130.500000000000	0.000000001239
131.000000000000	0.000000001244
131.500000000000	0.000000001223
132.000000000000	0.000000001240
132.500000000000	0.000000001232
133.000000000000	0.000000001234
133.500000000000	0.000000001233
134.000000000000	0.000000001237
134.500000000000	0.000000001245
135.000000000000	0.000000001244
135.500000000000	0.000000001232
136.000000000000	0.000000001248
136.500000000000	0.000000001244
137.000000000000	0.000000001236
137.500000000000	0.000000001247
138.000000000000	0.000000001259
138.500000000000	0.000000001251
139.000000000000	0.000000001257
139.500000000000	0.000000001253
140.000000000000	0.000000001264
140.500000000000	0.000000001259
141.000000000000	0.000000001254
141.500000000000	0.000000001251
142.000000000000	0.000000001262
142.500000000000	0.000000001261
143.000000000000	0.000000001256
143.500000000000	0.000000001261
144.000000000000	0.000000001242
144.500000000000	0.000000001159
145.000000000000	0.000000001328
145.500000000000	0.000000001266
146.000000000000	0.000000001249
146.500000000000	0.000000001268
147.000000000000	0.000000001246
147.500000000000	0.000000001246
148.000000000000	0.000000001255
148.500000000000	0.000000001280
149.000000000000	0.000000001268
149.500000000000	0.000000001267
150.000000000000	0.000000001278
150.500000000000	0.000000001256
151.000000000000	0.000000001227
151.500000000000	0.000000001250
152.000000000000	0.000000001256
152.500000000000	0.000000001273
153.000000000000	0.000000001263
153.500000000000	0.000000001260
154.000000000000	0.000000001253
154.500000000000	0.000000001238
155.000000000000	0.000000001246
155.500000000000	0.000000001246
156.000000000000	0.000000001233
156.500000000000	0.000000001237
157.000000000000	0.000000001268
157.500000000000	0.000000001247
158.000000000000	0.000000001262
158.500000000000	0.000000001247
159.000000000000	0.000000001236
159.500000000000	0.000000001243
160.000000000000	0.000000001253
160.500000000000	0.000000001269
161.000000000000	0.000000001241
161.500000000000	0.000000001253
162.000000000000	0.000000001242
162.500000000000	0.000000001237
163.000000000000	0.000000001234
163.500000000000	0.000000001233
164.000000000000	0.000000001240
164.500000000000	0.000000001204
165.000000000000	0.000000001230
165.500000000000	0.000000001246
166.000000000000	0.000000001249
166.500000000000	0.000000001250
167.000000000000	0.000000001241
167.500000000000	0.000000001237
168.000000000000	0.000000001227
168.500000000000	0.000000001248
169.000000000000	0.000000001230
169.500000000000	0.000000001242
170.000000000000	0.000000001232
170.500000000000	0.000000001240
171.000000000000	0.000000001237
171.500000000000	0.000000001254
172.000000000000	0.000000001233
172.500000000000	0.000000001241
173.000000000000	0.000000001251
173.500000000000	0.000000001245
174.000000000000	0.000000001260
174.500000000000	0.000000001259
175.000000000000	0.000000001240
175.500000000000	0.000000001247
176.000000000000	0.000000001245
176.500000000000	0.000000001246
177.000000000000	0.000000001253
177.500000000000	0.000000001245
178.000000000000	0.000000001246
178.500000000000	0.000000001219
179.000000000000	0.000000001256
179.500000000000	0.000000001269
180.000000000000	0.000000001227
180.500000000000	0.000000001236
181.000000000000	0.000000001244
181.500000000000	0.000000001227
182.000000000000	0.000000001243
182.500000000000	0.000000001243
183.000000000000	0.000000001243
183.500000000000	0.000000001230
184.000000000000	0.000000001249
184.500000000000	0.000000001234
185.000000000000	0.000000001202
185.500000000000	0.000000001219
186.000000000000	0.000000001240
186.500000000000	0.000000001269
187.000000000000	0.000000001248
187.500000000000	0.000000001272
188.000000000000	0.000000001245
188.500000000000	0.000000001248
189.000000000000	0.000000001249
189.500000000000	0.000000001241
190.000000000000	0.000000001248
190.500000000000	0.000000001263
191.000000000000	0.000000001237
191.500000000000	0.000000001228
192.000000000000	0.000000001228
192.500000000000	0.000000001224
193.000000000000	0.000000001222
193.500000000000	0.000000001238
194.000000000000	0.000000001243
194.500000000000	0.000000001250
195.000000000000	0.000000001232
195.500000000000	0.000000001238
196.000000000000	0.000000001240
196.500000000000	0.000000001247
197.000000000000	0.000000001245
197.500000000000	0.000000001253
198.000000000000	0.000000001260
198.500000000000	0.000000001247
199.000000000000	0.000000001235
199.500000000000	0.000000001270
200.000000000000	0.000000001259
200.500000000000	0.000000001278
201.000000000000	0.000000001248
201.500000000000	0.000000001226
202.000000000000	0.000000001230
202.500000000000	0.000000001243
203.000000000000	0.000000001262
203.500000000000	0.000000001252
204.000000000000	0.000000001233
204.500000000000	0.000000001208
205.000000000000	0.000000001214
205.500000000000	0.000000001230
206.000000000000	0.000000001222
206.500000000000	0.000000001248
207.000000000000	0.000000001247
207.500000000000	0.000000001230
208.000000000000	0.000000001257
208.500000000000	0.000000001240
209.000000000000	0.000000001234
209.500000000000	0.000000001242
210.000000000000	0.000000001237
210.500000000000	0.000000001244
211.000000000000	0.000000001250
211.500000000000	0.000000001256
212.000000000000	0.000000001265
212.500000000000	0.000000001258
213.000000000000	0.000000001274
213.500000000000	0.000000001274
214.000000000000	0.000000001285
214.500000000000	0.000000001244
215.000000000000	0.000000001243
215.500000000000	0.000000001244
216.000000000000	0.000000001253
216.500000000000	0.000000001260
217.000000000000	0.000000001272
217.500000000000	0.000000001239
218.000000000000	0.000000001244
218.500000000000	0.000000001248
219.000000000000	0.000000001237
219.500000000000	0.000000001255
220.000000000000	0.000000001232
220.500000000000	0.000000001228
221.000000000000	0.000000001237
221.500000000000	0.000000001246
222.000000000000	0.000000001222
222.500000000000	0.000000001196
223.000000000000	0.000000001234
223.500000000000	0.000000001224
224.000000000000	0.000000001218
224.500000000000	0.000000001238
225.000000000000	0.000000001232
225.500000000000	0.000000001226
226.000000000000	0.000000001222
226.500000000000	0.000000001255
227.000000000000	0.000000001227
227.500000000000	0.000000001255
228.000000000000	0.000000001242
228.500000000000	0.000000001245
229.000000000000	0.000000001258
229.500000000000	0.000000001272
230.000000000000	0.000000001233
230.500000000000	0.000000001258
231.000000000000	0.000000001247
231.500000000000	0.000000001251
232.000000000000	0.000000001242
232.500000000000	0.000000001234
233.000000000000	0.000000001206
233.500000000000	0.000000001240
234.000000000000	0.000000001233
234.500000000000	0.000000001214
235.000000000000	0.000000001227
235.500000000000	0.000000001228
236.000000000000	0.000000001214
236.500000000000	0.000000001253
237.000000000000	0.000000001255
237.500000000000	0.000000001254
238.000000000000	0.000000001243
238.500000000000	0.000000001227
239.000000000000	0.000000001244
239.500000000000	0.000000001237
240.000000000000	0.000000001244
240.500000000000	0.000000001248
241.000000000000	0.000000001241
241.500000000000	0.000000001221
242.000000000000	0.000000001234
242.500000000000	0.000000001222
243.000000000000	0.000000001237
243.500000000000	0.000000001257
244.000000000000	0.000000001240
244.500000000000	0.000000001236
245.000000000000	0.000000001258
245.500000000000	0.000000001232
246.000000000000	0.000000001206
246.500000000000	0.000000001233
247.000000000000	0.000000001235
247.500000000000	0.000000001211
248.000000000000	0.000000001238
248.500000000000	0.000000001251
249.000000000000	0.000000001245
249.500000000000	0.000000001239
250.000000000000	0.000000001237
250.500000000000	0.000000001248
251.000000000000	0.000000001247
251.500000000000	0.000000001234
252.000000000000	0.000000001257
252.500000000000	0.000000001251
253.000000000000	0.000000001253
253.500000000000	0.000000001253
254.000000000000	0.000000001269
254.500000000000	0.000000001222
255.000000000000	0.000000001243
255.500000000000	0.000000001241
256.000000000000	0.000000001243
256.500000000000	0.000000001228
257.000000000000	0.000000001253
257.500000000000	0.000000001257
258.000000000000	0.000000001261
258.500000000000	0.000000001271
259.000000000000	0.000000001254
259.500000000000	0.000000001256
260.000000000000	0.000000001224
260.500000000000	0.000000001224
261.000000000000	0.000000001234
261.500000000000	0.000000001245
262.000000000000	0.000000001259
262.500000000000	0.000000001236
263.000000000000	0.000000001245
263.500000000000	0.000000001251
264.000000000000	0.000000001251
264.500000000000	0.000000001250
265.000000000000	0.000000001237
265.500000000000	0.000000001237
266.000000000000	0.000000001251
266.500000000000	0.000000001237
267.000000000000	0.000000001251
267.500000000000	0.000000001257
268.000000000000	0.000000001245
268.500000000000	0.000000001261
269.000000000000	0.000000001255
269.500000000000	0.000000001235
270.000000000000	0.000000001232
270.500000000000	0.000000001223
271.000000000000	0.000000001263
271.500000000000	0.000000001257
272.000000000000	0.000000001253
272.500000000000	0.000000001251
273.000000000000	0.000000001256
273.500000000000	0.000000001233
274.000000000000	0.000000001214
274.500000000000	0.000000001261
275.000000000000	0.000000001237
275.500000000000	0.000000001240
276.000000000000	0.000000001245
276.500000000000	0.000000001251
277.000000000000	0.000000001249
277.500000000000	0.000000001250
278.000000000000	0.000000001273
278.500000000000	0.000000001272
279.000000000000	0.000000001282
279.500000000000	0.000000001270
280.000000000000	0.000000001264
280.500000000000	0.000000001259
281.000000000000	0.000000001374
281.500000000000	0.000000001349
282.000000000000	0.000000001297
282.500000000000	0.000000001279
283.000000000000	0.000000001292
283.500000000000	0.000000001270
284.000000000000	0.000000001272
284.500000000000	0.000000001279
285.000000000000	0.000000001260
285.500000000000	0.000000001247
286.000000000000	0.000000001247
286.500000000000	0.000000001262
287.000000000000	0.000000001245
287.500000000000	0.000000001239
288.000000000000	0.000000001263
288.500000000000	0.000000001301
289.000000000000	0.000000001245
289.500000000000	0.000000001305
290.000000000000	0.000000001226
290.500000000000	0.000000001254
291.000000000000	0.000000001248
291.500000000000	0.000000001245
292.000000000000	0.000000001248
292.500000000000	0.000000001252
293.000000000000	0.000000001241
293.500000000000	0.000000001260
294.000000000000	0.000000001233
294.500000000000	0.000000001239
295.000000000000	0.000000001254
295.500000000000	0.000000001249
296.000000000000	0.000000001283
296.500000000000	0.000000001285
297.000000000000	0.000000001295
297.500000000000	0.000000001297
298.000000000000	0.000000001293
298.500000000000	0.000000001282
299.000000000000	0.000000001301
299.500000000000	0.000000001288
