Voltage   	Current	
29.982950	3.871027E-8
29.001740	3.720275E-8
28.002290	3.659595E-8
27.001760	3.610875E-8
26.002230	3.555995E-8
25.001760	3.507089E-8
24.002330	3.458532E-8
23.001700	3.407733E-8
22.001420	3.358382E-8
21.001460	3.301489E-8
20.001400	3.244449E-8
19.002070	3.187854E-8
18.001280	3.121108E-8
17.002040	3.056137E-8
16.001570	2.987989E-8
15.002070	2.917780E-8
14.001510	2.844348E-8
13.001580	2.771794E-8
12.001080	2.693047E-8
11.002070	2.610752E-8
10.001540	2.535504E-8
9.001920	2.462010E-8
8.001573	2.378622E-8
7.001105	2.299334E-8
6.001745	2.226002E-8
5.000947	2.137696E-8
4.001497	2.075022E-8
3.000686	1.990775E-8
2.001112	1.902639E-8
1.000404	1.834840E-8
0.000962	1.754554E-8
0.999078	1.763069E-8
1.999721	1.624963E-8
2.998686	1.557604E-8
3.999475	1.501203E-8
4.998363	1.418256E-8
5.999080	1.348983E-8
6.998174	1.274726E-8
7.999096	1.222910E-8
8.999563	1.157773E-8
9.998748	1.122163E-8
10.999540	1.038790E-8
11.998930	9.772168E-9
12.999000	9.209169E-9
13.998240	8.527931E-9
14.999260	7.858491E-9
15.998230	7.151097E-9
16.998870	6.341816E-9
17.998380	5.596006E-9
18.999030	4.592030E-9
19.997980	3.486625E-9
20.998850	2.385269E-9
21.998400	1.432154E-9
22.998870	6.322408E-10
23.998560	7.114802E-11
24.998140	-2.624601E-10
25.998620	-2.800745E-10
26.998310	-3.326639E-10
27.998630	-2.816937E-10
28.998270	-1.921547E-10
