Voltage   	Current	
14.991720	4.104228E-9
14.000660	4.015713E-9
13.001590	3.997997E-9
12.001130	4.019558E-9
11.001560	3.954474E-9
10.000910	3.923246E-9
9.001426	3.923044E-9
8.000898	3.882302E-9
7.000247	3.844093E-9
6.001037	3.808212E-9
5.000415	3.794191E-9
4.001106	3.769746E-9
3.000519	3.749604E-9
2.001408	3.962064E-9
1.000623	3.694892E-9
0.001121	3.655419E-9
0.999031	3.630062E-9
1.999446	3.599595E-9
2.998772	3.537040E-9
3.999222	3.505965E-9
4.998260	3.478788E-9
5.999093	3.479953E-9
6.998221	3.405656E-9
7.999071	3.404289E-9
8.999546	3.374988E-9
9.999069	3.313749E-9
10.999490	3.288646E-9
11.998900	3.245728E-9
12.999520	3.184087E-9
13.998960	3.147191E-9
