Voltage   	Current	
14.991150	3.025572E-8
14.000650	3.015859E-8
13.001360	3.012012E-8
12.001340	3.002173E-8
11.001880	2.993094E-8
10.001130	2.985631E-8
9.001705	2.974121E-8
8.001272	2.962437E-8
7.000577	2.947426E-8
6.001534	2.936356E-8
5.000458	2.919100E-8
4.001201	2.901579E-8
3.000557	2.881068E-8
2.001086	2.857837E-8
1.000674	2.832232E-8
0.001460	2.796070E-8
0.999155	2.515770E-8
1.999751	2.485610E-8
2.998987	2.438632E-8
3.999673	2.385843E-8
4.998801	2.318670E-8
5.999522	2.253766E-8
6.998732	2.175918E-8
7.999229	2.093334E-8
8.999714	2.005714E-8
9.999271	1.900477E-8
10.999730	1.786953E-8
11.999300	1.670844E-8
12.999490	1.531134E-8
13.999080	1.386161E-8
