Voltage   	Current	
14.991840	1.654030E-8
14.000910	1.547599E-8
13.001350	1.450755E-8
12.000810	1.410627E-8
11.001400	1.413674E-8
10.000960	1.438707E-8
9.001619	1.497044E-8
8.000955	1.559213E-8
7.000238	1.643722E-8
6.001217	1.764213E-8
5.000316	1.891450E-8
4.001175	2.021829E-8
3.000656	2.151813E-8
2.001292	2.278550E-8
1.000760	2.389643E-8
0.001348	2.484602E-8
0.999164	2.544012E-8
1.999760	2.620028E-8
2.998879	2.682040E-8
3.999411	2.730430E-8
4.998651	2.770217E-8
5.999311	2.811007E-8
6.998354	2.845691E-8
7.999165	2.879565E-8
8.999388	2.912144E-8
9.999095	2.932385E-8
10.999500	2.956886E-8
11.998940	2.979383E-8
12.999410	3.004603E-8
13.998600	3.027019E-8
