Voltage   	Current	
14.991880	3.001202E-8
14.000870	3.002848E-8
13.001700	2.996935E-8
12.001030	2.983884E-8
11.001140	2.972879E-8
10.001300	2.961876E-8
9.001997	2.949178E-8
8.001422	2.937511E-8
7.000646	2.921622E-8
6.001603	2.897706E-8
5.000638	2.879089E-8
4.001398	2.862584E-8
3.000776	2.834875E-8
2.001240	2.807417E-8
1.000627	2.775533E-8
0.001237	2.736354E-8
0.999159	2.707177E-8
1.999790	2.654101E-8
2.998875	2.603332E-8
3.999707	2.542862E-8
4.998694	2.472218E-8
5.999547	2.398336E-8
6.998569	2.313299E-8
7.999096	2.217050E-8
8.999542	2.115454E-8
9.998829	2.006021E-8
10.999320	1.899253E-8
11.998930	1.776869E-8
12.999380	1.665464E-8
13.998640	1.551112E-8
