Voltage   	Current	
14.991520	1.260269E-9
13.999700	1.146148E-9
13.000120	1.116795E-9
11.999650	1.113961E-9
11.000510	1.095893E-9
10.000180	1.084456E-9
9.000881	1.036681E-9
8.000203	1.038452E-9
6.999367	1.036580E-9
6.000466	1.013047E-9
4.999990	9.984210E-10
4.000583	1.026610E-9
2.999858	9.659813E-10
2.000236	9.941705E-10
0.999657	9.659307E-10
0.000383	9.282273E-10
0.998460	9.326303E-10
1.999112	8.748352E-10
2.998184	9.310109E-10
3.998484	8.721027E-10
4.997823	8.328304E-10
5.998569	8.466471E-10
6.998110	7.466441E-10
7.998431	7.451254E-10
8.998838	7.038293E-10
9.997962	6.670872E-10
10.998400	6.078755E-10
11.997880	5.276105E-10
12.998540	4.837329E-10
13.998130	3.928907E-10
