Voltage   	Current	
14.990770	2.261452E-8
14.001080	2.146665E-8
13.001790	2.120577E-8
12.000970	2.122267E-8
11.001850	2.131427E-8
10.001100	2.151661E-8
9.001718	2.177440E-8
8.001225	2.201703E-8
7.000624	2.235626E-8
6.001251	2.277579E-8
5.000492	2.320741E-8
4.001454	2.370848E-8
3.000793	2.425755E-8
2.001596	2.487857E-8
1.000717	2.550991E-8
0.001134	2.609852E-8
0.999099	2.642599E-8
1.999734	2.690550E-8
2.999004	2.730750E-8
3.999694	2.766977E-8
4.998630	2.795573E-8
5.999333	2.827283E-8
6.998380	2.850275E-8
7.999118	2.877027E-8
8.999469	2.900734E-8
9.998898	2.921671E-8
10.999500	2.943840E-8
11.999150	2.961632E-8
12.999630	2.978848E-8
13.998960	2.999604E-8
