Voltage   	Current	
19.987140	5.757805E-9
19.000940	4.998823E-9
18.000600	4.560395E-9
17.001230	4.234980E-9
16.000620	3.704852E-9
15.000930	2.871368E-9
14.001030	2.160160E-9
13.001100	1.640203E-9
12.001040	1.195704E-9
11.001650	8.498918E-10
10.001080	6.216959E-10
9.001353	4.774601E-10
8.001332	3.252787E-10
7.000573	2.399517E-10
6.001599	1.398891E-10
5.000591	8.846583E-11
4.001544	5.627580E-11
3.000626	-1.858144E-11
2.001124	-2.288342E-11
1.000172	-1.704214E-10
0.000752	-1.478478E-10
0.998799	-1.650562E-10
1.999700	-1.940070E-10
2.998940	-2.014978E-10
3.999510	-2.296388E-10
4.998376	-2.332827E-10
5.999058	-2.590452E-10
6.998131	-2.752416E-10
7.998869	-3.211479E-10
8.999623	-3.073304E-10
9.998868	-4.028377E-10
10.999440	-3.248930E-10
11.998830	-3.591076E-10
12.999060	-3.874003E-10
13.998240	-4.356859E-10
14.999080	-3.994468E-10
15.998420	-4.453023E-10
16.998910	-4.871595E-10
17.998660	-5.170719E-10
18.998750	-5.406572E-10
