Voltage   	Current	
29.982740	3.541312E-8
29.000060	3.049907E-8
28.000190	2.952124E-8
26.999910	2.864519E-8
26.000600	2.774802E-8
24.999970	2.688136E-8
24.000610	2.584141E-8
23.000030	2.457563E-8
22.000110	2.338451E-8
21.000670	2.203317E-8
20.000060	2.069519E-8
19.000850	1.938023E-8
18.000450	1.814281E-8
17.001110	1.694180E-8
16.000680	1.579224E-8
15.001190	1.464004E-8
14.000180	1.345187E-8
13.000870	1.240655E-8
12.000620	1.144843E-8
11.001170	1.048863E-8
10.000360	9.620567E-9
9.001503	8.811183E-9
8.001349	8.132070E-9
7.000422	7.485650E-9
6.001105	6.876322E-9
5.000290	6.343213E-9
4.001188	5.851859E-9
3.000351	5.373203E-9
2.001129	4.962973E-9
1.000185	4.986710E-9
0.000666	4.230468E-9
0.998661	4.033756E-9
1.998974	3.659051E-9
2.998652	3.354388E-9
3.999128	3.073311E-9
4.998265	2.855592E-9
5.998930	2.626793E-9
6.998067	2.370411E-9
7.998757	2.175265E-9
8.998856	2.007904E-9
9.998121	1.818476E-9
10.998850	1.664526E-9
11.998270	1.524341E-9
12.998700	1.364773E-9
13.997870	1.228839E-9
14.998390	1.136681E-9
15.997690	9.865768E-10
16.998160	8.654710E-10
17.997550	7.730094E-10
18.998020	6.559018E-10
19.997270	5.205750E-10
20.997420	4.729020E-10
21.996980	3.706226E-10
22.997640	2.842341E-10
23.998090	2.804892E-10
24.997740	1.385239E-10
25.998200	3.917129E-11
26.997810	6.169394E-11
27.997730	-1.638363E-10
28.997160	-2.079198E-10
