Voltage   	Current	
29.982670	-2.864771E-10
29.000580	1.129961E-9
28.000980	1.841675E-9
27.000730	2.622066E-9
26.001170	3.375583E-9
25.000660	4.386796E-9
24.001190	5.174024E-9
23.000760	6.122786E-9
22.000350	7.093521E-9
21.000660	8.001444E-9
20.000250	8.977485E-9
19.001120	9.925044E-9
18.000810	1.084597E-8
17.001050	1.184525E-8
16.000770	1.284057E-8
15.001230	1.373352E-8
14.000720	1.473942E-8
13.001340	1.569098E-8
12.001000	1.667183E-8
11.001530	1.760511E-8
10.000760	1.853747E-8
9.001542	1.939803E-8
8.001001	2.028394E-8
7.000581	2.107203E-8
6.001586	2.186319E-8
5.000853	2.259074E-8
4.001493	2.330823E-8
3.000802	2.415968E-8
2.001245	2.468550E-8
1.000399	2.534737E-8
0.000876	2.591692E-8
0.998584	2.598003E-8
1.999176	2.675657E-8
2.998609	2.743923E-8
3.999214	2.793960E-8
4.998531	2.848511E-8
5.999427	2.895896E-8
6.998698	2.947477E-8
7.999358	2.993627E-8
8.999580	3.032648E-8
9.999031	3.082446E-8
10.999320	3.125975E-8
11.998380	3.170429E-8
12.998790	3.213255E-8
13.998100	3.250180E-8
14.998670	3.288320E-8
15.998170	3.334124E-8
16.998970	3.374647E-8
17.998480	3.410667E-8
18.999070	3.449789E-8
19.998270	3.483873E-8
20.998470	3.529778E-8
21.997770	3.576734E-8
22.998160	3.623305E-8
23.998610	3.676044E-8
24.998120	3.709559E-8
25.998800	3.750784E-8
26.998360	3.785838E-8
27.998710	3.823590E-8
28.998330	3.867331E-8
