Voltage   	Current	
29.983240	-1.057520E-9
29.000490	-6.498290E-10
28.001060	-6.134385E-10
27.000840	-6.098454E-10
26.001150	-5.811979E-10
25.000510	-5.622684E-10
24.001050	-5.482991E-10
23.000520	-5.221321E-10
22.000260	-5.039114E-10
21.000630	-4.769858E-10
20.000460	-4.474779E-10
19.001420	-4.299661E-10
18.000740	-4.117452E-10
17.001540	-3.856793E-10
16.001270	-3.462008E-10
15.001750	-2.687118E-10
14.001160	-1.209211E-10
13.001810	8.122851E-11
12.001410	3.763430E-10
11.001900	6.633968E-10
10.001200	9.680122E-10
9.001949	1.355322E-9
8.001353	1.696680E-9
7.000607	1.993450E-9
6.001380	2.342503E-9
5.000518	2.637551E-9
4.001523	2.881891E-9
3.000961	3.108771E-9
2.001206	3.359134E-9
1.000799	3.507267E-9
0.001108	3.755098E-9
0.999022	3.669266E-9
1.999652	4.930237E-9
2.998849	4.288666E-9
3.999621	4.588123E-9
4.998771	4.813230E-9
5.999393	5.107063E-9
6.998676	5.208787E-9
7.999302	5.402166E-9
8.999310	5.446606E-9
9.998692	5.719942E-9
10.999060	5.800965E-9
11.999010	6.133821E-9
12.999120	5.970608E-9
13.998420	6.058111E-9
14.998730	6.080783E-9
15.998190	6.165608E-9
16.999120	6.344508E-9
17.998050	6.446231E-9
18.998620	6.512120E-9
19.997980	6.631965E-9
20.998360	6.795280E-9
21.997940	6.900198E-9
22.998460	6.978889E-9
23.998800	7.035019E-9
24.998290	7.096503E-9
25.998760	7.213613E-9
26.998250	7.302482E-9
27.998780	7.335482E-9
28.998320	7.445807E-9
