Voltage   	Current	
29.982110	-9.999692E-10
29.000350	-5.109446E-10
28.000520	-4.691883E-10
27.000270	-4.579025E-10
26.000580	-4.403906E-10
25.000710	-4.119960E-10
24.001190	-3.824886E-10
23.000370	-3.772752E-10
22.000240	-3.631548E-10
21.000670	-3.474641E-10
20.000020	-3.191716E-10
19.001120	-2.903727E-10
18.000460	-2.789848E-10
17.001070	-2.090881E-10
16.000430	-7.911341E-11
15.001130	2.787182E-10
14.000870	9.846604E-10
13.001560	2.305500E-9
12.001080	3.944971E-9
11.001530	5.568397E-9
10.000880	7.682384E-9
9.001288	9.499590E-9
8.000989	1.115673E-8
7.000354	1.290683E-8
6.001414	1.433354E-8
5.000732	1.602093E-8
4.001196	1.729168E-8
3.000343	1.885669E-8
2.000923	2.001747E-8
1.000305	2.102225E-8
0.001056	2.214951E-8
0.998945	2.173994E-8
1.999494	2.363288E-8
2.998510	2.456997E-8
3.998819	2.546808E-8
4.997904	2.644970E-8
5.999080	2.681146E-8
6.998106	2.770640E-8
7.998985	2.842364E-8
8.999460	2.934619E-8
9.998671	3.002732E-8
10.998950	3.058899E-8
11.998380	3.115371E-8
12.998690	3.172941E-8
13.998280	3.206339E-8
14.998860	3.250494E-8
15.998500	3.260122E-8
16.998830	3.304747E-8
17.998200	3.355408E-8
18.998600	3.409108E-8
19.997450	3.428344E-8
20.997800	3.437090E-8
21.997470	3.463016E-8
22.998350	3.489515E-8
23.998840	3.518872E-8
24.998250	3.552618E-8
25.998540	3.581101E-8
26.997710	3.631132E-8
27.998270	3.622312E-8
28.997650	3.662637E-8
