Voltage   	Current	
14.991790	4.579524E-9
14.000570	4.428757E-9
13.001470	4.381790E-9
12.001160	4.350057E-9
11.001350	4.302886E-9
10.000910	4.265790E-9
9.001722	4.216193E-9
8.001272	4.177880E-9
7.000654	4.133343E-9
6.001311	4.068917E-9
5.000488	4.031868E-9
4.000909	3.970985E-9
3.000454	3.943708E-9
2.001416	3.891882E-9
1.000683	3.861566E-9
0.000833	3.776845E-9
0.998618	3.708623E-9
1.999159	3.636602E-9
2.998699	3.600922E-9
3.999647	3.549859E-9
4.998703	3.495045E-9
5.999157	3.424696E-9
6.998277	3.335267E-9
7.999345	3.321502E-9
8.999834	3.248827E-9
9.998782	3.156360E-9
10.999150	3.053574E-9
11.998750	2.960399E-9
12.999190	2.865604E-9
13.998930	2.808821E-9
