Voltage   	Current	
14.990200	3.281118E-10
13.999970	3.747223E-10
13.000380	3.219375E-10
11.999750	3.259357E-10
11.000380	3.589831E-10
10.000110	4.148548E-10
9.000919	4.461814E-10
8.000440	4.950184E-10
6.999440	5.592407E-10
6.000286	6.342928E-10
4.999930	7.039812E-10
4.000634	7.513505E-10
2.999746	8.183563E-10
2.000275	8.564644E-10
0.999614	9.302514E-10
0.000456	9.552016E-10
0.998460	1.010517E-9
1.999013	1.021094E-9
2.998077	1.047309E-9
3.998514	1.082886E-9
4.997574	1.086632E-9
5.998693	1.121652E-9
6.997990	1.121855E-9
7.998594	1.147767E-9
8.998753	1.182940E-9
9.997967	1.225451E-9
10.998580	1.244783E-9
11.997960	1.253995E-9
12.998470	1.279804E-9
13.997980	1.272669E-9
