Voltage   	Current	
39.975670	9.151212E-9
39.002210	7.975839E-9
38.001970	7.691613E-9
37.001980	7.445747E-9
36.001650	7.104428E-9
35.002570	6.602829E-9
34.001470	5.970801E-9
33.001090	5.191360E-9
32.001640	4.649526E-9
31.001190	4.108650E-9
30.001450	3.555330E-9
29.000920	3.023163E-9
28.001580	2.719754E-9
27.001540	2.259048E-9
26.001680	1.863327E-9
25.001700	1.655824E-9
24.002050	1.522922E-9
23.001710	1.314862E-9
22.001260	1.156351E-9
21.001180	1.109182E-9
20.001010	9.952592E-10
19.001630	9.214186E-10
18.001430	8.353814E-10
17.002350	7.437764E-10
16.001250	6.591057E-10
15.001870	5.973612E-10
14.001110	5.497875E-10
13.002210	5.275697E-10
12.001670	4.663313E-10
11.002390	4.240212E-10
10.001200	3.933007E-10
9.001988	3.665785E-10
8.001693	3.174360E-10
7.001255	2.861589E-10
6.001891	2.470878E-10
5.001192	2.035092E-10
4.001840	1.603856E-10
3.000828	1.092143E-10
2.001386	8.562792E-11
1.000773	1.625114E-10
0.001202	-1.176087E-12
0.998661	2.627770E-10
1.999275	-9.967191E-11
2.998708	-1.454271E-10
3.999518	-1.873361E-10
4.998415	-2.511105E-10
5.999462	-2.680155E-10
6.998895	-3.164031E-10
7.999302	-3.652962E-10
8.999285	-4.162647E-10
9.998628	-4.631347E-10
10.999400	-5.107625E-10
11.998970	-5.508492E-10
12.999580	-5.919480E-10
13.998850	-6.433213E-10
14.999290	-6.842184E-10
15.998690	-7.348832E-10
16.998930	-7.817018E-10
17.998260	-8.284182E-10
18.999160	-8.703780E-10
19.998460	-9.127931E-10
20.998720	-9.734290E-10
21.998430	-1.014275E-9
22.998420	-1.047984E-9
23.998810	-1.093588E-9
24.998280	-1.144455E-9
25.999110	-1.186010E-9
26.998640	-1.232271E-9
27.999110	-1.272813E-9
28.998320	-1.343674E-9
29.998910	-1.363868E-9
30.998170	-1.411648E-9
31.998750	-1.462414E-9
32.998200	-1.518343E-9
33.998990	-1.550281E-9
34.999900	-1.593910E-9
35.999130	-1.631314E-9
36.999460	-1.633592E-9
37.998950	-1.722167E-9
38.999270	-1.794394E-9
