Voltage   	Current	
19.984720	4.471018E-8
19.000800	4.040377E-8
18.000460	3.837784E-8
17.000840	3.651029E-8
16.000300	3.454919E-8
15.001200	3.255327E-8
14.000460	3.047366E-8
13.001660	2.826729E-8
12.000860	2.606049E-8
11.001610	2.378114E-8
10.000970	2.152990E-8
9.001692	1.945192E-8
8.001302	1.750293E-8
7.000770	1.580870E-8
6.001637	1.414920E-8
5.000655	1.271091E-8
4.001505	1.130339E-8
3.000575	1.014957E-8
2.001373	9.022514E-9
1.000464	8.072278E-9
0.000958	7.195034E-9
0.998795	6.375831E-9
1.999245	5.643221E-9
2.998776	5.107475E-9
3.999179	4.553014E-9
4.998329	4.078762E-9
5.999135	3.659925E-9
6.998329	3.272972E-9
7.998706	2.923115E-9
8.999216	2.688747E-9
9.998868	2.468347E-9
10.999400	2.208168E-9
11.999000	2.021372E-9
12.999380	1.834170E-9
13.998440	1.675817E-9
14.999090	1.509517E-9
15.998140	1.314674E-9
16.998710	1.192759E-9
17.998040	1.068515E-9
18.998500	9.537853E-10
