Voltage   	Current	
14.990860	1.469177E-8
13.999740	1.320913E-8
13.000750	1.289859E-8
12.000440	1.294004E-8
11.000480	1.307679E-8
10.000550	1.330012E-8
9.001164	1.347320E-8
8.000560	1.376351E-8
6.999963	1.406802E-8
6.000466	1.450330E-8
4.999793	1.485523E-8
4.000484	1.533323E-8
2.999776	1.586741E-8
2.000421	1.635932E-8
0.999636	1.683742E-8
0.000331	1.733252E-8
0.998370	1.774307E-8
1.998824	1.819921E-8
2.998274	1.856258E-8
3.998978	1.888840E-8
4.998175	1.924469E-8
5.999045	1.952163E-8
6.998020	1.980958E-8
7.998577	2.006363E-8
8.998645	2.031014E-8
9.998250	2.052383E-8
10.998690	2.079863E-8
11.998040	2.103699E-8
12.998460	2.128088E-8
13.997800	2.148042E-8
