Voltage   	Current	
29.977480	5.605557E-9
29.000190	4.743185E-9
28.000720	4.516352E-9
27.000620	4.272062E-9
26.001300	4.007483E-9
25.000540	3.829136E-9
24.001150	3.666578E-9
23.001040	3.366875E-9
22.000730	3.173952E-9
21.001140	2.954716E-9
20.000690	2.722674E-9
19.001340	2.552678E-9
18.000570	2.353229E-9
17.001130	2.172959E-9
16.000640	2.006102E-9
15.001440	1.827705E-9
14.001300	1.679269E-9
13.001910	1.518940E-9
12.001190	1.376679E-9
11.001950	1.200508E-9
10.001220	1.064168E-9
9.001863	9.349641E-10
8.001315	8.290900E-10
7.000616	6.851079E-10
6.001479	6.272110E-10
5.000462	5.548913E-10
4.001308	4.878848E-10
3.000515	3.726990E-10
2.001446	3.244688E-10
1.000704	1.637282E-10
0.001275	2.085209E-10
0.999258	1.636775E-10
1.999511	1.148358E-10
2.998776	6.563963E-11
3.999231	-1.412681E-11
4.998239	-8.457957E-12
5.999011	-6.742243E-11
6.998118	-8.194861E-11
7.998813	-1.325617E-10
8.999173	-1.576151E-10
9.998696	-2.037745E-10
10.999170	-2.356103E-10
11.998680	-2.714443E-10
12.999240	-3.072280E-10
13.998450	-3.326357E-10
14.999230	-3.700389E-10
15.998630	-4.035450E-10
16.999280	-4.429219E-10
17.998540	-4.681781E-10
18.999030	-4.804265E-10
19.998420	-5.259785E-10
20.998820	-5.331659E-10
21.998210	-5.644954E-10
22.998620	-5.932939E-10
23.998850	-6.111601E-10
24.998080	-6.371256E-10
25.998620	-6.606597E-10
26.998340	-6.919896E-10
27.998960	-7.086415E-10
28.998400	-7.278240E-10
