Voltage   	Current	
29.981210	-1.108885E-9
29.000130	-5.666680E-10
28.000390	-5.328588E-10
27.000150	-5.105882E-10
26.000740	-4.949496E-10
25.000540	-4.582044E-10
24.000680	-4.468676E-10
23.000200	-4.300127E-10
21.999940	-4.144246E-10
21.000580	-3.947863E-10
20.000070	-3.628486E-10
19.000760	-3.460457E-10
18.000480	-3.532839E-10
17.000960	-3.090478E-10
16.000820	-2.969512E-10
15.001020	-2.746819E-10
14.000520	-2.495776E-10
13.001550	-2.374306E-10
12.001160	-2.268015E-10
11.001650	-2.090866E-10
10.001060	-1.889433E-10
9.001585	-1.686979E-10
8.000864	-1.488069E-10
7.000045	-1.223873E-10
6.001234	-1.011294E-10
5.000050	-6.742121E-11
4.000960	-2.186951E-11
3.000497	8.725216E-11
2.000948	2.498206E-10
1.000605	5.440089E-10
0.001181	7.235686E-10
0.998897	8.065167E-10
1.999485	1.115027E-9
2.998721	1.403497E-9
3.999394	1.640244E-9
4.998604	1.869602E-9
5.999466	2.068748E-9
6.998522	2.285252E-9
7.999144	2.486876E-9
8.999216	2.630099E-9
9.998734	2.804395E-9
10.999370	2.954500E-9
11.998370	3.101569E-9
12.998700	3.259014E-9
13.998160	3.452339E-9
14.998810	3.579216E-9
15.998340	3.707963E-9
16.998990	3.832460E-9
17.998320	3.948458E-9
18.998670	4.086517E-9
19.997520	4.223257E-9
20.997890	4.370229E-9
21.997490	4.449835E-9
22.998010	4.593767E-9
23.998510	4.641033E-9
24.998150	4.699841E-9
25.998630	4.830416E-9
26.998200	4.938211E-9
27.998380	4.988614E-9
28.997860	5.074447E-9
