Voltage   	Current	
19.986370	4.576995E-9
19.000900	3.670133E-9
18.000130	3.175833E-9
17.001020	2.758309E-9
16.000870	2.292554E-9
15.001360	1.931864E-9
14.000520	1.620314E-9
13.001320	1.326275E-9
12.001290	1.114173E-9
11.001600	9.423043E-10
10.000690	7.677031E-10
9.001477	6.296416E-10
8.001302	5.071675E-10
7.000508	3.742683E-10
6.001256	2.407109E-10
5.000578	1.433814E-10
4.001390	1.101790E-10
3.000858	5.227731E-11
2.001249	-2.015058E-11
1.000052	-4.682377E-11
0.000679	-2.042820E-10
0.999091	-1.614630E-10
1.999421	-1.894017E-10
2.998472	-2.039276E-10
3.999252	-2.527696E-10
4.998775	-2.607664E-10
5.999208	-2.942725E-10
6.998097	-3.241848E-10
7.999217	-3.393181E-10
8.999808	-3.493398E-10
9.998803	-3.875527E-10
10.999220	-4.184769E-10
11.998500	-4.371540E-10
12.999300	-4.413550E-10
13.998950	-4.798717E-10
14.999200	-5.055327E-10
15.998200	-5.361537E-10
16.998890	-5.593849E-10
17.998540	-5.724432E-10
18.999100	-6.052404E-10
