Voltage   	Current	
29.983590	3.170962E-8
28.999740	3.034059E-8
28.000740	2.965044E-8
27.000110	2.901596E-8
26.000570	2.877892E-8
24.999910	2.837511E-8
24.000930	2.804771E-8
23.000020	2.759967E-8
21.999730	2.728237E-8
21.000240	2.686328E-8
20.000010	2.641155E-8
19.000710	2.599044E-8
18.000330	2.551634E-8
17.000860	2.508819E-8
16.000220	2.455721E-8
15.000920	2.411494E-8
14.000420	2.356569E-8
13.001160	2.313877E-8
12.000880	2.258111E-8
11.001580	2.202032E-8
10.000600	2.150963E-8
9.001434	2.100371E-8
8.001109	2.044691E-8
7.000281	1.990318E-8
6.001410	1.934214E-8
5.000685	1.878722E-8
4.001501	1.819297E-8
3.000836	1.763471E-8
2.001425	1.698910E-8
1.000318	1.635169E-8
0.000769	1.575325E-8
0.998631	1.453521E-8
1.999197	1.459917E-8
2.998373	1.353478E-8
3.998883	1.294605E-8
4.998037	1.231192E-8
5.998822	1.165635E-8
6.997977	1.092713E-8
7.998560	1.025900E-8
8.999022	9.659088E-9
9.998568	9.127398E-9
10.998970	8.388612E-9
11.998630	7.837335E-9
12.999020	7.192535E-9
13.998140	6.600363E-9
14.998680	6.031984E-9
15.998290	5.300847E-9
16.998930	4.421876E-9
17.998110	3.800606E-9
18.998830	3.129439E-9
19.997950	2.658781E-9
20.998170	2.206291E-9
21.997700	1.624091E-9
22.998150	1.274742E-9
23.998550	7.994278E-10
24.997960	4.473450E-10
25.998560	1.851381E-10
26.997750	-2.930811E-11
27.998290	-1.599396E-10
28.997710	-3.262030E-10
