Voltage   	Current	
19.984930	4.104433E-9
19.000710	3.191556E-9
17.999990	2.847214E-9
17.000680	2.484855E-9
16.000180	2.123965E-9
15.001110	1.830533E-9
14.000810	1.554817E-9
13.001360	1.270296E-9
12.001080	1.033396E-9
11.001440	9.039894E-10
10.000960	7.155729E-10
9.000962	5.732612E-10
8.000474	4.595432E-10
7.000199	3.837313E-10
6.000758	2.818559E-10
5.000097	1.993094E-10
4.000943	1.316397E-10
3.000321	7.019536E-11
2.001069	-1.944037E-11
1.000468	-5.846312E-11
0.000778	-9.282922E-11
0.998782	-1.132265E-10
1.999382	-1.445561E-10
2.998373	-1.653578E-10
3.998767	-1.752782E-10
4.998076	-1.987119E-10
5.998827	-2.103532E-10
6.998230	-2.358114E-10
7.998732	-2.445669E-10
8.999268	-2.530708E-10
9.998666	-2.711899E-10
10.999370	-2.975088E-10
11.998730	-3.205883E-10
12.999120	-3.293444E-10
13.998500	-3.469576E-10
14.998960	-3.827917E-10
15.998140	-3.827408E-10
16.998310	-3.832472E-10
17.997540	-4.315320E-10
18.998190	-4.443879E-10
