Voltage   	Current	
29.975980	1.569477E-9
29.000970	2.782954E-9
28.001400	3.247251E-9
27.001230	3.573787E-9
26.001710	3.830279E-9
25.000940	4.136825E-9
24.001490	4.430109E-9
23.001120	4.669648E-9
22.000630	4.992282E-9
21.000820	5.322110E-9
20.000980	5.478745E-9
19.001510	6.340281E-9
18.001020	6.528602E-9
17.001630	7.006913E-9
16.001100	7.529921E-9
15.001960	8.020180E-9
14.001210	8.564085E-9
13.001830	9.165531E-9
12.001300	9.742487E-9
11.001980	1.036478E-8
10.001100	1.098739E-8
9.001838	1.167195E-8
8.001645	1.229986E-8
7.000731	1.324318E-8
6.001801	1.345022E-8
5.000612	1.447977E-8
4.001471	1.533242E-8
3.000854	1.615588E-8
2.001416	1.712355E-8
1.000352	1.859488E-8
0.000838	1.904970E-8
0.998945	1.891125E-8
1.999601	2.092277E-8
2.998982	2.204976E-8
3.999488	2.305413E-8
4.998617	2.400741E-8
5.999526	2.487026E-8
6.998492	2.570127E-8
7.998972	2.651919E-8
8.999220	2.726751E-8
9.998576	2.799765E-8
10.999170	2.869269E-8
11.998620	2.937661E-8
12.998960	3.003137E-8
13.998370	3.059749E-8
14.999230	3.120503E-8
15.998780	3.179098E-8
16.999230	3.236269E-8
17.998630	3.294942E-8
18.999230	3.344087E-8
19.998520	3.397002E-8
20.998690	3.443787E-8
21.998210	3.492644E-8
22.998680	3.539072E-8
23.999070	3.580203E-8
24.998410	3.628370E-8
25.998950	3.670837E-8
26.998290	3.718749E-8
27.998540	3.754251E-8
28.998160	3.795124E-8
