Voltage   	Current	
29.977720	8.137200E-9
29.000390	7.034378E-9
28.000940	6.726672E-9
27.000600	6.434252E-9
26.001500	6.044363E-9
25.000900	5.592319E-9
24.001240	4.933288E-9
23.001140	4.233464E-9
22.000670	3.531214E-9
21.001130	2.943188E-9
20.000860	2.453897E-9
19.001410	1.987130E-9
18.001190	1.541871E-9
17.001420	1.272580E-9
16.000790	1.065184E-9
15.001300	8.877483E-10
14.000640	7.405769E-10
13.001380	6.067160E-10
12.001100	5.242233E-10
11.001700	4.181971E-10
10.000880	3.499761E-10
9.001611	2.763904E-10
8.001178	1.429764E-10
7.000813	1.161512E-10
6.001569	3.906692E-11
5.000784	8.648499E-12
4.001604	-2.475634E-11
3.000832	-4.586231E-11
2.001747	-8.868128E-11
1.000846	-1.128745E-10
0.001078	-1.368146E-10
0.999031	-1.793299E-10
1.999361	-1.764956E-10
2.998948	-1.889970E-10
3.999364	-2.180492E-10
4.998273	-2.389525E-10
5.999050	-2.542886E-10
6.998303	-2.887054E-10
7.999148	-2.893125E-10
8.999585	-3.221613E-10
9.999100	-3.450886E-10
10.999520	-3.765197E-10
11.999130	-3.959040E-10
12.999510	-4.191361E-10
13.998800	-4.423171E-10
14.999020	-4.576530E-10
15.998570	-4.830099E-10
16.998880	-5.042675E-10
17.998220	-5.252211E-10
18.998760	-5.514402E-10
19.997840	-5.756333E-10
20.998460	-5.982072E-10
21.998320	-6.183002E-10
22.998750	-6.357611E-10
23.998910	-6.536280E-10
24.998410	-6.754933E-10
25.998740	-7.081390E-10
26.998080	-7.343564E-10
27.998470	-7.522737E-10
28.998030	-7.691784E-10
