t (s)	Ids (Amps)
0.000000000000	0.000000001220
0.500000000000	0.000000001302
1.000000000000	0.000000001261
1.500000000000	0.000000001251
2.000000000000	0.000000001229
2.500000000000	0.000000001231
3.000000000000	0.000000001236
3.500000000000	0.000000001222
4.000000000000	0.000000001206
4.500000000000	0.000000001199
5.000000000000	0.000000001201
5.500000000000	0.000000001192
6.000000000000	0.000000001198
6.500000000000	0.000000001207
7.000000000000	0.000000001223
7.500000000000	0.000000001402
8.000000000000	0.000000001528
8.500000000000	0.000000001349
9.000000000000	0.000000001284
9.500000000000	0.000000001232
10.000000000000	0.000000001265
10.500000000000	0.000000001253
11.000000000000	0.000000001217
11.500000000000	0.000000001200
12.000000000000	0.000000001199
12.500000000000	0.000000001165
13.000000000000	0.000000001261
13.500000000000	0.000000001168
14.000000000000	0.000000001796
14.500000000000	0.000000000819
15.000000000000	0.000000001174
15.500000000000	0.000000001014
16.000000000000	0.000000000996
16.500000000000	0.000000000984
17.000000000000	0.000000001031
17.500000000000	0.000000001068
18.000000000000	0.000000001092
18.500000000000	0.000000001118
19.000000000000	0.000000001126
19.500000000000	0.000000001140
20.000000000000	0.000000001155
20.500000000000	0.000000001167
21.000000000000	0.000000001177
21.500000000000	0.000000001188
22.000000000000	0.000000001186
22.500000000000	0.000000001187
23.000000000000	0.000000001177
23.500000000000	0.000000001186
24.000000000000	0.000000001214
24.500000000000	0.000000001192
25.000000000000	0.000000001192
25.500000000000	0.000000001221
26.000000000000	0.000000001219
26.500000000000	0.000000001221
27.000000000000	0.000000001207
27.500000000000	0.000000001200
28.000000000000	0.000000001197
28.500000000000	0.000000001216
29.000000000000	0.000000001203
29.500000000000	0.000000001231
30.000000000000	0.000000001194
30.500000000000	0.000000001197
31.000000000000	0.000000001190
31.500000000000	0.000000001185
32.000000000000	0.000000001188
32.500000000000	0.000000001193
33.000000000000	0.000000001193
33.500000000000	0.000000001179
34.000000000000	0.000000001172
34.500000000000	0.000000001198
35.000000000000	0.000000001189
35.500000000000	0.000000001177
36.000000000000	0.000000001189
36.500000000000	0.000000001184
37.000000000000	0.000000001205
37.500000000000	0.000000001207
38.000000000000	0.000000001189
38.500000000000	0.000000001202
39.000000000000	0.000000001219
39.500000000000	0.000000001203
40.000000000000	0.000000001180
40.500000000000	0.000000001176
41.000000000000	0.000000001185
41.500000000000	0.000000001175
42.000000000000	0.000000001178
42.500000000000	0.000000001194
43.000000000000	0.000000001213
43.500000000000	0.000000001195
44.000000000000	0.000000001217
44.500000000000	0.000000001184
45.000000000000	0.000000001187
45.500000000000	0.000000001162
46.000000000000	0.000000001145
46.500000000000	0.000000001180
47.000000000000	0.000000001171
47.500000000000	0.000000001173
48.000000000000	0.000000001162
48.500000000000	0.000000001169
49.000000000000	0.000000001169
49.500000000000	0.000000001175
50.000000000000	0.000000001191
50.500000000000	0.000000001179
51.000000000000	0.000000001165
51.500000000000	0.000000001166
52.000000000000	0.000000001169
52.500000000000	0.000000001170
53.000000000000	0.000000001186
53.500000000000	0.000000001178
54.000000000000	0.000000001179
54.500000000000	0.000000001183
55.000000000000	0.000000001185
55.500000000000	0.000000001176
56.000000000000	0.000000001181
56.500000000000	0.000000001186
57.000000000000	0.000000001183
57.500000000000	0.000000001170
58.000000000000	0.000000001166
58.500000000000	0.000000001196
59.000000000000	0.000000001188
59.500000000000	0.000000001187
60.000000000000	0.000000001187
60.500000000000	0.000000001190
61.000000000000	0.000000001206
61.500000000000	0.000000001194
62.000000000000	0.000000001203
62.500000000000	0.000000001212
63.000000000000	0.000000001256
63.500000000000	0.000000001249
64.000000000000	0.000000001179
64.500000000000	0.000000001202
65.000000000000	0.000000001184
65.500000000000	0.000000001185
66.000000000000	0.000000001167
66.500000000000	0.000000001198
67.000000000000	0.000000001218
67.500000000000	0.000000001219
68.000000000000	0.000000001219
68.500000000000	0.000000001223
69.000000000000	0.000000001219
69.500000000000	0.000000001217
70.000000000000	0.000000001209
70.500000000000	0.000000001207
71.000000000000	0.000000001204
71.500000000000	0.000000001226
72.000000000000	0.000000001240
72.500000000000	0.000000001237
73.000000000000	0.000000001225
73.500000000000	0.000000001206
74.000000000000	0.000000001214
74.500000000000	0.000000001200
75.000000000000	0.000000001223
75.500000000000	0.000000001213
76.000000000000	0.000000001214
76.500000000000	0.000000001218
77.000000000000	0.000000001186
77.500000000000	0.000000001200
78.000000000000	0.000000001211
78.500000000000	0.000000001203
79.000000000000	0.000000001202
79.500000000000	0.000000001199
80.000000000000	0.000000001176
80.500000000000	0.000000001205
81.000000000000	0.000000001195
81.500000000000	0.000000001226
82.000000000000	0.000000001222
82.500000000000	0.000000001207
83.000000000000	0.000000001204
83.500000000000	0.000000001226
84.000000000000	0.000000001224
84.500000000000	0.000000001214
85.000000000000	0.000000001215
85.500000000000	0.000000001212
86.000000000000	0.000000001208
86.500000000000	0.000000001184
87.000000000000	0.000000001212
87.500000000000	0.000000001196
88.000000000000	0.000000001183
88.500000000000	0.000000001214
89.000000000000	0.000000001210
89.500000000000	0.000000001207
90.000000000000	0.000000001183
90.500000000000	0.000000001225
91.000000000000	0.000000001203
91.500000000000	0.000000001204
92.000000000000	0.000000001214
92.500000000000	0.000000001207
93.000000000000	0.000000001223
93.500000000000	0.000000001207
94.000000000000	0.000000001207
94.500000000000	0.000000001194
95.000000000000	0.000000001210
95.500000000000	0.000000001213
96.000000000000	0.000000001227
96.500000000000	0.000000001203
97.000000000000	0.000000001218
97.500000000000	0.000000001249
98.000000000000	0.000000001239
98.500000000000	0.000000001243
99.000000000000	0.000000001224
99.500000000000	0.000000001219
100.000000000000	0.000000001224
100.500000000000	0.000000001232
101.000000000000	0.000000001248
101.500000000000	0.000000001222
102.000000000000	0.000000001226
102.500000000000	0.000000001216
103.000000000000	0.000000001225
103.500000000000	0.000000001212
104.000000000000	0.000000001201
104.500000000000	0.000000001187
105.000000000000	0.000000001194
105.500000000000	0.000000001186
106.000000000000	0.000000001213
106.500000000000	0.000000001208
107.000000000000	0.000000001218
107.500000000000	0.000000001226
108.000000000000	0.000000001206
108.500000000000	0.000000001202
109.000000000000	0.000000001222
109.500000000000	0.000000001209
110.000000000000	0.000000001222
110.500000000000	0.000000001233
111.000000000000	0.000000001217
111.500000000000	0.000000001218
112.000000000000	0.000000001218
112.500000000000	0.000000001216
113.000000000000	0.000000001196
113.500000000000	0.000000001211
114.000000000000	0.000000001250
114.500000000000	0.000000001193
115.000000000000	0.000000001199
115.500000000000	0.000000001223
116.000000000000	0.000000001202
116.500000000000	0.000000001192
117.000000000000	0.000000001191
117.500000000000	0.000000001193
118.000000000000	0.000000001216
118.500000000000	0.000000001211
119.000000000000	0.000000001227
119.500000000000	0.000000001225
120.000000000000	0.000000001211
120.500000000000	0.000000001200
121.000000000000	0.000000001172
121.500000000000	0.000000001158
122.000000000000	0.000000001210
122.500000000000	0.000000001212
123.000000000000	0.000000001199
123.500000000000	0.000000001211
124.000000000000	0.000000001204
124.500000000000	0.000000001193
125.000000000000	0.000000001215
125.500000000000	0.000000001201
126.000000000000	0.000000001196
126.500000000000	0.000000001208
127.000000000000	0.000000001192
127.500000000000	0.000000001223
128.000000000000	0.000000001189
128.500000000000	0.000000001210
129.000000000000	0.000000001179
129.500000000000	0.000000001192
130.000000000000	0.000000001192
130.500000000000	0.000000001208
131.000000000000	0.000000001246
131.500000000000	0.000000001230
132.000000000000	0.000000001215
132.500000000000	0.000000001219
133.000000000000	0.000000001209
133.500000000000	0.000000001210
134.000000000000	0.000000001215
134.500000000000	0.000000001229
135.000000000000	0.000000001226
135.500000000000	0.000000001210
136.000000000000	0.000000001228
136.500000000000	0.000000001226
137.000000000000	0.000000001223
137.500000000000	0.000000001197
138.000000000000	0.000000001226
138.500000000000	0.000000001265
139.000000000000	0.000000001236
139.500000000000	0.000000001247
140.000000000000	0.000000001229
140.500000000000	0.000000001231
141.000000000000	0.000000001231
141.500000000000	0.000000001231
142.000000000000	0.000000001239
142.500000000000	0.000000001235
143.000000000000	0.000000001220
143.500000000000	0.000000001212
144.000000000000	0.000000001202
144.500000000000	0.000000001225
145.000000000000	0.000000001223
145.500000000000	0.000000001243
146.000000000000	0.000000001245
146.500000000000	0.000000001237
147.000000000000	0.000000001218
147.500000000000	0.000000001221
148.000000000000	0.000000001205
148.500000000000	0.000000001227
149.000000000000	0.000000001216
149.500000000000	0.000000001209
150.000000000000	0.000000001230
150.500000000000	0.000000001235
151.000000000000	0.000000002305
151.500000000000	0.000000001575
152.000000000000	0.000000001348
152.500000000000	0.000000001177
153.000000000000	0.000000001109
153.500000000000	0.000000001103
154.000000000000	0.000000001152
154.500000000000	0.000000001155
155.000000000000	0.000000001166
155.500000000000	0.000000001168
156.000000000000	0.000000001187
156.500000000000	0.000000001193
157.000000000000	0.000000001205
157.500000000000	0.000000001179
158.000000000000	0.000000001204
158.500000000000	0.000000001206
159.000000000000	0.000000001236
159.500000000000	0.000000001208
160.000000000000	0.000000001220
160.500000000000	0.000000001236
161.000000000000	0.000000001224
161.500000000000	0.000000001228
162.000000000000	0.000000001223
162.500000000000	0.000000001231
163.000000000000	0.000000001206
163.500000000000	0.000000001220
164.000000000000	0.000000001236
164.500000000000	0.000000001233
165.000000000000	0.000000001224
165.500000000000	0.000000001226
166.000000000000	0.000000001237
166.500000000000	0.000000001227
167.000000000000	0.000000001230
167.500000000000	0.000000001207
168.000000000000	0.000000001228
168.500000000000	0.000000001201
169.000000000000	0.000000001219
169.500000000000	0.000000001220
170.000000000000	0.000000001230
170.500000000000	0.000000001228
171.000000000000	0.000000001223
171.500000000000	0.000000001221
172.000000000000	0.000000001242
172.500000000000	0.000000001230
173.000000000000	0.000000001232
173.500000000000	0.000000001232
174.000000000000	0.000000001232
174.500000000000	0.000000001255
175.000000000000	0.000000001256
175.500000000000	0.000000001264
176.000000000000	0.000000001246
176.500000000000	0.000000001261
177.000000000000	0.000000001255
177.500000000000	0.000000001269
178.000000000000	0.000000001274
178.500000000000	0.000000001250
179.000000000000	0.000000001258
179.500000000000	0.000000001253
180.000000000000	0.000000001259
180.500000000000	0.000000001260
181.000000000000	0.000000001267
181.500000000000	0.000000001268
182.000000000000	0.000000001250
182.500000000000	0.000000001233
183.000000000000	0.000000001244
183.500000000000	0.000000001259
184.000000000000	0.000000001255
184.500000000000	0.000000001265
185.000000000000	0.000000001259
185.500000000000	0.000000001259
186.000000000000	0.000000001242
186.500000000000	0.000000001268
187.000000000000	0.000000001255
187.500000000000	0.000000001251
188.000000000000	0.000000001258
188.500000000000	0.000000001267
189.000000000000	0.000000001261
189.500000000000	0.000000001267
190.000000000000	0.000000001278
190.500000000000	0.000000001273
191.000000000000	0.000000001274
191.500000000000	0.000000001269
192.000000000000	0.000000001260
192.500000000000	0.000000001272
193.000000000000	0.000000001293
193.500000000000	0.000000001287
194.000000000000	0.000000001271
194.500000000000	0.000000001266
195.000000000000	0.000000001276
195.500000000000	0.000000001256
196.000000000000	0.000000001261
196.500000000000	0.000000001288
197.000000000000	0.000000001255
197.500000000000	0.000000001259
198.000000000000	0.000000001252
198.500000000000	0.000000001256
199.000000000000	0.000000001263
199.500000000000	0.000000001262
200.000000000000	0.000000001268
200.500000000000	0.000000001265
201.000000000000	0.000000001261
201.500000000000	0.000000001277
202.000000000000	0.000000001279
202.500000000000	0.000000001268
203.000000000000	0.000000001257
203.500000000000	0.000000001270
204.000000000000	0.000000001273
204.500000000000	0.000000001268
205.000000000000	0.000000001269
205.500000000000	0.000000001274
206.000000000000	0.000000001271
206.500000000000	0.000000001280
207.000000000000	0.000000001281
207.500000000000	0.000000001279
208.000000000000	0.000000001280
208.500000000000	0.000000001300
209.000000000000	0.000000001271
209.500000000000	0.000000001292
210.000000000000	0.000000001280
210.500000000000	0.000000001298
211.000000000000	0.000000001304
211.500000000000	0.000000001298
212.000000000000	0.000000001295
212.500000000000	0.000000001284
213.000000000000	0.000000001279
213.500000000000	0.000000001279
214.000000000000	0.000000001278
214.500000000000	0.000000001281
215.000000000000	0.000000001262
215.500000000000	0.000000001271
216.000000000000	0.000000001268
216.500000000000	0.000000001278
217.000000000000	0.000000001289
217.500000000000	0.000000001276
218.000000000000	0.000000001265
218.500000000000	0.000000001262
219.000000000000	0.000000001259
219.500000000000	0.000000001246
220.000000000000	0.000000001268
220.500000000000	0.000000001247
221.000000000000	0.000000001252
221.500000000000	0.000000001248
222.000000000000	0.000000001241
222.500000000000	0.000000001251
223.000000000000	0.000000001262
223.500000000000	0.000000001247
224.000000000000	0.000000001247
224.500000000000	0.000000001280
225.000000000000	0.000000001276
225.500000000000	0.000000001274
226.000000000000	0.000000001273
226.500000000000	0.000000001279
227.000000000000	0.000000001289
227.500000000000	0.000000001286
228.000000000000	0.000000001277
228.500000000000	0.000000001272
229.000000000000	0.000000001275
229.500000000000	0.000000001263
230.000000000000	0.000000001277
230.500000000000	0.000000001267
231.000000000000	0.000000001273
231.500000000000	0.000000001253
232.000000000000	0.000000001284
232.500000000000	0.000000001276
233.000000000000	0.000000001289
233.500000000000	0.000000001265
234.000000000000	0.000000001278
234.500000000000	0.000000001254
235.000000000000	0.000000001248
235.500000000000	0.000000001229
236.000000000000	0.000000001261
236.500000000000	0.000000001265
237.000000000000	0.000000001247
237.500000000000	0.000000001262
238.000000000000	0.000000001251
238.500000000000	0.000000001231
239.000000000000	0.000000001242
239.500000000000	0.000000001230
240.000000000000	0.000000001214
240.500000000000	0.000000001200
241.000000000000	0.000000001239
241.500000000000	0.000000001233
242.000000000000	0.000000001247
242.500000000000	0.000000001255
243.000000000000	0.000000001261
243.500000000000	0.000000001267
244.000000000000	0.000000001255
244.500000000000	0.000000001281
245.000000000000	0.000000001295
245.500000000000	0.000000001264
246.000000000000	0.000000001253
246.500000000000	0.000000001246
247.000000000000	0.000000001258
247.500000000000	0.000000001238
248.000000000000	0.000000001241
248.500000000000	0.000000001257
249.000000000000	0.000000001245
249.500000000000	0.000000001261
250.000000000000	0.000000001238
250.500000000000	0.000000001247
251.000000000000	0.000000001256
251.500000000000	0.000000001248
252.000000000000	0.000000001257
252.500000000000	0.000000001260
253.000000000000	0.000000001271
253.500000000000	0.000000001272
254.000000000000	0.000000001281
254.500000000000	0.000000001253
255.000000000000	0.000000001250
255.500000000000	0.000000001248
256.000000000000	0.000000001259
256.500000000000	0.000000001267
257.000000000000	0.000000001232
257.500000000000	0.000000001250
258.000000000000	0.000000001250
258.500000000000	0.000000001262
259.000000000000	0.000000001255
259.500000000000	0.000000001267
260.000000000000	0.000000001269
260.500000000000	0.000000001254
261.000000000000	0.000000001237
261.500000000000	0.000000001248
262.000000000000	0.000000001254
262.500000000000	0.000000001224
263.000000000000	0.000000001254
263.500000000000	0.000000001237
264.000000000000	0.000000001247
264.500000000000	0.000000001232
265.000000000000	0.000000001265
265.500000000000	0.000000001271
266.000000000000	0.000000001267
266.500000000000	0.000000001236
267.000000000000	0.000000001274
267.500000000000	0.000000001280
268.000000000000	0.000000001284
268.500000000000	0.000000001299
269.000000000000	0.000000001275
269.500000000000	0.000000001253
270.000000000000	0.000000001229
270.500000000000	0.000000001242
271.000000000000	0.000000001250
271.500000000000	0.000000001234
272.000000000000	0.000000001246
272.500000000000	0.000000001238
273.000000000000	0.000000001247
273.500000000000	0.000000001236
274.000000000000	0.000000001243
274.500000000000	0.000000001239
275.000000000000	0.000000001251
275.500000000000	0.000000001233
276.000000000000	0.000000001227
276.500000000000	0.000000001243
277.000000000000	0.000000001245
277.500000000000	0.000000001242
278.000000000000	0.000000001254
278.500000000000	0.000000001246
279.000000000000	0.000000001247
279.500000000000	0.000000001288
280.000000000000	0.000000001260
280.500000000000	0.000000001260
281.000000000000	0.000000001258
281.500000000000	0.000000001226
282.000000000000	0.000000001231
282.500000000000	0.000000001216
283.000000000000	0.000000001228
283.500000000000	0.000000001242
284.000000000000	0.000000001230
284.500000000000	0.000000001205
285.000000000000	0.000000001210
285.500000000000	0.000000001237
286.000000000000	0.000000001225
286.500000000000	0.000000001245
287.000000000000	0.000000001247
287.500000000000	0.000000001233
288.000000000000	0.000000001231
288.500000000000	0.000000001230
289.000000000000	0.000000001225
289.500000000000	0.000000001230
290.000000000000	0.000000001238
290.500000000000	0.000000001234
291.000000000000	0.000000001254
291.500000000000	0.000000001250
292.000000000000	0.000000001245
292.500000000000	0.000000001263
293.000000000000	0.000000001254
293.500000000000	0.000000001245
294.000000000000	0.000000001300
294.500000000000	0.000000001292
295.000000000000	0.000000001417
295.500000000000	0.000000001298
296.000000000000	0.000000001336
296.500000000000	0.000000001231
297.000000000000	0.000000001221
297.500000000000	0.000000001177
298.000000000000	0.000000001170
298.500000000000	0.000000001184
299.000000000000	0.000000001178
299.500000000000	0.000000001195
