t (s)	Ids (Amps)
0.000000000000	0.000000004470
0.500000000000	0.000000004471
1.000000000000	0.000000004447
1.500000000000	0.000000004387
2.000000000000	0.000000004484
2.500000000000	0.000000004478
3.000000000000	0.000000004547
3.500000000000	0.000000004495
4.000000000000	0.000000004476
4.500000000000	0.000000004401
5.000000000000	0.000000004478
5.500000000000	0.000000004464
6.000000000000	0.000000004486
6.500000000000	0.000000004319
7.000000000000	0.000000004401
7.500000000000	0.000000004478
8.000000000000	0.000000004487
8.500000000000	0.000000004459
9.000000000000	0.000000004426
9.500000000000	0.000000004447
10.000000000000	0.000000004464
10.500000000000	0.000000004468
11.000000000000	0.000000004456
11.500000000000	0.000000004453
12.000000000000	0.000000004500
12.500000000000	0.000000004457
13.000000000000	0.000000004446
13.500000000000	0.000000004411
14.000000000000	0.000000004453
14.500000000000	0.000000004420
15.000000000000	0.000000004464
15.500000000000	0.000000004489
16.000000000000	0.000000004468
16.500000000000	0.000000004433
17.000000000000	0.000000004378
17.500000000000	0.000000004511
18.000000000000	0.000000004429
18.500000000000	0.000000004476
19.000000000000	0.000000004484
19.500000000000	0.000000004460
20.000000000000	0.000000004469
20.500000000000	0.000000004498
21.000000000000	0.000000004501
21.500000000000	0.000000004457
22.000000000000	0.000000004454
22.500000000000	0.000000004437
23.000000000000	0.000000004468
23.500000000000	0.000000004485
24.000000000000	0.000000004465
24.500000000000	0.000000004445
25.000000000000	0.000000004444
25.500000000000	0.000000004480
26.000000000000	0.000000004490
26.500000000000	0.000000004475
27.000000000000	0.000000004450
27.500000000000	0.000000004446
28.000000000000	0.000000004473
28.500000000000	0.000000004484
29.000000000000	0.000000004478
29.500000000000	0.000000004458
30.000000000000	0.000000004423
30.500000000000	0.000000004470
31.000000000000	0.000000001177
31.500000000000	0.000000000781
32.000000000000	0.000000000835
32.500000000000	0.000000000815
33.000000000000	0.000000000874
33.500000000000	0.000000000916
34.000000000000	0.000000000934
34.500000000000	0.000000000940
35.000000000000	0.000000000843
35.500000000000	0.000000000987
36.000000000000	0.000000000988
36.500000000000	0.000000000993
37.000000000000	0.000000000977
37.500000000000	0.000000000936
38.000000000000	0.000000001016
38.500000000000	0.000000001010
39.000000000000	0.000000001045
39.500000000000	0.000000001016
40.000000000000	0.000000000966
40.500000000000	0.000000001028
41.000000000000	0.000000001073
41.500000000000	0.000000001066
42.000000000000	0.000000001077
42.500000000000	0.000000001042
43.000000000000	0.000000001083
43.500000000000	0.000000001098
44.000000000000	0.000000001091
44.500000000000	0.000000001067
45.000000000000	0.000000001042
45.500000000000	0.000000001093
46.000000000000	0.000000001098
46.500000000000	0.000000001083
47.000000000000	0.000000001085
47.500000000000	0.000000001088
48.000000000000	0.000000001093
48.500000000000	0.000000001106
49.000000000000	0.000000000934
49.500000000000	0.000000001324
50.000000000000	0.000000001109
50.500000000000	0.000000001105
51.000000000000	0.000000001122
51.500000000000	0.000000001109
52.000000000000	0.000000001125
52.500000000000	0.000000001117
53.000000000000	0.000000001126
53.500000000000	0.000000001124
54.000000000000	0.000000001176
54.500000000000	0.000000001155
55.000000000000	0.000000001115
55.500000000000	0.000000001147
56.000000000000	0.000000001108
56.500000000000	0.000000001133
57.000000000000	0.000000001158
57.500000000000	0.000000001130
58.000000000000	0.000000001140
58.500000000000	0.000000001116
59.000000000000	0.000000001163
59.500000000000	0.000000001189
60.000000000000	0.000000001152
60.500000000000	0.000000001171
61.000000000000	0.000000001162
61.500000000000	0.000000001198
62.000000000000	0.000000001190
62.500000000000	0.000000001169
63.000000000000	0.000000001190
63.500000000000	0.000000001159
64.000000000000	0.000000001194
64.500000000000	0.000000001201
65.000000000000	0.000000001183
65.500000000000	0.000000001174
66.000000000000	0.000000001171
66.500000000000	0.000000001221
67.000000000000	0.000000001202
67.500000000000	0.000000001186
68.000000000000	0.000000001175
68.500000000000	0.000000001161
69.000000000000	0.000000001218
69.500000000000	0.000000001196
70.000000000000	0.000000001167
70.500000000000	0.000000001161
71.000000000000	0.000000001167
71.500000000000	0.000000001210
72.000000000000	0.000000001213
72.500000000000	0.000000001159
73.000000000000	0.000000001179
73.500000000000	0.000000001175
74.000000000000	0.000000001202
74.500000000000	0.000000001203
75.000000000000	0.000000001199
75.500000000000	0.000000001193
76.000000000000	0.000000001188
76.500000000000	0.000000001210
77.000000000000	0.000000001209
77.500000000000	0.000000001200
78.000000000000	0.000000001175
78.500000000000	0.000000001171
79.000000000000	0.000000001203
79.500000000000	0.000000001200
80.000000000000	0.000000001233
80.500000000000	0.000000001174
81.000000000000	0.000000001197
81.500000000000	0.000000001198
82.000000000000	0.000000001192
82.500000000000	0.000000001223
83.000000000000	0.000000001173
83.500000000000	0.000000001177
84.000000000000	0.000000001210
84.500000000000	0.000000001223
85.000000000000	0.000000001226
85.500000000000	0.000000001156
86.000000000000	0.000000001164
86.500000000000	0.000000001169
87.000000000000	0.000000001198
87.500000000000	0.000000001238
88.000000000000	0.000000001187
88.500000000000	0.000000001181
89.000000000000	0.000000001177
89.500000000000	0.000000001169
90.000000000000	0.000000001236
90.500000000000	0.000000001184
91.000000000000	0.000000001166
91.500000000000	0.000000001254
92.000000000000	0.000000001216
92.500000000000	0.000000001244
93.000000000000	0.000000001202
93.500000000000	0.000000001177
94.000000000000	0.000000001187
94.500000000000	0.000000001188
95.000000000000	0.000000001225
95.500000000000	0.000000001178
96.000000000000	0.000000001168
96.500000000000	0.000000001180
97.000000000000	0.000000001210
97.500000000000	0.000000001243
98.000000000000	0.000000001194
98.500000000000	0.000000001204
99.000000000000	0.000000001190
99.500000000000	0.000000001200
100.000000000000	0.000000001221
100.500000000000	0.000000001189
101.000000000000	0.000000001228
101.500000000000	0.000000001186
102.000000000000	0.000000001196
102.500000000000	0.000000001215
103.000000000000	0.000000001191
103.500000000000	0.000000001212
104.000000000000	0.000000001183
104.500000000000	0.000000001188
105.000000000000	0.000000001228
105.500000000000	0.000000001223
106.000000000000	0.000000001208
106.500000000000	0.000000001191
107.000000000000	0.000000001197
107.500000000000	0.000000001229
108.000000000000	0.000000001231
108.500000000000	0.000000001227
109.000000000000	0.000000001190
109.500000000000	0.000000001194
110.000000000000	0.000000001195
110.500000000000	0.000000001198
111.000000000000	0.000000001199
111.500000000000	0.000000001166
112.000000000000	0.000000001143
112.500000000000	0.000000001161
113.000000000000	0.000000001236
113.500000000000	0.000000001215
114.000000000000	0.000000001199
114.500000000000	0.000000001185
115.000000000000	0.000000001184
115.500000000000	0.000000001178
116.000000000000	0.000000001203
116.500000000000	0.000000001181
117.000000000000	0.000000001181
117.500000000000	0.000000001197
118.000000000000	0.000000001239
118.500000000000	0.000000001204
119.000000000000	0.000000001189
119.500000000000	0.000000001187
120.000000000000	0.000000001176
120.500000000000	0.000000001230
121.000000000000	0.000000001206
121.500000000000	0.000000001179
122.000000000000	0.000000001172
122.500000000000	0.000000001182
123.000000000000	0.000000001209
123.500000000000	0.000000001196
124.000000000000	0.000000001174
124.500000000000	0.000000001166
125.000000000000	0.000000001136
125.500000000000	0.000000001180
126.000000000000	0.000000001191
126.500000000000	0.000000001194
127.000000000000	0.000000001173
127.500000000000	0.000000001142
128.000000000000	0.000000001190
128.500000000000	0.000000001176
129.000000000000	0.000000001175
129.500000000000	0.000000001196
130.000000000000	0.000000001163
130.500000000000	0.000000001205
131.000000000000	0.000000001218
131.500000000000	0.000000001223
132.000000000000	0.000000001211
132.500000000000	0.000000001133
133.000000000000	0.000000001205
133.500000000000	0.000000001200
134.000000000000	0.000000001220
134.500000000000	0.000000001226
135.000000000000	0.000000001176
135.500000000000	0.000000001205
136.000000000000	0.000000001196
136.500000000000	0.000000001241
137.000000000000	0.000000001234
137.500000000000	0.000000001167
138.000000000000	0.000000001216
138.500000000000	0.000000001214
139.000000000000	0.000000001217
139.500000000000	0.000000001195
140.000000000000	0.000000001165
140.500000000000	0.000000001177
141.000000000000	0.000000001172
141.500000000000	0.000000001188
142.000000000000	0.000000001165
142.500000000000	0.000000001155
143.000000000000	0.000000001159
143.500000000000	0.000000001184
144.000000000000	0.000000001197
144.500000000000	0.000000001175
145.000000000000	0.000000001187
145.500000000000	0.000000001156
146.000000000000	0.000000001191
146.500000000000	0.000000001193
147.000000000000	0.000000001191
147.500000000000	0.000000001168
148.000000000000	0.000000001168
148.500000000000	0.000000001196
149.000000000000	0.000000001181
149.500000000000	0.000000001189
150.000000000000	0.000000001178
150.500000000000	0.000000001180
151.000000000000	0.000000001200
151.500000000000	0.000000001193
152.000000000000	0.000000001195
152.500000000000	0.000000001191
153.000000000000	0.000000001168
153.500000000000	0.000000001190
154.000000000000	0.000000001215
154.500000000000	0.000000001189
155.000000000000	0.000000001204
155.500000000000	0.000000001175
156.000000000000	0.000000001199
156.500000000000	0.000000001213
157.000000000000	0.000000001179
157.500000000000	0.000000001172
158.000000000000	0.000000001156
158.500000000000	0.000000001157
159.000000000000	0.000000001226
159.500000000000	0.000000001182
160.000000000000	0.000000001191
160.500000000000	0.000000001154
161.000000000000	0.000000001139
161.500000000000	0.000000001215
162.000000000000	0.000000001175
162.500000000000	0.000000001183
163.000000000000	0.000000001154
163.500000000000	0.000000001160
164.000000000000	0.000000001205
164.500000000000	0.000000001151
165.000000000000	0.000000001124
165.500000000000	0.000000001154
166.000000000000	0.000000001143
166.500000000000	0.000000001195
167.000000000000	0.000000001172
167.500000000000	0.000000001177
168.000000000000	0.000000001164
168.500000000000	0.000000001173
169.000000000000	0.000000001203
169.500000000000	0.000000001201
170.000000000000	0.000000001174
170.500000000000	0.000000001188
171.000000000000	0.000000001167
171.500000000000	0.000000001224
172.000000000000	0.000000001197
172.500000000000	0.000000001197
173.000000000000	0.000000001177
173.500000000000	0.000000001185
174.000000000000	0.000000001194
174.500000000000	0.000000001195
175.000000000000	0.000000001199
175.500000000000	0.000000001163
176.000000000000	0.000000001182
176.500000000000	0.000000001203
177.000000000000	0.000000001204
177.500000000000	0.000000001193
178.000000000000	0.000000001162
178.500000000000	0.000000001153
179.000000000000	0.000000001200
179.500000000000	0.000000001202
180.000000000000	0.000000001205
180.500000000000	0.000000001196
181.000000000000	0.000000001186
181.500000000000	0.000000001216
182.000000000000	0.000000001232
182.500000000000	0.000000001209
183.000000000000	0.000000001173
183.500000000000	0.000000001188
184.000000000000	0.000000001227
184.500000000000	0.000000001239
185.000000000000	0.000000001213
185.500000000000	0.000000001218
186.000000000000	0.000000001190
186.500000000000	0.000000001238
187.000000000000	0.000000001236
187.500000000000	0.000000001214
188.000000000000	0.000000001183
188.500000000000	0.000000001186
189.000000000000	0.000000001218
189.500000000000	0.000000001183
190.000000000000	0.000000001198
190.500000000000	0.000000001186
191.000000000000	0.000000001187
191.500000000000	0.000000001219
192.000000000000	0.000000001208
192.500000000000	0.000000001243
193.000000000000	0.000000001189
193.500000000000	0.000000001187
194.000000000000	0.000000001235
194.500000000000	0.000000001230
195.000000000000	0.000000001245
195.500000000000	0.000000001212
196.000000000000	0.000000001205
196.500000000000	0.000000001233
197.000000000000	0.000000001221
197.500000000000	0.000000001234
198.000000000000	0.000000001177
198.500000000000	0.000000001169
199.000000000000	0.000000001195
199.500000000000	0.000000001220
200.000000000000	0.000000001208
200.500000000000	0.000000001181
201.000000000000	0.000000001175
201.500000000000	0.000000001222
202.000000000000	0.000000001235
202.500000000000	0.000000001234
203.000000000000	0.000000001207
203.500000000000	0.000000001196
204.000000000000	0.000000001235
204.500000000000	0.000000001255
205.000000000000	0.000000001228
205.500000000000	0.000000001172
206.000000000000	0.000000001198
206.500000000000	0.000000001210
207.000000000000	0.000000001248
207.500000000000	0.000000001243
208.000000000000	0.000000001224
208.500000000000	0.000000001198
209.000000000000	0.000000001204
209.500000000000	0.000000001218
210.000000000000	0.000000001218
210.500000000000	0.000000001183
211.000000000000	0.000000001228
211.500000000000	0.000000001181
212.000000000000	0.000000001212
212.500000000000	0.000000001191
213.000000000000	0.000000001157
213.500000000000	0.000000001194
214.000000000000	0.000000001164
214.500000000000	0.000000001206
215.000000000000	0.000000001210
215.500000000000	0.000000001186
216.000000000000	0.000000001190
216.500000000000	0.000000001198
217.000000000000	0.000000001207
217.500000000000	0.000000001211
218.000000000000	0.000000001188
218.500000000000	0.000000001181
219.000000000000	0.000000001164
219.500000000000	0.000000001204
220.000000000000	0.000000001204
220.500000000000	0.000000001179
221.000000000000	0.000000001194
221.500000000000	0.000000001176
222.000000000000	0.000000001210
222.500000000000	0.000000001228
223.000000000000	0.000000001191
223.500000000000	0.000000001200
224.000000000000	0.000000001190
224.500000000000	0.000000001199
225.000000000000	0.000000001221
225.500000000000	0.000000001202
226.000000000000	0.000000001195
226.500000000000	0.000000001195
227.000000000000	0.000000001218
227.500000000000	0.000000001228
228.000000000000	0.000000001214
228.500000000000	0.000000001228
229.000000000000	0.000000001195
229.500000000000	0.000000001188
230.000000000000	0.000000001243
230.500000000000	0.000000001212
231.000000000000	0.000000001206
231.500000000000	0.000000001160
232.000000000000	0.000000001177
232.500000000000	0.000000001217
233.000000000000	0.000000001206
233.500000000000	0.000000001185
234.000000000000	0.000000001155
234.500000000000	0.000000001182
235.000000000000	0.000000001239
235.500000000000	0.000000001202
236.000000000000	0.000000001195
236.500000000000	0.000000001166
237.000000000000	0.000000001176
237.500000000000	0.000000001230
238.000000000000	0.000000001208
238.500000000000	0.000000001180
239.000000000000	0.000000001188
239.500000000000	0.000000001167
240.000000000000	0.000000001206
240.500000000000	0.000000001189
241.000000000000	0.000000001171
241.500000000000	0.000000001174
242.000000000000	0.000000001172
242.500000000000	0.000000001193
243.000000000000	0.000000001199
243.500000000000	0.000000001167
244.000000000000	0.000000001188
244.500000000000	0.000000001189
245.000000000000	0.000000001164
245.500000000000	0.000000001213
246.000000000000	0.000000001167
246.500000000000	0.000000001179
247.000000000000	0.000000001182
247.500000000000	0.000000001151
248.000000000000	0.000000001205
248.500000000000	0.000000001174
249.000000000000	0.000000001174
249.500000000000	0.000000001170
250.000000000000	0.000000001141
250.500000000000	0.000000001209
251.000000000000	0.000000001156
251.500000000000	0.000000001167
252.000000000000	0.000000001178
252.500000000000	0.000000001178
253.000000000000	0.000000001215
253.500000000000	0.000000001159
254.000000000000	0.000000001156
254.500000000000	0.000000001152
255.000000000000	0.000000001166
255.500000000000	0.000000001221
256.000000000000	0.000000001177
256.500000000000	0.000000001125
257.000000000000	0.000000001106
257.500000000000	0.000000001167
258.000000000000	0.000000001215
258.500000000000	0.000000001163
259.000000000000	0.000000001179
259.500000000000	0.000000001157
260.000000000000	0.000000001168
260.500000000000	0.000000001214
261.000000000000	0.000000001177
261.500000000000	0.000000001165
262.000000000000	0.000000001157
262.500000000000	0.000000001139
263.000000000000	0.000000001187
263.500000000000	0.000000001182
264.000000000000	0.000000001158
264.500000000000	0.000000001143
265.000000000000	0.000000001127
265.500000000000	0.000000001191
266.000000000000	0.000000001162
266.500000000000	0.000000001146
267.000000000000	0.000000001131
267.500000000000	0.000000001119
268.000000000000	0.000000001178
268.500000000000	0.000000001171
269.000000000000	0.000000001143
269.500000000000	0.000000001153
270.000000000000	0.000000001135
270.500000000000	0.000000001198
271.000000000000	0.000000001187
271.500000000000	0.000000001138
272.000000000000	0.000000001157
272.500000000000	0.000000001127
273.000000000000	0.000000001188
273.500000000000	0.000000001173
274.000000000000	0.000000001148
274.500000000000	0.000000001140
275.000000000000	0.000000001132
275.500000000000	0.000000001192
276.000000000000	0.000000001194
276.500000000000	0.000000001142
277.000000000000	0.000000001158
277.500000000000	0.000000001136
278.000000000000	0.000000001182
278.500000000000	0.000000001159
279.000000000000	0.000000001123
279.500000000000	0.000000001135
280.000000000000	0.000000001118
280.500000000000	0.000000001166
281.000000000000	0.000000001151
281.500000000000	0.000000001182
282.000000000000	0.000000001096
282.500000000000	0.000000001111
283.000000000000	0.000000001167
283.500000000000	0.000000001165
284.000000000000	0.000000001161
284.500000000000	0.000000001132
285.000000000000	0.000000001114
285.500000000000	0.000000001190
286.000000000000	0.000000001115
286.500000000000	0.000000001160
287.000000000000	0.000000001162
287.500000000000	0.000000001123
288.000000000000	0.000000001175
288.500000000000	0.000000001164
289.000000000000	0.000000001171
289.500000000000	0.000000001147
290.000000000000	0.000000001132
290.500000000000	0.000000001181
291.000000000000	0.000000001179
291.500000000000	0.000000001168
292.000000000000	0.000000001145
292.500000000000	0.000000001119
293.000000000000	0.000000001170
293.500000000000	0.000000001173
294.000000000000	0.000000001187
294.500000000000	0.000000001154
295.000000000000	0.000000001133
295.500000000000	0.000000001168
296.000000000000	0.000000001157
296.500000000000	0.000000001188
297.000000000000	0.000000001133
297.500000000000	0.000000001146
298.000000000000	0.000000001154
298.500000000000	0.000000001132
299.000000000000	0.000000001170
299.500000000000	0.000000001162
300.000000000000	0.000000001159
300.500000000000	0.000000001159
301.000000000000	0.000000001167
301.500000000000	0.000000001196
302.000000000000	0.000000001174
302.500000000000	0.000000001168
303.000000000000	0.000000001152
303.500000000000	0.000000001157
304.000000000000	0.000000001205
304.500000000000	0.000000001191
305.000000000000	0.000000001171
305.500000000000	0.000000001155
306.000000000000	0.000000001158
306.500000000000	0.000000001195
307.000000000000	0.000000001186
307.500000000000	0.000000001186
308.000000000000	0.000000001157
308.500000000000	0.000000001195
309.000000000000	0.000000001204
309.500000000000	0.000000001188
310.000000000000	0.000000001190
310.500000000000	0.000000001172
311.000000000000	0.000000001203
311.500000000000	0.000000001228
312.000000000000	0.000000001202
312.500000000000	0.000000001184
313.000000000000	0.000000001204
313.500000000000	0.000000001219
314.000000000000	0.000000001213
314.500000000000	0.000000001190
315.000000000000	0.000000001190
315.500000000000	0.000000001187
316.000000000000	0.000000001190
316.500000000000	0.000000001195
317.000000000000	0.000000001163
317.500000000000	0.000000001142
318.000000000000	0.000000001150
318.500000000000	0.000000001158
319.000000000000	0.000000001163
319.500000000000	0.000000001162
320.000000000000	0.000000001145
320.500000000000	0.000000001036
321.000000000000	0.000000001113
321.500000000000	0.000000001013
322.000000000000	0.000000000856
322.500000000000	0.000000001202
323.000000000000	0.000000000920
323.500000000000	0.000000001439
324.000000000000	0.000000001251
324.500000000000	0.000000001241
325.000000000000	0.000000001233
325.500000000000	0.000000001190
326.000000000000	0.000000001189
326.500000000000	0.000000001238
327.000000000000	0.000000001250
327.500000000000	0.000000001208
328.000000000000	0.000000001168
328.500000000000	0.000000001244
329.000000000000	0.000000001253
329.500000000000	0.000000001242
330.000000000000	0.000000001237
330.500000000000	-0.000000000096
331.000000000000	-0.000000000146
331.500000000000	-0.000000000201
332.000000000000	-0.000000000117
332.500000000000	0.000000000150
333.000000000000	0.000000000083
333.500000000000	0.000000000438
334.000000000000	0.000000000420
334.500000000000	0.000000000423
335.000000000000	0.000000000420
335.500000000000	0.000000000487
336.000000000000	0.000000000347
336.500000000000	0.000000000304
337.000000000000	0.000000000330
337.500000000000	0.000000000322
338.000000000000	0.000000000270
338.500000000000	0.000000000289
339.000000000000	0.000000000264
339.500000000000	0.000000000271
340.000000000000	0.000000000234
340.500000000000	0.000000000198
341.000000000000	0.000000000205
341.500000000000	0.000000000186
342.000000000000	0.000000000203
342.500000000000	0.000000000172
343.000000000000	0.000000000137
343.500000000000	0.000000000176
344.000000000000	0.000000000177
344.500000000000	0.000000000147
345.000000000000	0.000000000133
345.500000000000	0.000000000096
346.000000000000	0.000000000111
346.500000000000	0.000000000077
347.000000000000	0.000000000090
347.500000000000	0.000000000083
348.000000000000	0.000000000063
348.500000000000	0.000000000052
349.000000000000	0.000000000030
349.500000000000	0.000000000039
350.000000000000	0.000000000042
350.500000000000	0.000000000034
351.000000000000	0.000000000020
351.500000000000	-0.000000000019
352.000000000000	0.000000000008
352.500000000000	0.000000000043
353.000000000000	0.000000000016
353.500000000000	-0.000000000014
354.000000000000	-0.000000000045
354.500000000000	-0.000000000033
355.000000000000	-0.000000000028
355.500000000000	-0.000000000036
356.000000000000	-0.000000000049
356.500000000000	-0.000000000064
357.000000000000	-0.000000000060
357.500000000000	-0.000000000024
358.000000000000	-0.000000000031
358.500000000000	-0.000000000126
359.000000000000	-0.000000000058
359.500000000000	-0.000000000027
360.000000000000	0.000000000508
360.500000000000	0.000000002619
361.000000000000	0.000000003089
361.500000000000	0.000000002938
362.000000000000	0.000000002957
362.500000000000	0.000000002957
363.000000000000	0.000000002986
363.500000000000	0.000000002938
364.000000000000	0.000000002930
364.500000000000	0.000000002914
365.000000000000	0.000000002905
365.500000000000	0.000000002939
366.000000000000	0.000000002908
366.500000000000	0.000000002894
367.000000000000	0.000000002871
367.500000000000	0.000000002878
368.000000000000	0.000000002867
368.500000000000	0.000000002859
369.000000000000	0.000000002872
369.500000000000	0.000000002860
370.000000000000	0.000000002832
370.500000000000	0.000000002862
371.000000000000	0.000000002824
371.500000000000	0.000000002828
372.000000000000	0.000000002797
372.500000000000	0.000000002814
373.000000000000	0.000000002851
373.500000000000	0.000000002832
374.000000000000	0.000000002817
374.500000000000	0.000000002808
375.000000000000	0.000000002817
375.500000000000	0.000000002847
376.000000000000	0.000000002818
376.500000000000	0.000000002806
377.000000000000	0.000000002801
377.500000000000	0.000000002782
378.000000000000	0.000000002817
378.500000000000	0.000000002797
379.000000000000	0.000000002796
379.500000000000	0.000000002784
380.000000000000	0.000000002787
380.500000000000	0.000000002820
381.000000000000	0.000000002800
381.500000000000	0.000000002799
382.000000000000	0.000000002786
382.500000000000	0.000000002782
383.000000000000	0.000000002827
383.500000000000	0.000000002781
384.000000000000	0.000000002786
384.500000000000	0.000000002753
385.000000000000	0.000000002752
385.500000000000	0.000000002816
386.000000000000	0.000000002774
386.500000000000	0.000000002783
387.000000000000	0.000000002765
387.500000000000	0.000000002745
388.000000000000	0.000000002804
388.500000000000	0.000000002767
389.000000000000	0.000000002759
389.500000000000	0.000000002758
390.000000000000	0.000000002730
390.500000000000	0.000000002762
391.000000000000	0.000000002753
391.500000000000	0.000000002750
392.000000000000	0.000000002732
392.500000000000	0.000000002734
393.000000000000	0.000000002758
393.500000000000	0.000000002748
394.000000000000	0.000000002757
394.500000000000	0.000000002726
395.000000000000	0.000000002752
395.500000000000	0.000000002700
396.000000000000	0.000000002697
396.500000000000	0.000000002725
397.000000000000	0.000000002710
397.500000000000	0.000000002785
398.000000000000	0.000000002716
398.500000000000	0.000000002729
399.000000000000	0.000000002736
399.500000000000	0.000000002713
400.000000000000	0.000000002711
400.500000000000	0.000000002704
401.000000000000	0.000000002719
401.500000000000	0.000000002735
402.000000000000	0.000000002698
402.500000000000	0.000000002692
403.000000000000	0.000000002690
403.500000000000	0.000000002709
404.000000000000	0.000000002744
404.500000000000	0.000000002692
405.000000000000	0.000000002673
405.500000000000	0.000000002681
406.000000000000	0.000000002674
406.500000000000	0.000000002723
407.000000000000	0.000000002717
407.500000000000	0.000000002696
408.000000000000	0.000000002692
408.500000000000	0.000000002685
409.000000000000	0.000000002731
409.500000000000	0.000000002680
410.000000000000	0.000000002659
410.500000000000	0.000000002661
411.000000000000	0.000000002642
411.500000000000	0.000000002678
412.000000000000	0.000000002647
412.500000000000	0.000000002655
413.000000000000	0.000000002630
413.500000000000	0.000000002645
414.000000000000	0.000000002685
414.500000000000	0.000000002652
415.000000000000	0.000000002653
415.500000000000	0.000000002625
416.000000000000	0.000000002645
416.500000000000	0.000000002657
417.000000000000	0.000000002616
417.500000000000	0.000000002624
418.000000000000	0.000000002585
418.500000000000	0.000000002631
419.000000000000	0.000000002638
419.500000000000	0.000000002626
420.000000000000	0.000000002598
420.500000000000	0.000000002589
421.000000000000	0.000000002633
421.500000000000	0.000000002632
422.000000000000	0.000000002632
422.500000000000	0.000000002608
423.000000000000	0.000000002576
423.500000000000	0.000000002649
424.000000000000	0.000000002614
424.500000000000	0.000000002649
425.000000000000	0.000000002613
425.500000000000	0.000000002582
426.000000000000	0.000000002641
426.500000000000	0.000000002621
427.000000000000	0.000000002627
427.500000000000	0.000000002601
428.000000000000	0.000000002580
428.500000000000	0.000000002624
429.000000000000	0.000000002629
429.500000000000	0.000000002631
430.000000000000	0.000000002606
430.500000000000	0.000000002581
431.000000000000	0.000000002637
431.500000000000	0.000000002629
432.000000000000	0.000000002618
432.500000000000	0.000000002602
433.000000000000	0.000000002587
433.500000000000	0.000000002621
434.000000000000	0.000000002594
434.500000000000	0.000000002593
435.000000000000	0.000000002598
435.500000000000	0.000000002580
436.000000000000	0.000000002591
436.500000000000	0.000000002560
437.000000000000	0.000000002602
437.500000000000	0.000000002619
438.000000000000	0.000000002564
438.500000000000	0.000000002588
439.000000000000	0.000000002557
439.500000000000	0.000000002585
440.000000000000	0.000000002581
440.500000000000	0.000000002581
441.000000000000	0.000000002609
441.500000000000	0.000000002578
442.000000000000	0.000000002602
442.500000000000	0.000000002596
443.000000000000	0.000000002575
443.500000000000	0.000000002557
444.000000000000	0.000000002559
444.500000000000	0.000000002602
445.000000000000	0.000000002596
445.500000000000	0.000000002555
446.000000000000	0.000000002581
446.500000000000	0.000000002557
447.000000000000	0.000000002576
447.500000000000	0.000000002560
448.000000000000	0.000000002554
448.500000000000	0.000000002561
449.000000000000	0.000000002552
449.500000000000	0.000000002576
450.000000000000	0.000000002549
450.500000000000	0.000000002531
451.000000000000	0.000000002539
451.500000000000	0.000000002536
452.000000000000	0.000000002557
452.500000000000	0.000000002553
453.000000000000	0.000000002545
453.500000000000	0.000000002529
454.000000000000	0.000000002531
454.500000000000	0.000000002570
455.000000000000	0.000000002553
455.500000000000	0.000000002507
456.000000000000	0.000000002514
456.500000000000	0.000000002496
457.000000000000	0.000000002549
457.500000000000	0.000000002537
458.000000000000	0.000000002508
458.500000000000	0.000000002513
459.000000000000	0.000000002496
459.500000000000	0.000000002532
460.000000000000	0.000000002524
460.500000000000	0.000000002469
461.000000000000	0.000000002495
461.500000000000	0.000000002503
462.000000000000	0.000000002536
462.500000000000	0.000000002529
463.000000000000	0.000000002486
463.500000000000	0.000000002501
464.000000000000	0.000000002483
464.500000000000	0.000000002521
465.000000000000	0.000000002514
465.500000000000	0.000000002481
466.000000000000	0.000000002498
466.500000000000	0.000000002507
467.000000000000	0.000000002523
467.500000000000	0.000000002520
468.000000000000	0.000000002497
468.500000000000	0.000000002508
469.000000000000	0.000000002521
469.500000000000	0.000000002525
470.000000000000	0.000000002531
470.500000000000	0.000000002504
471.000000000000	0.000000002477
471.500000000000	0.000000002472
472.000000000000	0.000000002511
472.500000000000	0.000000002501
473.000000000000	0.000000002513
473.500000000000	0.000000002469
474.000000000000	0.000000002456
474.500000000000	0.000000002475
475.000000000000	0.000000002466
475.500000000000	0.000000002486
476.000000000000	0.000000002455
476.500000000000	0.000000002465
477.000000000000	0.000000002487
477.500000000000	0.000000002434
478.000000000000	0.000000002475
478.500000000000	0.000000002457
479.000000000000	0.000000002464
479.500000000000	0.000000002445
480.000000000000	0.000000002452
480.500000000000	0.000000002480
481.000000000000	0.000000002439
481.500000000000	0.000000002447
482.000000000000	0.000000002433
482.500000000000	0.000000002455
483.000000000000	0.000000002468
483.500000000000	0.000000002418
484.000000000000	0.000000002407
484.500000000000	0.000000002413
485.000000000000	0.000000002438
485.500000000000	0.000000002464
486.000000000000	0.000000002427
486.500000000000	0.000000002406
487.000000000000	0.000000002404
487.500000000000	0.000000002425
488.000000000000	0.000000002460
488.500000000000	0.000000002408
489.000000000000	0.000000002378
489.500000000000	0.000000002367
490.000000000000	0.000000002383
490.500000000000	0.000000002424
491.000000000000	0.000000002380
491.500000000000	0.000000002376
492.000000000000	0.000000002372
492.500000000000	0.000000002395
493.000000000000	0.000000002426
493.500000000000	0.000000002375
494.000000000000	0.000000002385
494.500000000000	0.000000002374
495.000000000000	0.000000002396
495.500000000000	0.000000002438
496.000000000000	0.000000002380
496.500000000000	0.000000002394
497.000000000000	0.000000002387
497.500000000000	0.000000002407
498.000000000000	0.000000002446
498.500000000000	0.000000002406
499.000000000000	0.000000002419
499.500000000000	0.000000002380
500.000000000000	0.000000002386
500.500000000000	0.000000002419
501.000000000000	0.000000002384
501.500000000000	0.000000002421
502.000000000000	0.000000002389
502.500000000000	0.000000002387
503.000000000000	0.000000002405
503.500000000000	0.000000002363
504.000000000000	0.000000002414
504.500000000000	0.000000002359
505.000000000000	0.000000002365
505.500000000000	0.000000002413
506.000000000000	0.000000002388
506.500000000000	0.000000002382
507.000000000000	0.000000002365
507.500000000000	0.000000002364
508.000000000000	0.000000002348
508.500000000000	0.000000002382
509.000000000000	0.000000002382
509.500000000000	0.000000002362
510.000000000000	0.000000002362
510.500000000000	0.000000002366
511.000000000000	0.000000002377
511.500000000000	0.000000002351
512.000000000000	0.000000002343
512.500000000000	0.000000002345
513.000000000000	0.000000002364
513.500000000000	0.000000002413
514.000000000000	0.000000002359
514.500000000000	0.000000002362
515.000000000000	0.000000002335
515.500000000000	0.000000002399
516.000000000000	0.000000002447
516.500000000000	0.000000002376
517.000000000000	0.000000002346
517.500000000000	0.000000002353
518.000000000000	0.000000002382
518.500000000000	0.000000002392
519.000000000000	0.000000002360
519.500000000000	0.000000002353
520.000000000000	0.000000002351
520.500000000000	0.000000002348
521.000000000000	0.000000002405
521.500000000000	0.000000002374
522.000000000000	0.000000002364
522.500000000000	0.000000002345
523.000000000000	0.000000002353
523.500000000000	0.000000002392
524.000000000000	0.000000002369
524.500000000000	0.000000002375
525.000000000000	0.000000002352
525.500000000000	0.000000002312
526.000000000000	0.000000002385
526.500000000000	0.000000002341
527.000000000000	0.000000002351
527.500000000000	0.000000002345
528.000000000000	0.000000002293
528.500000000000	0.000000002366
529.000000000000	0.000000002350
529.500000000000	0.000000002368
530.000000000000	0.000000002338
530.500000000000	0.000000002269
531.000000000000	0.000000002335
531.500000000000	0.000000002322
532.000000000000	0.000000002312
532.500000000000	0.000000002349
533.000000000000	0.000000002301
533.500000000000	0.000000002333
534.000000000000	0.000000002322
534.500000000000	0.000000002339
535.000000000000	0.000000002335
535.500000000000	0.000000002265
536.000000000000	0.000000002320
536.500000000000	0.000000002322
537.000000000000	0.000000002318
537.500000000000	0.000000002303
538.000000000000	0.000000002278
538.500000000000	0.000000002323
539.000000000000	0.000000002308
539.500000000000	0.000000002308
540.000000000000	0.000000002314
540.500000000000	0.000000002262
541.000000000000	0.000000002300
541.500000000000	0.000000002299
542.000000000000	0.000000002298
542.500000000000	0.000000002288
543.000000000000	0.000000002286
543.500000000000	0.000000002272
544.000000000000	0.000000002269
544.500000000000	0.000000002284
545.000000000000	0.000000002279
545.500000000000	0.000000002265
546.000000000000	0.000000002281
546.500000000000	0.000000002278
547.000000000000	0.000000002293
547.500000000000	0.000000002253
548.000000000000	0.000000002266
548.500000000000	0.000000002254
549.000000000000	0.000000002222
549.500000000000	0.000000002262
550.000000000000	0.000000002269
550.500000000000	0.000000002266
551.000000000000	0.000000002213
551.500000000000	0.000000002208
552.000000000000	0.000000002256
552.500000000000	0.000000002232
553.000000000000	0.000000002237
553.500000000000	0.000000002213
554.000000000000	0.000000002207
554.500000000000	0.000000002229
555.000000000000	0.000000002267
555.500000000000	0.000000002252
556.000000000000	0.000000002202
556.500000000000	0.000000002221
557.000000000000	0.000000002235
557.500000000000	0.000000002253
558.000000000000	0.000000002224
558.500000000000	0.000000002191
559.000000000000	0.000000002247
559.500000000000	0.000000002235
560.000000000000	0.000000002237
560.500000000000	0.000000002226
561.000000000000	0.000000002216
561.500000000000	0.000000002228
562.000000000000	0.000000002222
562.500000000000	0.000000002247
563.000000000000	0.000000002224
563.500000000000	0.000000002241
564.000000000000	0.000000002210
564.500000000000	0.000000002203
565.000000000000	0.000000002377
565.500000000000	0.000000002229
566.000000000000	0.000000002172
566.500000000000	0.000000002207
567.000000000000	0.000000002215
567.500000000000	0.000000002234
568.000000000000	0.000000002228
568.500000000000	0.000000002187
569.000000000000	0.000000002203
569.500000000000	0.000000002170
570.000000000000	0.000000002200
570.500000000000	0.000000002230
571.000000000000	0.000000002197
571.500000000000	0.000000002201
572.000000000000	0.000000002170
572.500000000000	0.000000002207
573.000000000000	0.000000002189
573.500000000000	0.000000002218
574.000000000000	0.000000002190
574.500000000000	0.000000002168
575.000000000000	0.000000002178
575.500000000000	0.000000002216
576.000000000000	0.000000002188
576.500000000000	0.000000002216
577.000000000000	0.000000002168
577.500000000000	0.000000002181
578.000000000000	0.000000002231
578.500000000000	0.000000002173
579.000000000000	0.000000002193
579.500000000000	0.000000002166
580.000000000000	0.000000002141
580.500000000000	0.000000002218
581.000000000000	0.000000002201
581.500000000000	0.000000002183
582.000000000000	0.000000002142
582.500000000000	0.000000002173
583.000000000000	0.000000002195
583.500000000000	0.000000002166
584.000000000000	0.000000002173
584.500000000000	0.000000002097
585.000000000000	0.000000002154
585.500000000000	0.000000002150
586.000000000000	0.000000002180
586.500000000000	0.000000002136
587.000000000000	0.000000002096
587.500000000000	0.000000002154
588.000000000000	0.000000002166
588.500000000000	0.000000002175
589.000000000000	0.000000002128
589.500000000000	0.000000002135
590.000000000000	0.000000002112
590.500000000000	0.000000002114
591.000000000000	0.000000002152
591.500000000000	0.000000002142
592.000000000000	0.000000002136
592.500000000000	0.000000002112
593.000000000000	0.000000002098
593.500000000000	0.000000002134
594.000000000000	0.000000002121
594.500000000000	0.000000002139
595.000000000000	0.000000002109
595.500000000000	0.000000002101
596.000000000000	0.000000002145
596.500000000000	0.000000002113
597.000000000000	0.000000002135
597.500000000000	0.000000002101
598.000000000000	0.000000002122
598.500000000000	0.000000002145
599.000000000000	0.000000002102
599.500000000000	0.000000002133
600.000000000000	0.000000002120
600.500000000000	0.000000002128
601.000000000000	0.000000002167
601.500000000000	0.000000002135
602.000000000000	0.000000002142
602.500000000000	0.000000002135
603.000000000000	0.000000002111
603.500000000000	0.000000002142
604.000000000000	0.000000002109
604.500000000000	0.000000002126
605.000000000000	0.000000002112
605.500000000000	0.000000002079
606.000000000000	0.000000002155
606.500000000000	0.000000002118
607.000000000000	0.000000002091
607.500000000000	0.000000002099
608.000000000000	0.000000002086
608.500000000000	0.000000002133
609.000000000000	0.000000002116
609.500000000000	0.000000002097
610.000000000000	0.000000002109
610.500000000000	0.000000002070
611.000000000000	0.000000002118
611.500000000000	0.000000002108
612.000000000000	0.000000002094
612.500000000000	0.000000002103
613.000000000000	0.000000002118
613.500000000000	0.000000002126
614.000000000000	0.000000002122
614.500000000000	0.000000002137
615.000000000000	0.000000002124
615.500000000000	0.000000002132
616.000000000000	0.000000002103
616.500000000000	0.000000002133
617.000000000000	0.000000002142
617.500000000000	0.000000002093
618.000000000000	0.000000002083
618.500000000000	0.000000002079
619.000000000000	0.000000002119
619.500000000000	0.000000002128
620.000000000000	0.000000002101
620.500000000000	0.000000002088
621.000000000000	0.000000002083
621.500000000000	0.000000002121
622.000000000000	0.000000002132
622.500000000000	0.000000002089
623.000000000000	0.000000002092
623.500000000000	0.000000002081
624.000000000000	0.000000002077
624.500000000000	0.000000002120
625.000000000000	0.000000002071
625.500000000000	0.000000002056
626.000000000000	0.000000002073
626.500000000000	0.000000002137
627.000000000000	0.000000002090
627.500000000000	0.000000002053
628.000000000000	0.000000002080
628.500000000000	0.000000002105
629.000000000000	0.000000002047
629.500000000000	0.000000002077
630.000000000000	0.000000002061
630.500000000000	0.000000002039
631.000000000000	0.000000002022
631.500000000000	0.000000002030
632.000000000000	0.000000002061
632.500000000000	0.000000002043
633.000000000000	0.000000002063
633.500000000000	0.000000002031
634.000000000000	0.000000002011
634.500000000000	0.000000002043
635.000000000000	0.000000002034
635.500000000000	0.000000002003
636.000000000000	0.000000001955
636.500000000000	0.000000002000
637.000000000000	0.000000002018
637.500000000000	0.000000002037
638.000000000000	0.000000002030
638.500000000000	0.000000001979
639.000000000000	0.000000002013
639.500000000000	0.000000002004
640.000000000000	0.000000002019
640.500000000000	0.000000002051
641.000000000000	0.000000001962
641.500000000000	0.000000002016
642.000000000000	0.000000002009
642.500000000000	0.000000002026
643.000000000000	0.000000002060
643.500000000000	0.000000001974
644.000000000000	0.000000002014
644.500000000000	0.000000001985
645.000000000000	0.000000002040
645.500000000000	0.000000002032
646.000000000000	0.000000001996
646.500000000000	0.000000002034
647.000000000000	0.000000001993
647.500000000000	0.000000001998
648.000000000000	0.000000001991
648.500000000000	0.000000001985
649.000000000000	0.000000001980
649.500000000000	0.000000001946
650.000000000000	0.000000001978
650.500000000000	0.000000001979
651.000000000000	0.000000001981
651.500000000000	0.000000001990
652.000000000000	0.000000001973
652.500000000000	0.000000001963
653.000000000000	0.000000001999
653.500000000000	0.000000001993
654.000000000000	0.000000001993
654.500000000000	0.000000001977
655.000000000000	0.000000001984
655.500000000000	0.000000002018
656.000000000000	0.000000001996
656.500000000000	0.000000001993
657.000000000000	0.000000002000
657.500000000000	0.000000001985
658.000000000000	0.000000001955
658.500000000000	0.000000001963
659.000000000000	0.000000001977
659.500000000000	0.000000001945
