Voltage   	Current	
29.980440	-1.396732E-9
29.000280	-7.783892E-10
28.000900	-7.493371E-10
27.000930	-7.105158E-10
26.001780	-6.769084E-10
25.001110	-6.581315E-10
24.001300	-6.306481E-10
23.000650	-6.033169E-10
22.000230	-5.799339E-10
21.000880	-5.485026E-10
20.000810	-5.182869E-10
19.001620	-4.859446E-10
18.000770	-4.503133E-10
17.001290	-4.406963E-10
16.000600	-4.163012E-10
15.001430	-3.814289E-10
14.000650	-3.566276E-10
13.001800	-3.182627E-10
12.001450	-2.906788E-10
11.001580	-2.769627E-10
10.001280	-2.530223E-10
9.001697	-2.333846E-10
8.001568	-2.039275E-10
7.000723	-1.828218E-10
6.001813	-1.389903E-10
5.000737	-1.252743E-10
4.001274	-7.977302E-11
3.000566	5.961628E-11
2.001150	2.126711E-10
1.000631	4.429446E-10
0.001228	6.336900E-10
0.999022	1.039828E-9
1.999528	1.138869E-9
2.998940	1.352035E-9
3.999570	1.535594E-9
4.998703	1.782616E-9
5.999535	1.950284E-9
6.998711	2.117699E-9
7.999410	2.321957E-9
8.999778	2.516448E-9
9.999143	2.665846E-9
10.999350	2.886400E-9
11.999130	3.000875E-9
12.999480	3.140657E-9
13.998750	3.310402E-9
14.998840	3.501705E-9
15.998260	3.624229E-9
16.999140	3.724534E-9
17.998340	3.855561E-9
18.998880	3.965184E-9
19.998390	4.055621E-9
20.998530	4.215238E-9
21.998010	4.346218E-9
22.998510	4.416517E-9
23.999110	4.543594E-9
24.998410	4.612319E-9
25.998870	4.728467E-9
26.998590	4.822700E-9
27.999110	4.913393E-9
28.998100	5.053375E-9
