t (s)	Ids (Amps)
0.000000000000	0.000000029850
0.500000000000	0.000000029876
1.000000000000	0.000000029813
1.500000000000	0.000000029824
2.000000000000	0.000000029850
2.500000000000	0.000000029869
3.000000000000	0.000000029834
3.500000000000	0.000000029832
4.000000000000	0.000000029829
4.500000000000	0.000000029815
5.000000000000	0.000000015719
5.500000000000	0.000000016217
6.000000000000	0.000000016495
6.500000000000	0.000000016793
7.000000000000	0.000000016970
7.500000000000	0.000000017013
8.000000000000	0.000000017232
8.500000000000	0.000000017279
9.000000000000	0.000000017481
9.500000000000	0.000000017552
10.000000000000	0.000000017653
10.500000000000	0.000000017752
11.000000000000	0.000000017844
11.500000000000	0.000000017895
12.000000000000	0.000000017888
12.500000000000	0.000000017933
13.000000000000	0.000000017991
13.500000000000	0.000000017977
14.000000000000	0.000000017233
14.500000000000	0.000000018042
15.000000000000	0.000000018023
15.500000000000	0.000000018093
16.000000000000	0.000000018124
16.500000000000	0.000000018137
17.000000000000	0.000000018184
17.500000000000	0.000000018231
18.000000000000	0.000000018219
18.500000000000	0.000000018241
19.000000000000	0.000000018285
19.500000000000	0.000000018276
20.000000000000	0.000000018263
20.500000000000	0.000000018270
21.000000000000	0.000000018320
21.500000000000	0.000000018312
22.000000000000	0.000000018346
22.500000000000	0.000000018324
23.000000000000	0.000000018356
23.500000000000	0.000000018387
24.000000000000	0.000000018384
24.500000000000	0.000000018393
25.000000000000	0.000000018422
25.500000000000	0.000000018425
26.000000000000	0.000000018409
26.500000000000	0.000000018432
27.000000000000	0.000000018438
27.500000000000	0.000000018446
28.000000000000	0.000000018455
28.500000000000	0.000000018442
29.000000000000	0.000000018467
29.500000000000	0.000000018434
30.000000000000	0.000000018169
30.500000000000	0.000000017211
31.000000000000	0.000000015829
31.500000000000	0.000000015790
32.000000000000	0.000000015928
32.500000000000	0.000000015533
33.000000000000	0.000000015561
33.500000000000	0.000000015540
34.000000000000	0.000000015549
34.500000000000	0.000000015492
35.000000000000	0.000000015469
35.500000000000	0.000000015392
36.000000000000	0.000000015424
36.500000000000	0.000000015469
37.000000000000	0.000000015435
37.500000000000	0.000000014984
38.000000000000	0.000000015366
38.500000000000	0.000000015348
39.000000000000	0.000000015388
39.500000000000	0.000000015345
40.000000000000	0.000000015224
40.500000000000	0.000000015343
41.000000000000	0.000000015357
41.500000000000	0.000000015225
42.000000000000	0.000000015189
42.500000000000	0.000000015169
43.000000000000	0.000000015161
43.500000000000	0.000000015145
44.000000000000	0.000000015178
44.500000000000	0.000000015047
45.000000000000	0.000000015144
45.500000000000	0.000000015044
46.000000000000	0.000000015018
46.500000000000	0.000000015116
47.000000000000	0.000000014971
47.500000000000	0.000000014963
48.000000000000	0.000000015034
48.500000000000	0.000000014944
49.000000000000	0.000000014939
49.500000000000	0.000000014899
50.000000000000	0.000000014860
50.500000000000	0.000000014873
51.000000000000	0.000000014814
51.500000000000	0.000000014814
52.000000000000	0.000000014802
52.500000000000	0.000000014778
53.000000000000	0.000000014796
53.500000000000	0.000000014735
54.000000000000	0.000000014757
54.500000000000	0.000000014675
55.000000000000	0.000000014651
55.500000000000	0.000000014633
56.000000000000	0.000000014600
56.500000000000	0.000000014690
57.000000000000	0.000000014570
57.500000000000	0.000000014596
58.000000000000	0.000000014522
58.500000000000	0.000000014480
59.000000000000	0.000000014508
59.500000000000	0.000000014477
60.000000000000	0.000000014466
60.500000000000	0.000000014445
61.000000000000	0.000000015215
61.500000000000	0.000000016591
62.000000000000	0.000000017523
62.500000000000	0.000000018122
63.000000000000	0.000000018218
63.500000000000	0.000000018279
64.000000000000	0.000000018408
64.500000000000	0.000000018411
65.000000000000	0.000000018501
65.500000000000	0.000000018552
66.000000000000	0.000000018546
66.500000000000	0.000000018621
67.000000000000	0.000000018592
67.500000000000	0.000000018586
68.000000000000	0.000000018623
68.500000000000	0.000000018616
69.000000000000	0.000000018636
69.500000000000	0.000000018668
70.000000000000	0.000000018670
70.500000000000	0.000000018670
71.000000000000	0.000000018705
71.500000000000	0.000000018704
72.000000000000	0.000000018669
72.500000000000	0.000000018665
73.000000000000	0.000000018738
73.500000000000	0.000000018737
74.000000000000	0.000000018735
74.500000000000	0.000000018760
75.000000000000	0.000000018779
75.500000000000	0.000000018761
76.000000000000	0.000000018749
76.500000000000	0.000000018688
77.000000000000	0.000000018737
77.500000000000	0.000000018748
78.000000000000	0.000000018745
78.500000000000	0.000000018792
79.000000000000	0.000000018763
79.500000000000	0.000000018755
80.000000000000	0.000000018774
80.500000000000	0.000000018742
81.000000000000	0.000000018741
81.500000000000	0.000000018872
82.000000000000	0.000000018912
82.500000000000	0.000000018870
83.000000000000	0.000000018670
83.500000000000	0.000000018777
84.000000000000	0.000000018936
84.500000000000	0.000000018776
85.000000000000	0.000000018779
85.500000000000	0.000000019499
86.000000000000	0.000000018536
86.500000000000	0.000000019420
87.000000000000	0.000000018839
87.500000000000	0.000000018812
88.000000000000	0.000000018823
88.500000000000	0.000000018822
89.000000000000	0.000000018825
89.500000000000	0.000000018811
90.000000000000	0.000000031151
90.500000000000	0.000000030907
91.000000000000	0.000000031094
91.500000000000	0.000000030535
92.000000000000	0.000000030512
92.500000000000	0.000000030410
93.000000000000	0.000000030342
93.500000000000	0.000000030306
94.000000000000	0.000000030216
94.500000000000	0.000000030185
95.000000000000	0.000000016494
95.500000000000	0.000000016889
96.000000000000	0.000000017118
96.500000000000	0.000000017314
97.000000000000	0.000000017470
97.500000000000	0.000000017494
98.000000000000	0.000000017683
98.500000000000	0.000000017761
99.000000000000	0.000000017827
99.500000000000	0.000000017894
100.000000000000	0.000000017952
100.500000000000	0.000000017992
101.000000000000	0.000000018027
101.500000000000	0.000000018062
102.000000000000	0.000000018096
102.500000000000	0.000000018121
103.000000000000	0.000000018925
103.500000000000	0.000000018130
104.000000000000	0.000000018196
104.500000000000	0.000000018182
105.000000000000	0.000000018259
105.500000000000	0.000000018213
106.000000000000	0.000000018270
106.500000000000	0.000000018258
107.000000000000	0.000000018278
107.500000000000	0.000000018301
108.000000000000	0.000000018282
108.500000000000	0.000000018301
109.000000000000	0.000000018300
109.500000000000	0.000000018314
110.000000000000	0.000000018324
110.500000000000	0.000000018348
111.000000000000	0.000000018350
111.500000000000	0.000000018374
112.000000000000	0.000000018372
112.500000000000	0.000000018383
113.000000000000	0.000000018373
113.500000000000	0.000000018388
114.000000000000	0.000000018404
114.500000000000	0.000000018396
115.000000000000	0.000000018401
115.500000000000	0.000000018407
116.000000000000	0.000000018408
116.500000000000	0.000000018409
117.000000000000	0.000000018415
117.500000000000	0.000000018405
118.000000000000	0.000000018435
118.500000000000	0.000000018440
119.000000000000	0.000000018437
119.500000000000	0.000000018452
120.000000000000	0.000000018480
120.500000000000	0.000000017936
121.000000000000	0.000000016790
121.500000000000	0.000000015479
122.000000000000	0.000000014289
122.500000000000	0.000000013509
123.000000000000	0.000000013156
123.500000000000	0.000000011513
124.000000000000	0.000000011823
124.500000000000	0.000000010866
125.000000000000	0.000000010410
125.500000000000	0.000000010218
126.000000000000	0.000000009914
126.500000000000	0.000000009695
127.000000000000	0.000000009468
127.500000000000	0.000000009219
128.000000000000	0.000000008975
128.500000000000	0.000000008665
129.000000000000	0.000000008490
129.500000000000	0.000000008186
130.000000000000	0.000000007996
130.500000000000	0.000000007761
131.000000000000	0.000000007710
131.500000000000	0.000000007325
132.000000000000	0.000000007137
132.500000000000	0.000000006883
133.000000000000	0.000000006729
133.500000000000	0.000000006497
134.000000000000	0.000000006435
134.500000000000	0.000000006082
135.000000000000	0.000000006031
135.500000000000	0.000000005589
136.000000000000	0.000000005613
136.500000000000	0.000000005565
137.000000000000	0.000000005467
137.500000000000	0.000000005195
138.000000000000	0.000000005033
138.500000000000	0.000000004917
139.000000000000	0.000000004823
139.500000000000	0.000000004660
140.000000000000	0.000000004666
140.500000000000	0.000000004408
141.000000000000	0.000000004099
141.500000000000	0.000000004170
142.000000000000	0.000000003899
142.500000000000	0.000000004073
143.000000000000	0.000000003861
143.500000000000	0.000000003758
144.000000000000	0.000000003687
144.500000000000	0.000000003447
145.000000000000	0.000000003347
145.500000000000	0.000000003280
146.000000000000	0.000000003175
146.500000000000	0.000000003182
147.000000000000	0.000000003037
147.500000000000	0.000000002916
148.000000000000	0.000000002912
148.500000000000	0.000000002882
149.000000000000	0.000000002746
149.500000000000	0.000000002698
150.000000000000	0.000000003183
150.500000000000	0.000000004835
151.000000000000	0.000000009616
151.500000000000	0.000000011877
152.000000000000	0.000000013957
152.500000000000	0.000000015770
153.000000000000	0.000000016393
153.500000000000	0.000000016506
154.000000000000	0.000000016644
154.500000000000	0.000000016518
155.000000000000	0.000000016891
155.500000000000	0.000000016952
156.000000000000	0.000000017008
156.500000000000	0.000000017062
157.000000000000	0.000000017097
157.500000000000	0.000000017208
158.000000000000	0.000000017157
158.500000000000	0.000000017102
159.000000000000	0.000000017193
159.500000000000	0.000000017233
160.000000000000	0.000000017268
160.500000000000	0.000000016981
161.000000000000	0.000000017324
161.500000000000	0.000000017366
162.000000000000	0.000000017422
162.500000000000	0.000000017453
163.000000000000	0.000000017652
163.500000000000	0.000000017388
164.000000000000	0.000000017849
164.500000000000	0.000000017501
165.000000000000	0.000000017452
165.500000000000	0.000000017472
166.000000000000	0.000000017496
166.500000000000	0.000000017524
167.000000000000	0.000000017521
167.500000000000	0.000000017501
168.000000000000	0.000000017529
168.500000000000	0.000000017552
169.000000000000	0.000000017478
169.500000000000	0.000000017543
170.000000000000	0.000000017557
170.500000000000	0.000000017578
171.000000000000	0.000000017528
171.500000000000	0.000000017573
172.000000000000	0.000000017549
172.500000000000	0.000000017563
173.000000000000	0.000000017581
173.500000000000	0.000000017614
174.000000000000	0.000000017660
174.500000000000	0.000000017612
175.000000000000	0.000000017611
175.500000000000	0.000000017623
176.000000000000	0.000000017601
176.500000000000	0.000000017612
177.000000000000	0.000000017648
177.500000000000	0.000000017616
178.000000000000	0.000000017626
178.500000000000	0.000000017647
179.000000000000	0.000000017631
179.500000000000	0.000000017645
180.000000000000	0.000000029085
180.500000000000	0.000000028802
181.000000000000	0.000000028609
181.500000000000	0.000000028497
182.000000000000	0.000000028373
182.500000000000	0.000000028278
183.000000000000	0.000000028311
183.500000000000	0.000000028165
184.000000000000	0.000000028119
184.500000000000	0.000000028057
185.000000000000	0.000000028014
185.500000000000	0.000000027945
186.000000000000	0.000000027913
186.500000000000	0.000000015135
187.000000000000	0.000000015471
187.500000000000	0.000000015695
188.000000000000	0.000000015889
188.500000000000	0.000000016034
189.000000000000	0.000000016137
189.500000000000	0.000000016263
190.000000000000	0.000000016380
190.500000000000	0.000000016461
191.000000000000	0.000000016530
191.500000000000	0.000000016601
192.000000000000	0.000000016660
192.500000000000	0.000000016597
193.000000000000	0.000000016718
193.500000000000	0.000000016652
194.000000000000	0.000000017234
194.500000000000	0.000000016828
195.000000000000	0.000000016779
195.500000000000	0.000000016882
196.000000000000	0.000000017504
196.500000000000	0.000000016915
197.000000000000	0.000000016912
197.500000000000	0.000000016845
198.000000000000	0.000000014775
198.500000000000	0.000000017053
199.000000000000	0.000000017129
199.500000000000	0.000000016992
200.000000000000	0.000000016969
200.500000000000	0.000000016797
201.000000000000	0.000000017041
201.500000000000	0.000000016802
202.000000000000	0.000000017042
202.500000000000	0.000000017068
203.000000000000	0.000000017091
203.500000000000	0.000000017080
204.000000000000	0.000000017124
204.500000000000	0.000000017119
205.000000000000	0.000000017131
205.500000000000	0.000000017116
206.000000000000	0.000000017132
206.500000000000	0.000000017114
207.000000000000	0.000000017154
207.500000000000	0.000000017171
208.000000000000	0.000000017157
208.500000000000	0.000000017184
209.000000000000	0.000000017170
209.500000000000	0.000000017180
210.000000000000	0.000000017201
210.500000000000	0.000000016260
211.000000000000	0.000000014395
211.500000000000	0.000000012753
212.000000000000	0.000000011101
212.500000000000	0.000000008721
213.000000000000	0.000000007170
213.500000000000	0.000000004587
214.000000000000	0.000000003811
214.500000000000	0.000000002662
215.000000000000	0.000000002155
215.500000000000	0.000000001594
216.000000000000	0.000000001316
216.500000000000	0.000000001054
217.000000000000	0.000000000876
217.500000000000	0.000000000748
218.000000000000	0.000000000687
218.500000000000	-0.000000000366
219.000000000000	0.000000000400
219.500000000000	0.000000000302
220.000000000000	0.000000000319
220.500000000000	0.000000000256
221.000000000000	0.000000000227
221.500000000000	0.000000000253
222.000000000000	0.000000000285
222.500000000000	0.000000000261
223.000000000000	0.000000000142
223.500000000000	-0.000000000059
224.000000000000	-0.000000000658
224.500000000000	0.000000000098
225.000000000000	0.000000001376
225.500000000000	0.000000000269
226.000000000000	-0.000000000071
226.500000000000	-0.000000000062
227.000000000000	-0.000000000260
227.500000000000	0.000000000080
228.000000000000	-0.000000000214
228.500000000000	0.000000000041
229.000000000000	0.000000000365
229.500000000000	-0.000000000868
230.000000000000	-0.000000000585
230.500000000000	0.000000000252
231.000000000000	-0.000000000822
231.500000000000	0.000000000140
232.000000000000	-0.000000000030
232.500000000000	0.000000001235
233.000000000000	-0.000000000024
233.500000000000	-0.000000000003
234.000000000000	-0.000000000089
234.500000000000	0.000000000132
235.000000000000	-0.000000000038
235.500000000000	0.000000000441
236.000000000000	-0.000000000084
236.500000000000	-0.000000000103
237.000000000000	-0.000000000085
237.500000000000	-0.000000000015
238.000000000000	0.000000000044
238.500000000000	0.000000000041
239.000000000000	0.000000000118
239.500000000000	0.000000000122
240.000000000000	0.000000000143
240.500000000000	-0.000000000085
241.000000000000	0.000000000760
241.500000000000	0.000000000085
242.000000000000	0.000000000409
242.500000000000	0.000000001970
243.000000000000	0.000000004408
243.500000000000	0.000000008855
244.000000000000	0.000000011214
244.500000000000	0.000000013056
245.000000000000	0.000000013085
245.500000000000	0.000000013148
246.000000000000	0.000000013259
246.500000000000	0.000000013376
247.000000000000	0.000000013485
247.500000000000	0.000000012883
248.000000000000	0.000000013636
248.500000000000	0.000000013775
249.000000000000	0.000000013795
249.500000000000	0.000000013844
250.000000000000	0.000000013905
250.500000000000	0.000000013998
251.000000000000	0.000000014030
251.500000000000	0.000000014124
252.000000000000	0.000000014081
252.500000000000	0.000000014120
253.000000000000	0.000000014096
253.500000000000	0.000000014182
254.000000000000	0.000000014212
254.500000000000	0.000000014263
255.000000000000	0.000000014312
255.500000000000	0.000000014328
256.000000000000	0.000000014328
256.500000000000	0.000000014404
257.000000000000	0.000000014418
257.500000000000	0.000000014469
258.000000000000	0.000000014856
258.500000000000	0.000000014508
259.000000000000	0.000000014499
259.500000000000	0.000000014540
260.000000000000	0.000000014555
260.500000000000	0.000000014566
261.000000000000	0.000000014569
261.500000000000	0.000000014621
262.000000000000	0.000000014652
262.500000000000	0.000000014631
263.000000000000	0.000000014678
263.500000000000	0.000000014740
264.000000000000	0.000000014741
264.500000000000	0.000000014709
265.000000000000	0.000000014728
265.500000000000	0.000000014790
266.000000000000	0.000000014782
266.500000000000	0.000000014770
267.000000000000	0.000000014729
267.500000000000	0.000000014814
268.000000000000	0.000000014809
268.500000000000	0.000000014849
269.000000000000	0.000000014872
269.500000000000	0.000000014855
270.000000000000	0.000000025003
270.500000000000	0.000000024588
271.000000000000	0.000000024402
271.500000000000	0.000000024239
272.000000000000	0.000000024124
272.500000000000	0.000000024066
273.000000000000	0.000000023993
273.500000000000	0.000000023917
274.000000000000	0.000000023862
274.500000000000	0.000000023818
275.000000000000	0.000000012176
275.500000000000	0.000000012626
276.000000000000	0.000000012854
276.500000000000	0.000000013064
277.000000000000	0.000000013202
277.500000000000	0.000000013301
278.000000000000	0.000000013395
278.500000000000	0.000000013479
279.000000000000	0.000000013545
279.500000000000	0.000000013378
280.000000000000	0.000000013676
280.500000000000	0.000000013765
281.000000000000	0.000000013819
281.500000000000	0.000000013849
282.000000000000	0.000000013919
282.500000000000	0.000000013936
283.000000000000	0.000000013989
283.500000000000	0.000000013981
284.000000000000	0.000000014041
284.500000000000	0.000000014071
285.000000000000	0.000000014077
285.500000000000	0.000000014091
286.000000000000	0.000000014144
286.500000000000	0.000000014182
287.000000000000	0.000000014216
287.500000000000	0.000000014228
288.000000000000	0.000000014257
288.500000000000	0.000000014308
289.000000000000	0.000000014305
289.500000000000	0.000000014328
290.000000000000	0.000000014337
290.500000000000	0.000000014332
291.000000000000	0.000000014366
291.500000000000	0.000000014373
292.000000000000	0.000000014392
292.500000000000	0.000000014423
293.000000000000	0.000000014454
293.500000000000	0.000000014440
294.000000000000	0.000000014448
294.500000000000	0.000000014480
295.000000000000	0.000000014461
295.500000000000	0.000000014486
296.000000000000	0.000000014521
296.500000000000	0.000000014508
297.000000000000	0.000000014551
297.500000000000	0.000000014548
298.000000000000	0.000000014553
298.500000000000	0.000000014561
299.000000000000	0.000000014593
299.500000000000	0.000000014588
