Voltage   	Current	
19.986290	-9.574588E-10
19.001250	-5.453149E-10
18.000260	-5.140869E-10
17.001120	-4.749111E-10
16.000940	-4.495542E-10
15.001560	-4.205019E-10
14.000860	-3.989407E-10
13.001260	-3.776324E-10
12.001160	-3.335483E-10
11.001950	-3.158843E-10
10.001110	-2.807584E-10
9.001778	-2.587416E-10
8.001092	-2.304995E-10
7.000238	-1.959809E-10
6.001075	-1.558448E-10
5.000381	-1.003724E-10
4.001591	-8.174678E-11
3.000793	4.397122E-12
2.001382	8.229110E-11
1.000399	1.460639E-10
0.000683	2.371679E-10
0.998992	2.168720E-10
1.999730	2.550840E-10
2.998751	5.274113E-10
3.999089	6.759994E-10
4.998522	8.834964E-10
5.999427	1.070901E-9
6.998367	1.293683E-9
7.999049	1.520513E-9
8.999165	1.709032E-9
9.999035	1.945071E-9
10.999460	2.127315E-9
11.998810	2.345441E-9
12.998970	2.548380E-9
13.998530	2.719544E-9
14.999250	2.851380E-9
15.998840	3.021931E-9
16.998990	3.204781E-9
17.998280	3.378976E-9
18.998630	3.497100E-9
