Voltage   	Current	
29.978660	7.910683E-9
29.000580	6.883027E-9
28.001050	6.624260E-9
27.000900	6.342064E-9
26.001050	5.984060E-9
25.000470	5.572609E-9
24.001100	5.057613E-9
23.000850	4.341999E-9
22.000870	3.665817E-9
21.001180	2.952638E-9
20.000870	2.396953E-9
19.001430	1.931554E-9
18.000920	1.493028E-9
17.001490	1.203899E-9
16.000860	9.845098E-10
15.001600	7.748375E-10
14.000670	6.799453E-10
13.001440	5.338378E-10
12.001040	4.177410E-10
11.001680	3.263412E-10
10.001120	2.470371E-10
9.001293	1.519353E-10
8.000972	1.427237E-10
7.000281	3.972568E-11
6.001062	3.491751E-11
5.000333	-1.311470E-11
4.001239	9.509740E-12
3.000892	-4.014206E-11
2.001249	-4.748077E-11
1.000704	-7.101608E-11
0.001039	-6.271547E-11
0.998872	-9.237464E-11
1.999146	-1.206170E-10
2.998678	-1.220344E-10
3.998982	-1.616138E-10
4.998149	-1.577671E-10
5.998925	-1.711796E-10
6.998372	-1.838327E-10
7.999075	-2.341931E-10
8.999589	-1.873249E-10
9.998774	-1.868190E-10
10.999060	-1.903620E-10
11.998620	-2.468971E-10
12.998910	-2.466948E-10
13.998230	-2.727100E-10
14.998830	-2.863754E-10
15.998540	-3.047985E-10
16.998890	-3.186159E-10
17.998200	-3.350148E-10
18.998720	-3.538431E-10
19.997830	-3.715575E-10
20.998200	-3.692798E-10
21.997660	-3.891201E-10
22.998330	-3.994455E-10
23.998800	-4.142244E-10
24.998360	-4.298639E-10
25.998760	-4.269282E-10
26.998340	-4.464143E-10
27.998440	-4.636226E-10
28.997800	-4.813881E-10
