Voltage   	Current	
29.977880	3.997864E-8
29.000890	3.795444E-8
28.001660	3.734579E-8
27.001340	3.689127E-8
26.001310	3.641437E-8
25.001100	3.594855E-8
24.001550	3.547469E-8
23.001090	3.492759E-8
22.000630	3.433535E-8
21.001470	3.386382E-8
20.001060	3.327122E-8
19.001700	3.269468E-8
18.001260	3.197069E-8
17.001360	3.141018E-8
16.000930	3.062400E-8
15.001440	2.979914E-8
14.001160	2.911906E-8
13.001600	2.810254E-8
12.001440	2.736711E-8
11.001680	2.657143E-8
10.001400	2.541444E-8
9.001537	2.466647E-8
8.001324	2.454343E-8
7.000564	2.313373E-8
6.001260	2.221936E-8
5.000737	2.121851E-8
4.001686	1.116758E-8
3.000909	2.107603E-8
2.001584	1.975723E-8
1.000708	1.878547E-8
0.001413	1.776982E-8
0.998837	1.686795E-8
1.999738	1.599826E-8
2.998837	1.519249E-8
3.999390	1.438299E-8
4.998595	1.363638E-8
5.999547	1.270319E-8
6.998693	1.215721E-8
7.999431	1.155515E-8
8.999778	1.100380E-8
9.999146	1.038904E-8
10.999610	9.798218E-9
11.999160	9.248084E-9
12.999330	8.654587E-9
13.998740	8.107538E-9
14.999210	7.517828E-9
15.998780	6.924430E-9
16.998850	6.317611E-9
17.998340	5.798154E-9
18.998990	5.353592E-9
19.998410	4.968851E-9
20.998670	4.612104E-9
21.998250	4.287391E-9
22.998840	4.017942E-9
23.999060	3.760538E-9
24.998600	3.519027E-9
25.999300	3.228576E-9
26.998610	3.006702E-9
27.998890	2.769339E-9
28.998670	2.780726E-9
