Voltage   	Current	
14.991830	1.117959E-9
13.999900	1.073626E-9
13.000660	1.054901E-9
12.000270	1.030052E-9
11.000730	1.055205E-9
10.000200	1.038655E-9
9.000756	1.006216E-9
8.000517	1.051359E-9
6.999835	1.104497E-9
6.000552	1.041084E-9
4.999814	1.053585E-9
4.000548	1.015578E-9
3.000064	1.000901E-9
2.000575	9.982695E-10
0.999636	9.913361E-10
0.000233	9.673476E-10
0.998099	8.917894E-10
1.998601	9.095024E-10
2.998249	8.932575E-10
3.998922	8.685094E-10
4.998200	9.031763E-10
5.999127	8.875887E-10
6.997942	8.775684E-10
7.998474	8.649670E-10
8.998885	8.456343E-10
9.997928	7.935070E-10
10.998670	8.090945E-10
11.997990	8.016049E-10
12.998300	7.666347E-10
13.997560	7.436584E-10
