Voltage   	Current	
29.981060	1.431523E-11
29.000780	5.787966E-9
28.001370	5.914796E-9
27.001180	5.971580E-9
26.001700	6.017228E-9
25.001060	6.053360E-9
24.001340	6.042026E-9
23.001030	6.077352E-9
22.000600	6.064192E-9
21.000940	6.082968E-9
20.000860	6.106957E-9
19.001570	6.114702E-9
18.001160	6.097443E-9
17.001460	6.059433E-9
16.001320	6.064443E-9
15.002150	6.088537E-9
14.001450	6.086108E-9
13.002010	6.063689E-9
12.001630	6.096075E-9
11.002150	6.080491E-9
10.001860	6.052859E-9
9.001846	6.091720E-9
8.001645	6.081245E-9
7.000998	6.043695E-9
6.001869	6.067431E-9
5.000810	6.055438E-9
4.001548	6.103868E-9
3.000772	6.195066E-9
2.001408	6.062114E-9
1.000528	6.038125E-9
0.001142	6.087518E-9
0.998958	6.044963E-9
1.999670	6.025472E-9
2.998867	6.031496E-9
3.999437	6.041871E-9
4.998986	6.015555E-9
5.999706	6.000374E-9
6.998526	6.020765E-9
7.999427	6.009178E-9
8.999920	6.052851E-9
9.999357	6.022993E-9
10.999580	6.023193E-9
11.999260	6.041465E-9
12.999680	6.015911E-9
13.998970	6.020715E-9
14.999430	6.029267E-9
15.999050	6.026283E-9
16.999370	5.993741E-9
17.998730	6.003960E-9
18.999100	6.004674E-9
19.998370	5.970967E-9
20.998950	5.978555E-9
21.998080	5.999866E-9
22.998460	6.014999E-9
23.998740	5.973448E-9
24.998140	5.944851E-9
25.998750	5.974255E-9
26.998580	6.012969E-9
27.998870	5.998650E-9
28.998010	6.023957E-9
