Voltage   	Current	
14.992480	3.049418E-8
14.000450	3.051427E-8
13.001490	3.042478E-8
12.001390	3.030301E-8
11.001970	3.025108E-8
10.000950	3.013638E-8
9.001877	3.004720E-8
8.001328	2.991236E-8
7.000465	2.980587E-8
6.001161	2.970914E-8
5.000372	2.950289E-8
4.001437	2.938065E-8
3.000489	2.924098E-8
2.001446	2.908548E-8
1.000511	2.888555E-8
0.001387	2.870229E-8
0.999206	2.847569E-8
1.999313	2.817044E-8
2.998798	2.787803E-8
3.999488	2.757583E-8
4.998904	2.729279E-8
5.999530	2.688925E-8
6.998706	2.646046E-8
7.999169	2.601596E-8
8.999568	2.548529E-8
9.998820	2.493351E-8
10.999470	2.430845E-8
11.998800	2.361803E-8
12.999300	2.288759E-8
13.998780	2.213073E-8
