Voltage   	Current	
14.991690	2.885495E-9
14.000900	2.802139E-9
13.000980	2.813936E-9
12.000550	2.834379E-9
11.001140	2.898908E-9
10.000800	2.965663E-9
9.001834	3.056201E-9
8.001058	3.172100E-9
7.000135	3.229289E-9
6.000925	3.306773E-9
5.000462	3.388201E-9
4.001329	3.470547E-9
3.000570	3.568732E-9
2.000815	3.616102E-9
1.000236	3.660942E-9
0.001026	3.750318E-9
0.998855	3.892432E-9
1.999558	3.898253E-9
2.998562	3.924872E-9
3.999252	3.980137E-9
4.998668	4.033431E-9
5.999496	4.077056E-9
6.998324	4.111167E-9
7.998908	4.143608E-9
8.999314	4.186070E-9
9.998928	4.189459E-9
10.999580	4.268919E-9
11.999040	4.299890E-9
12.999600	4.333799E-9
13.998570	4.381021E-9
