Voltage   	Current	
14.990480	6.781206E-10
13.999730	7.127876E-10
13.000490	7.388509E-10
12.000130	7.574240E-10
11.000710	7.666854E-10
9.999919	7.946719E-10
9.000688	8.285287E-10
8.000134	8.644104E-10
6.999590	8.997355E-10
6.000500	9.369834E-10
4.999471	9.766606E-10
4.000239	1.005912E-9
2.999643	1.038554E-9
2.000498	1.038909E-9
0.999468	1.151868E-9
0.000228	1.136634E-9
0.998022	1.134104E-9
1.998584	1.189823E-9
2.998188	1.183447E-9
3.998386	1.222162E-9
4.997767	1.234410E-9
5.998724	1.245796E-9
6.997736	1.255817E-9
7.998538	1.376366E-9
8.998928	1.356679E-9
9.998348	1.321203E-9
10.999020	1.338410E-9
11.998300	1.375608E-9
12.998590	1.414779E-9
13.997820	1.415537E-9
