Voltage   	Current	
14.990380	3.098060E-8
14.000870	3.098678E-8
13.001470	3.092057E-8
12.001000	3.087230E-8
11.001530	3.072817E-8
10.001400	3.062575E-8
9.001868	3.058521E-8
8.001345	3.038589E-8
7.000817	3.029243E-8
6.001556	3.010350E-8
5.000629	2.994848E-8
4.001518	2.977745E-8
3.000884	2.958798E-8
2.001403	2.937488E-8
1.000687	2.913133E-8
0.001305	2.883815E-8
0.998970	2.854425E-8
1.999743	2.821652E-8
2.998974	2.775809E-8
3.999694	2.732135E-8
4.998866	2.684263E-8
5.999826	2.631604E-8
6.998882	2.569024E-8
7.999457	2.498083E-8
8.999949	2.413153E-8
9.999095	2.317761E-8
10.999610	2.205772E-8
11.999170	2.078054E-8
12.999330	1.919105E-8
13.998630	1.734344E-8
