Voltage   	Current	
19.987570	-6.972034E-10
19.000850	-3.897787E-10
18.000470	-3.887157E-10
17.001080	-3.417466E-10
16.000590	-3.109226E-10
15.001290	-2.724572E-10
14.000490	-2.441135E-10
13.001110	-1.856047E-10
12.000700	-1.180358E-10
11.001730	-3.948403E-11
10.000850	4.752011E-11
9.001357	1.672204E-10
8.001049	3.202176E-10
7.000491	4.692103E-10
6.001479	6.760489E-10
5.000707	9.170992E-10
4.001239	1.131175E-9
3.000802	1.403856E-9
2.001554	1.338267E-9
1.000726	1.926038E-9
0.001202	2.018248E-9
0.999026	2.464668E-9
1.999545	2.394019E-9
2.999038	2.531778E-9
3.999398	2.737756E-9
4.998488	2.889128E-9
5.999397	3.024456E-9
6.998419	3.118435E-9
7.999088	3.291570E-9
8.999409	3.500940E-9
9.998769	3.663442E-9
10.999260	3.781918E-9
11.998760	3.929595E-9
12.999100	4.078841E-9
13.998370	4.253950E-9
14.998850	4.358458E-9
15.998480	4.468986E-9
16.999070	4.580123E-9
17.998280	4.742934E-9
18.999010	4.859839E-9
