Voltage   	Current	
29.980490	6.274993E-9
29.000820	6.241090E-9
28.001130	6.238301E-9
27.000870	6.244121E-9
26.001420	6.255052E-9
25.000720	6.246550E-9
24.001540	6.211879E-9
23.001020	6.199889E-9
22.001090	6.162133E-9
21.001510	6.151861E-9
20.001120	6.184806E-9
19.001290	6.165776E-9
18.000690	6.239919E-9
17.001440	6.157277E-9
16.000670	6.148162E-9
15.001640	6.108888E-9
14.001350	6.163749E-9
13.001930	6.113091E-9
12.001570	6.112938E-9
11.002080	6.106005E-9
10.001310	6.095981E-9
9.001860	6.092034E-9
8.001714	6.061414E-9
7.000556	6.036313E-9
6.001908	6.032767E-9
5.000793	5.991269E-9
4.001870	5.919607E-9
3.000703	5.918443E-9
2.001305	5.882662E-9
1.000623	5.776431E-9
0.001177	5.778862E-9
0.999112	4.317714E-9
1.999811	4.243215E-9
2.999115	4.151967E-9
3.999776	3.922655E-9
4.998904	3.681854E-9
5.999612	3.409879E-9
6.998749	3.127224E-9
7.999530	2.837282E-9
8.999924	2.526996E-9
9.998971	2.227438E-9
10.999530	1.849942E-9
11.999230	1.395772E-9
12.999550	1.133817E-9
13.998830	8.265668E-10
14.999430	6.181061E-10
15.998930	4.321161E-10
16.999350	2.811480E-10
17.998500	1.698009E-10
18.999140	1.440385E-10
19.998370	1.236411E-10
20.998720	1.142775E-10
21.998420	1.103803E-10
22.998770	1.035981E-10
23.999240	9.732191E-11
24.998700	9.620839E-11
25.999250	7.849354E-11
26.998720	9.605658E-11
27.999040	9.382954E-11
28.998470	9.985270E-11
