Voltage   	Current	
29.981050	4.137207E-8
29.000860	3.661108E-8
28.001370	3.497664E-8
27.001200	3.389825E-8
26.001590	3.296228E-8
25.001060	3.187164E-8
24.001540	3.062410E-8
23.000990	2.929070E-8
22.000620	2.772083E-8
21.001110	2.614807E-8
20.000880	2.458701E-8
19.001810	2.307660E-8
18.001260	2.142008E-8
17.001870	1.996661E-8
16.001310	1.852619E-8
15.001560	1.710644E-8
14.000840	1.594117E-8
13.001490	1.460963E-8
12.001100	1.356440E-8
11.001630	1.237078E-8
10.001310	1.139600E-8
9.002087	1.045183E-8
8.001714	9.651419E-9
7.001058	8.919966E-9
6.001710	8.174364E-9
5.000711	7.509178E-9
4.001402	6.963738E-9
3.000626	6.408531E-9
2.001202	5.865110E-9
1.000361	5.464722E-9
0.000966	5.054316E-9
0.998846	4.693354E-9
1.999670	4.318474E-9
2.998982	4.076957E-9
3.999626	3.732747E-9
4.998943	3.483587E-9
5.999324	3.203555E-9
6.998586	2.996855E-9
7.999247	2.805495E-9
8.999632	2.619041E-9
9.998602	2.402273E-9
10.999140	2.258080E-9
11.998550	2.126187E-9
12.999190	1.948136E-9
13.998600	1.829705E-9
14.999120	1.573055E-9
15.998800	1.584341E-9
16.999270	1.484738E-9
17.998530	1.394346E-9
18.999100	1.278851E-9
19.998350	1.210576E-9
20.998660	1.128484E-9
21.997940	1.001197E-9
22.998440	9.334785E-10
23.998750	8.874729E-10
24.998260	7.179756E-10
25.999050	6.767272E-10
26.998390	5.570318E-10
27.998800	5.070276E-10
28.998630	4.601615E-10
