t (s)	Ids (Amps)
0.000000000000	0.000000005331
0.500000000000	0.000000006729
1.000000000000	0.000000007254
1.500000000000	0.000000009765
2.000000000000	0.000000009267
2.500000000000	0.000000009871
3.000000000000	0.000000010226
3.500000000000	0.000000010517
4.000000000000	0.000000010786
4.500000000000	0.000000011183
5.000000000000	0.000000011238
5.500000000000	0.000000011598
6.000000000000	0.000000011616
6.500000000000	0.000000011757
7.000000000000	0.000000011997
7.500000000000	0.000000011936
8.000000000000	0.000000011969
8.500000000000	0.000000011972
9.000000000000	0.000000011913
9.500000000000	0.000000012039
10.000000000000	0.000000011936
10.500000000000	0.000000012061
11.000000000000	0.000000011972
11.500000000000	0.000000011956
12.000000000000	0.000000011982
12.500000000000	0.000000011988
13.000000000000	0.000000011970
13.500000000000	0.000000011953
14.000000000000	0.000000011856
14.500000000000	0.000000011932
15.000000000000	0.000000011879
15.500000000000	0.000000012002
16.000000000000	0.000000012043
16.500000000000	0.000000012121
17.000000000000	0.000000012125
17.500000000000	0.000000012093
18.000000000000	0.000000012147
18.500000000000	0.000000012147
19.000000000000	0.000000012163
19.500000000000	0.000000012327
20.000000000000	0.000000012259
20.500000000000	0.000000012255
21.000000000000	0.000000012246
21.500000000000	0.000000012301
22.000000000000	0.000000012350
22.500000000000	0.000000012288
23.000000000000	0.000000012323
23.500000000000	0.000000012301
24.000000000000	0.000000012301
24.500000000000	0.000000012351
25.000000000000	0.000000012386
25.500000000000	0.000000012447
26.000000000000	0.000000012471
26.500000000000	0.000000012468
27.000000000000	0.000000012579
27.500000000000	0.000000012585
28.000000000000	0.000000012567
28.500000000000	0.000000012515
29.000000000000	0.000000012586
29.500000000000	0.000000012618
30.000000000000	0.000000012623
30.500000000000	0.000000012696
31.000000000000	0.000000012697
31.500000000000	0.000000012633
32.000000000000	0.000000012701
32.500000000000	0.000000012759
33.000000000000	0.000000012831
33.500000000000	0.000000012783
34.000000000000	0.000000012885
34.500000000000	0.000000012799
35.000000000000	0.000000012753
35.500000000000	0.000000012806
36.000000000000	0.000000012799
36.500000000000	0.000000012858
37.000000000000	0.000000012926
37.500000000000	0.000000012866
38.000000000000	0.000000012988
38.500000000000	0.000000012939
39.000000000000	0.000000012993
39.500000000000	0.000000012937
40.000000000000	0.000000012950
40.500000000000	0.000000012888
41.000000000000	0.000000012907
41.500000000000	0.000000012921
42.000000000000	0.000000013051
42.500000000000	0.000000013052
43.000000000000	0.000000013063
43.500000000000	0.000000013104
44.000000000000	0.000000013106
44.500000000000	0.000000013157
45.000000000000	0.000000013037
45.500000000000	0.000000013150
46.000000000000	0.000000013166
46.500000000000	0.000000013195
47.000000000000	0.000000013241
47.500000000000	0.000000013255
48.000000000000	0.000000013279
48.500000000000	0.000000013296
49.000000000000	0.000000013287
49.500000000000	0.000000013358
50.000000000000	0.000000013244
50.500000000000	0.000000013333
51.000000000000	0.000000013348
51.500000000000	0.000000013343
52.000000000000	0.000000013371
52.500000000000	0.000000013371
53.000000000000	0.000000013412
53.500000000000	0.000000013431
54.000000000000	0.000000013317
54.500000000000	0.000000013427
55.000000000000	0.000000013451
55.500000000000	0.000000013502
56.000000000000	0.000000013581
56.500000000000	0.000000013501
57.000000000000	0.000000013627
57.500000000000	0.000000013621
58.000000000000	0.000000013309
58.500000000000	0.000000013729
59.000000000000	0.000000014056
59.500000000000	0.000000013579
60.000000000000	0.000000013635
60.500000000000	0.000000013610
61.000000000000	0.000000013680
61.500000000000	0.000000013795
62.000000000000	0.000000013761
62.500000000000	0.000000013745
63.000000000000	0.000000013767
63.500000000000	0.000000013843
64.000000000000	0.000000013786
64.500000000000	0.000000013843
65.000000000000	0.000000013868
65.500000000000	0.000000013848
66.000000000000	0.000000013782
66.500000000000	0.000000013888
67.000000000000	0.000000013984
67.500000000000	0.000000013982
68.000000000000	0.000000014037
68.500000000000	0.000000013983
69.000000000000	0.000000013961
69.500000000000	0.000000014047
70.000000000000	0.000000014068
70.500000000000	0.000000014057
71.000000000000	0.000000013987
71.500000000000	0.000000013994
72.000000000000	0.000000014006
72.500000000000	0.000000014039
73.000000000000	0.000000014027
73.500000000000	0.000000013998
74.000000000000	0.000000014065
74.500000000000	0.000000014126
75.000000000000	0.000000014116
75.500000000000	0.000000014122
76.000000000000	0.000000014076
76.500000000000	0.000000014077
77.000000000000	0.000000014213
77.500000000000	0.000000014163
78.000000000000	0.000000014071
78.500000000000	0.000000014022
79.000000000000	0.000000014154
79.500000000000	0.000000014239
80.000000000000	0.000000014178
80.500000000000	0.000000014134
81.000000000000	0.000000014190
81.500000000000	0.000000014247
82.000000000000	0.000000014248
82.500000000000	0.000000014286
83.000000000000	0.000000014264
83.500000000000	0.000000014273
84.000000000000	0.000000014311
84.500000000000	0.000000014387
85.000000000000	0.000000014404
85.500000000000	0.000000014342
86.000000000000	0.000000014294
86.500000000000	0.000000014307
87.000000000000	0.000000014340
87.500000000000	0.000000014278
88.000000000000	0.000000014215
88.500000000000	0.000000014320
89.000000000000	0.000000014385
89.500000000000	0.000000014447
90.000000000000	0.000000014429
90.500000000000	0.000000014358
91.000000000000	0.000000014380
91.500000000000	0.000000014421
92.000000000000	0.000000014467
92.500000000000	0.000000014493
93.000000000000	0.000000014410
93.500000000000	0.000000014401
94.000000000000	0.000000014466
94.500000000000	0.000000014506
95.000000000000	0.000000014480
95.500000000000	0.000000014455
96.000000000000	0.000000014527
96.500000000000	0.000000014551
97.000000000000	0.000000014575
97.500000000000	0.000000014643
98.000000000000	0.000000014546
98.500000000000	0.000000014566
99.000000000000	0.000000014631
99.500000000000	0.000000014664
100.000000000000	0.000000014670
100.500000000000	0.000000014620
101.000000000000	0.000000014638
101.500000000000	0.000000014677
102.000000000000	0.000000014706
102.500000000000	0.000000014718
103.000000000000	0.000000014638
103.500000000000	0.000000014626
104.000000000000	0.000000014720
104.500000000000	0.000000014705
105.000000000000	0.000000014780
105.500000000000	0.000000014689
106.000000000000	0.000000014623
106.500000000000	0.000000014677
107.000000000000	0.000000014740
107.500000000000	0.000000014778
108.000000000000	0.000000014759
108.500000000000	0.000000014844
109.000000000000	0.000000014766
109.500000000000	0.000000014811
110.000000000000	0.000000014820
110.500000000000	0.000000014838
111.000000000000	0.000000014785
111.500000000000	0.000000014785
112.000000000000	0.000000014890
112.500000000000	0.000000014855
113.000000000000	0.000000014918
113.500000000000	0.000000014892
114.000000000000	0.000000014887
114.500000000000	0.000000014932
115.000000000000	0.000000014934
115.500000000000	0.000000014956
116.000000000000	0.000000014952
116.500000000000	0.000000014942
117.000000000000	0.000000015053
117.500000000000	0.000000015022
118.000000000000	0.000000015021
118.500000000000	0.000000015029
119.000000000000	0.000000015064
119.500000000000	0.000000015088
120.000000000000	0.000000015017
120.500000000000	0.000000015011
121.000000000000	0.000000015040
121.500000000000	0.000000015070
122.000000000000	0.000000015105
122.500000000000	0.000000015060
123.000000000000	0.000000015028
123.500000000000	0.000000015047
124.000000000000	0.000000015059
124.500000000000	0.000000015157
125.000000000000	0.000000015209
125.500000000000	0.000000015143
126.000000000000	0.000000015164
126.500000000000	0.000000015075
127.000000000000	0.000000015243
127.500000000000	0.000000015238
128.000000000000	0.000000015229
128.500000000000	0.000000015280
129.000000000000	0.000000015287
129.500000000000	0.000000015337
130.000000000000	0.000000015232
130.500000000000	0.000000015250
131.000000000000	0.000000015310
131.500000000000	0.000000015305
132.000000000000	0.000000015340
132.500000000000	0.000000015297
133.000000000000	0.000000015309
133.500000000000	0.000000015398
134.000000000000	0.000000015316
134.500000000000	0.000000015494
135.000000000000	0.000000015460
135.500000000000	0.000000015435
136.000000000000	0.000000015508
136.500000000000	0.000000015516
137.000000000000	0.000000015565
137.500000000000	0.000000015485
138.000000000000	0.000000015477
138.500000000000	0.000000015451
139.000000000000	0.000000015433
139.500000000000	0.000000015563
140.000000000000	0.000000015465
140.500000000000	0.000000015501
141.000000000000	0.000000015592
141.500000000000	0.000000015542
142.000000000000	0.000000015558
142.500000000000	0.000000015508
143.000000000000	0.000000015539
143.500000000000	0.000000015552
144.000000000000	0.000000015555
144.500000000000	0.000000015629
145.000000000000	0.000000015638
145.500000000000	0.000000015639
146.000000000000	0.000000015641
146.500000000000	0.000000015644
147.000000000000	0.000000015631
147.500000000000	0.000000015721
148.000000000000	0.000000015713
148.500000000000	0.000000015620
149.000000000000	0.000000015660
149.500000000000	0.000000015737
150.000000000000	0.000000015712
150.500000000000	0.000000015696
151.000000000000	0.000000015706
151.500000000000	0.000000015718
152.000000000000	0.000000015775
152.500000000000	0.000000015762
153.000000000000	0.000000015769
153.500000000000	0.000000015687
154.000000000000	0.000000015730
154.500000000000	0.000000015837
155.000000000000	0.000000015831
155.500000000000	0.000000015843
156.000000000000	0.000000015700
156.500000000000	0.000000015803
157.000000000000	0.000000015899
157.500000000000	0.000000015905
158.000000000000	0.000000015905
158.500000000000	0.000000015904
159.000000000000	0.000000015947
159.500000000000	0.000000015978
160.000000000000	0.000000016055
160.500000000000	0.000000016057
161.000000000000	0.000000015998
161.500000000000	0.000000015983
162.000000000000	0.000000016034
162.500000000000	0.000000016067
163.000000000000	0.000000015973
163.500000000000	0.000000015978
164.000000000000	0.000000016073
164.500000000000	0.000000016016
165.000000000000	0.000000016000
165.500000000000	0.000000015994
166.000000000000	0.000000015931
166.500000000000	0.000000015983
167.000000000000	0.000000016099
167.500000000000	0.000000015971
168.000000000000	0.000000016019
168.500000000000	0.000000015998
169.000000000000	0.000000015993
169.500000000000	0.000000016147
170.000000000000	0.000000016146
170.500000000000	0.000000016131
171.000000000000	0.000000016145
171.500000000000	0.000000016236
172.000000000000	0.000000016241
172.500000000000	0.000000016288
173.000000000000	0.000000016274
173.500000000000	0.000000016168
174.000000000000	0.000000016228
174.500000000000	0.000000016233
175.000000000000	0.000000016294
175.500000000000	0.000000016292
176.000000000000	0.000000016233
176.500000000000	0.000000016322
177.000000000000	0.000000016335
177.500000000000	0.000000016275
178.000000000000	0.000000016460
178.500000000000	0.000000016359
179.000000000000	0.000000016342
179.500000000000	0.000000016415
180.000000000000	0.000000016457
180.500000000000	0.000000016422
181.000000000000	0.000000016373
181.500000000000	0.000000016477
182.000000000000	0.000000016487
182.500000000000	0.000000016487
183.000000000000	0.000000016505
183.500000000000	0.000000016513
184.000000000000	0.000000016597
184.500000000000	0.000000016592
185.000000000000	0.000000016641
185.500000000000	0.000000016478
186.000000000000	0.000000016395
186.500000000000	0.000000016463
187.000000000000	0.000000016585
187.500000000000	0.000000016489
188.000000000000	0.000000016526
188.500000000000	0.000000016461
189.000000000000	0.000000016561
189.500000000000	0.000000016594
190.000000000000	0.000000016672
190.500000000000	0.000000016592
191.000000000000	0.000000016615
191.500000000000	0.000000016679
192.000000000000	0.000000016686
192.500000000000	0.000000016790
193.000000000000	0.000000016796
193.500000000000	0.000000016702
194.000000000000	0.000000016776
194.500000000000	0.000000016742
195.000000000000	0.000000016756
195.500000000000	0.000000016786
196.000000000000	0.000000016782
196.500000000000	0.000000016845
197.000000000000	0.000000016874
197.500000000000	0.000000016886
198.000000000000	0.000000016941
198.500000000000	0.000000016756
199.000000000000	0.000000016954
199.500000000000	0.000000016892
200.000000000000	0.000000016790
200.500000000000	0.000000016840
201.000000000000	0.000000016751
201.500000000000	0.000000016875
202.000000000000	0.000000016894
202.500000000000	0.000000016920
203.000000000000	0.000000016909
203.500000000000	0.000000016880
204.000000000000	0.000000016943
204.500000000000	0.000000016967
205.000000000000	0.000000016982
205.500000000000	0.000000017004
206.000000000000	0.000000016994
206.500000000000	0.000000016967
207.000000000000	0.000000016979
207.500000000000	0.000000017021
208.000000000000	0.000000017074
208.500000000000	0.000000017049
209.000000000000	0.000000017079
209.500000000000	0.000000017092
210.000000000000	0.000000017101
210.500000000000	0.000000017058
211.000000000000	0.000000017035
211.500000000000	0.000000017133
212.000000000000	0.000000017086
212.500000000000	0.000000017133
213.000000000000	0.000000017221
213.500000000000	0.000000017119
214.000000000000	0.000000017167
214.500000000000	0.000000017134
215.000000000000	0.000000017198
215.500000000000	0.000000017165
216.000000000000	0.000000017125
216.500000000000	0.000000017196
217.000000000000	0.000000017207
217.500000000000	0.000000017232
218.000000000000	0.000000017306
218.500000000000	0.000000017165
219.000000000000	0.000000017209
219.500000000000	0.000000017206
220.000000000000	0.000000017229
220.500000000000	0.000000017340
221.000000000000	0.000000017185
221.500000000000	0.000000017335
222.000000000000	0.000000017313
222.500000000000	0.000000017346
223.000000000000	0.000000017348
223.500000000000	0.000000017360
224.000000000000	0.000000017346
224.500000000000	0.000000017150
225.000000000000	0.000000017281
225.500000000000	0.000000017348
226.000000000000	0.000000017210
226.500000000000	0.000000017406
227.000000000000	0.000000017403
227.500000000000	0.000000017350
228.000000000000	0.000000017447
228.500000000000	0.000000017336
229.000000000000	0.000000017420
229.500000000000	0.000000017355
230.000000000000	0.000000017422
230.500000000000	0.000000017493
231.000000000000	0.000000017370
231.500000000000	0.000000017429
232.000000000000	0.000000017362
232.500000000000	0.000000017459
233.000000000000	0.000000017544
233.500000000000	0.000000017413
234.000000000000	0.000000017418
234.500000000000	0.000000017579
235.000000000000	0.000000017535
235.500000000000	0.000000017481
236.000000000000	0.000000017532
236.500000000000	0.000000017428
237.000000000000	0.000000017469
237.500000000000	0.000000017549
238.000000000000	0.000000017778
238.500000000000	0.000000017632
239.000000000000	0.000000017733
239.500000000000	0.000000017648
240.000000000000	0.000000017926
240.500000000000	0.000000017625
241.000000000000	0.000000017465
241.500000000000	0.000000017494
242.000000000000	0.000000017671
242.500000000000	0.000000017731
243.000000000000	0.000000017778
243.500000000000	0.000000017736
244.000000000000	0.000000017749
244.500000000000	0.000000017692
245.000000000000	0.000000017913
245.500000000000	0.000000017650
246.000000000000	0.000000017590
246.500000000000	0.000000017576
247.000000000000	0.000000017655
247.500000000000	0.000000017680
248.000000000000	0.000000017588
248.500000000000	0.000000017730
249.000000000000	0.000000017783
249.500000000000	0.000000017759
250.000000000000	0.000000017889
250.500000000000	0.000000017819
251.000000000000	0.000000017874
251.500000000000	0.000000017789
252.000000000000	0.000000017814
252.500000000000	0.000000017840
253.000000000000	0.000000017883
253.500000000000	0.000000017862
254.000000000000	0.000000017792
254.500000000000	0.000000017829
255.000000000000	0.000000017953
255.500000000000	0.000000017962
256.000000000000	0.000000018007
256.500000000000	0.000000018000
257.000000000000	0.000000017995
257.500000000000	0.000000017998
258.000000000000	0.000000017989
258.500000000000	0.000000017990
259.000000000000	0.000000018003
259.500000000000	0.000000018026
260.000000000000	0.000000018048
260.500000000000	0.000000017961
261.000000000000	0.000000017977
261.500000000000	0.000000017950
262.000000000000	0.000000017941
262.500000000000	0.000000018103
263.000000000000	0.000000018166
263.500000000000	0.000000018002
264.000000000000	0.000000017959
264.500000000000	0.000000017906
265.000000000000	0.000000017909
265.500000000000	0.000000018032
266.000000000000	0.000000018063
266.500000000000	0.000000017949
267.000000000000	0.000000018055
267.500000000000	0.000000018006
268.000000000000	0.000000018102
268.500000000000	0.000000018005
269.000000000000	0.000000017988
269.500000000000	0.000000018055
270.000000000000	0.000000018144
270.500000000000	0.000000018229
271.000000000000	0.000000018164
271.500000000000	0.000000018185
272.000000000000	0.000000018156
272.500000000000	0.000000018209
273.000000000000	0.000000018281
273.500000000000	0.000000018251
274.000000000000	0.000000018240
274.500000000000	0.000000018218
275.000000000000	0.000000018335
275.500000000000	0.000000018418
276.000000000000	0.000000018370
276.500000000000	0.000000018355
277.000000000000	0.000000018443
277.500000000000	0.000000018407
278.000000000000	0.000000018499
278.500000000000	0.000000018407
279.000000000000	0.000000018339
279.500000000000	0.000000018299
280.000000000000	0.000000018320
280.500000000000	0.000000018351
281.000000000000	0.000000018299
281.500000000000	0.000000018308
282.000000000000	0.000000018302
282.500000000000	0.000000018378
283.000000000000	0.000000018472
283.500000000000	0.000000018411
284.000000000000	0.000000018384
284.500000000000	0.000000018399
285.000000000000	0.000000018429
285.500000000000	0.000000018573
286.000000000000	0.000000018468
286.500000000000	0.000000018513
287.000000000000	0.000000018450
287.500000000000	0.000000018481
288.000000000000	0.000000018552
288.500000000000	0.000000018412
289.000000000000	0.000000018486
289.500000000000	0.000000018455
290.000000000000	0.000000018629
290.500000000000	0.000000018645
291.000000000000	0.000000018504
291.500000000000	0.000000018558
292.000000000000	0.000000018545
292.500000000000	0.000000018563
293.000000000000	0.000000018698
293.500000000000	0.000000018508
294.000000000000	0.000000018532
294.500000000000	0.000000018465
295.000000000000	0.000000018503
295.500000000000	0.000000018630
296.000000000000	0.000000018565
296.500000000000	0.000000018663
297.000000000000	0.000000018566
297.500000000000	0.000000018551
298.000000000000	0.000000018731
298.500000000000	0.000000018670
299.000000000000	0.000000018629
299.500000000000	0.000000018610
