Voltage   	Current	
29.982790	-5.122895E-10
29.000890	-2.139134E-10
28.001710	-1.701314E-10
27.001340	-1.605145E-10
26.001260	-1.606159E-10
25.000900	-1.419388E-10
24.001900	-2.105727E-10
23.001030	-1.271084E-10
22.001010	-1.077736E-10
21.001070	-1.023070E-10
20.000590	-9.992818E-11
19.001570	-9.041248E-11
18.001070	-7.821416E-11
17.001380	-6.530737E-11
16.001460	-4.536507E-11
15.002000	6.507685E-11
14.001460	2.462275E-10
13.002070	5.566227E-10
12.001090	9.928360E-10
11.002150	1.408451E-9
10.001000	1.902359E-9
9.002018	2.283155E-9
8.001590	2.683230E-9
7.000916	3.062099E-9
6.001380	3.400029E-9
5.000677	3.717103E-9
4.001278	3.979873E-9
3.000527	4.249171E-9
2.001129	4.267795E-9
1.000717	4.718230E-9
0.001035	4.939298E-9
0.998958	5.073616E-9
1.999670	5.428954E-9
2.999030	5.420501E-9
3.999742	5.610289E-9
4.998904	5.800433E-9
5.999663	5.926655E-9
6.998861	6.026815E-9
7.999199	6.209270E-9
8.999718	6.321417E-9
9.998765	6.364990E-9
10.999600	6.501234E-9
11.998670	6.581403E-9
12.999150	6.710507E-9
13.998650	6.836830E-9
14.999080	6.898275E-9
15.999030	6.925503E-9
16.999490	7.030059E-9
17.998560	7.083861E-9
18.999220	7.201277E-9
19.998800	7.235083E-9
20.998970	7.243180E-9
21.998310	7.292424E-9
22.999060	7.375834E-9
23.999430	7.399108E-9
24.998470	7.485145E-9
25.998990	7.519207E-9
26.998970	7.505239E-9
27.999380	7.558985E-9
28.998680	7.541872E-9
