t (s)	Ids (Amps)
0.000000000000	0.000000013154
0.500000000000	0.000000013174
1.000000000000	0.000000013176
1.500000000000	0.000000013202
2.000000000000	0.000000013110
2.500000000000	0.000000013116
3.000000000000	0.000000013101
3.500000000000	0.000000013160
4.000000000000	0.000000013154
4.500000000000	0.000000013126
5.000000000000	0.000000013143
5.500000000000	0.000000013138
6.000000000000	0.000000013146
6.500000000000	0.000000013142
7.000000000000	0.000000013124
7.500000000000	0.000000013164
8.000000000000	0.000000013104
8.500000000000	0.000000013097
9.000000000000	0.000000013161
9.500000000000	0.000000013108
10.000000000000	0.000000013127
10.500000000000	0.000000013074
11.000000000000	0.000000013130
11.500000000000	0.000000013116
12.000000000000	0.000000013140
12.500000000000	0.000000013105
13.000000000000	0.000000013104
13.500000000000	0.000000013148
14.000000000000	0.000000013197
14.500000000000	0.000000013169
15.000000000000	0.000000013170
15.500000000000	0.000000013152
16.000000000000	0.000000013158
16.500000000000	0.000000013108
17.000000000000	0.000000013137
17.500000000000	0.000000013139
18.000000000000	0.000000013125
18.500000000000	0.000000013153
19.000000000000	0.000000013166
19.500000000000	0.000000013151
20.000000000000	0.000000013118
20.500000000000	0.000000013090
21.000000000000	0.000000013086
21.500000000000	0.000000013122
22.000000000000	0.000000013075
22.500000000000	0.000000013062
23.000000000000	0.000000013076
23.500000000000	0.000000013063
24.000000000000	0.000000013060
24.500000000000	0.000000013060
25.000000000000	0.000000013080
25.500000000000	0.000000013109
26.000000000000	0.000000013091
26.500000000000	0.000000013119
27.000000000000	0.000000013098
27.500000000000	0.000000013047
28.000000000000	0.000000013080
28.500000000000	0.000000013069
29.000000000000	0.000000013079
29.500000000000	0.000000013091
30.000000000000	0.000000013084
30.500000000000	0.000000015709
31.000000000000	0.000000017875
31.500000000000	0.000000020234
32.000000000000	0.000000021360
32.500000000000	0.000000023682
33.000000000000	0.000000023773
33.500000000000	0.000000024706
34.000000000000	0.000000026067
34.500000000000	0.000000026039
35.000000000000	0.000000026567
35.500000000000	0.000000026395
36.000000000000	0.000000026373
36.500000000000	0.000000026320
37.000000000000	0.000000026183
37.500000000000	0.000000026216
38.000000000000	0.000000026203
38.500000000000	0.000000026241
39.000000000000	0.000000026223
39.500000000000	0.000000026198
40.000000000000	0.000000026183
40.500000000000	0.000000026255
41.000000000000	0.000000026193
41.500000000000	0.000000026218
42.000000000000	0.000000026166
42.500000000000	0.000000026210
43.000000000000	0.000000026193
43.500000000000	0.000000026234
44.000000000000	0.000000026200
44.500000000000	0.000000026207
45.000000000000	0.000000026199
45.500000000000	0.000000026190
46.000000000000	0.000000026242
46.500000000000	0.000000026288
47.000000000000	0.000000026231
47.500000000000	0.000000026249
48.000000000000	0.000000026206
48.500000000000	0.000000026232
49.000000000000	0.000000026306
49.500000000000	0.000000026243
50.000000000000	0.000000026300
50.500000000000	0.000000026332
51.000000000000	0.000000026373
51.500000000000	0.000000026454
52.000000000000	0.000000026411
52.500000000000	0.000000026453
53.000000000000	0.000000026377
53.500000000000	0.000000026392
54.000000000000	0.000000026429
54.500000000000	0.000000026381
55.000000000000	0.000000026433
55.500000000000	0.000000026404
56.000000000000	0.000000026429
56.500000000000	0.000000026420
57.000000000000	0.000000026402
57.500000000000	0.000000026433
58.000000000000	0.000000026444
58.500000000000	0.000000026497
59.000000000000	0.000000026429
59.500000000000	0.000000026462
60.000000000000	0.000000026467
60.500000000000	0.000000026509
61.000000000000	0.000000026467
61.500000000000	0.000000026487
62.000000000000	0.000000026487
62.500000000000	0.000000026547
63.000000000000	0.000000026563
63.500000000000	0.000000026600
64.000000000000	0.000000026567
64.500000000000	0.000000026525
65.000000000000	0.000000026548
65.500000000000	0.000000026572
66.000000000000	0.000000026612
66.500000000000	0.000000026590
67.000000000000	0.000000026608
67.500000000000	0.000000026562
68.000000000000	0.000000026591
68.500000000000	0.000000026594
69.000000000000	0.000000026606
69.500000000000	0.000000026575
70.000000000000	0.000000026631
70.500000000000	0.000000026710
71.000000000000	0.000000026676
71.500000000000	0.000000026710
72.000000000000	0.000000026733
72.500000000000	0.000000026681
73.000000000000	0.000000026725
73.500000000000	0.000000026710
74.000000000000	0.000000026660
74.500000000000	0.000000026640
75.000000000000	0.000000026693
75.500000000000	0.000000026714
76.000000000000	0.000000026688
76.500000000000	0.000000026691
77.000000000000	0.000000026627
77.500000000000	0.000000026644
78.000000000000	0.000000026660
78.500000000000	0.000000026697
79.000000000000	0.000000026712
79.500000000000	0.000000026707
80.000000000000	0.000000026774
80.500000000000	0.000000026812
81.000000000000	0.000000026794
81.500000000000	0.000000026783
82.000000000000	0.000000026750
82.500000000000	0.000000026725
83.000000000000	0.000000026762
83.500000000000	0.000000026757
84.000000000000	0.000000026785
84.500000000000	0.000000026758
85.000000000000	0.000000026766
85.500000000000	0.000000026842
86.000000000000	0.000000026852
86.500000000000	0.000000026844
87.000000000000	0.000000026771
87.500000000000	0.000000026816
88.000000000000	0.000000026789
88.500000000000	0.000000026805
89.000000000000	0.000000026850
89.500000000000	0.000000026751
90.000000000000	0.000000026802
90.500000000000	0.000000026791
91.000000000000	0.000000026788
91.500000000000	0.000000026811
92.000000000000	0.000000026841
92.500000000000	0.000000026818
93.000000000000	0.000000026840
93.500000000000	0.000000026801
94.000000000000	0.000000026796
94.500000000000	0.000000026755
95.000000000000	0.000000026781
95.500000000000	0.000000026796
96.000000000000	0.000000026868
96.500000000000	0.000000026815
97.000000000000	0.000000026804
97.500000000000	0.000000026841
98.000000000000	0.000000026869
98.500000000000	0.000000026858
99.000000000000	0.000000026872
99.500000000000	0.000000026812
100.000000000000	0.000000026847
100.500000000000	0.000000026842
101.000000000000	0.000000026801
101.500000000000	0.000000026803
102.000000000000	0.000000026803
102.500000000000	0.000000026869
103.000000000000	0.000000026845
103.500000000000	0.000000026869
104.000000000000	0.000000026864
104.500000000000	0.000000026824
105.000000000000	0.000000026885
105.500000000000	0.000000026863
106.000000000000	0.000000026870
106.500000000000	0.000000026817
107.000000000000	0.000000026759
107.500000000000	0.000000026781
108.000000000000	0.000000026855
108.500000000000	0.000000026820
109.000000000000	0.000000026840
109.500000000000	0.000000026855
110.000000000000	0.000000026873
110.500000000000	0.000000026913
111.000000000000	0.000000026921
111.500000000000	0.000000026890
112.000000000000	0.000000026885
112.500000000000	0.000000026927
113.000000000000	0.000000026995
113.500000000000	0.000000026987
114.000000000000	0.000000026930
114.500000000000	0.000000026919
115.000000000000	0.000000026970
115.500000000000	0.000000026989
116.000000000000	0.000000026963
116.500000000000	0.000000026985
117.000000000000	0.000000026967
117.500000000000	0.000000026980
118.000000000000	0.000000027025
118.500000000000	0.000000027027
119.000000000000	0.000000026994
119.500000000000	0.000000027016
120.000000000000	0.000000027025
120.500000000000	0.000000027044
121.000000000000	0.000000027017
121.500000000000	0.000000026992
122.000000000000	0.000000027023
122.500000000000	0.000000027086
123.000000000000	0.000000027108
123.500000000000	0.000000027070
124.000000000000	0.000000027060
124.500000000000	0.000000027100
125.000000000000	0.000000027117
125.500000000000	0.000000027129
126.000000000000	0.000000027072
126.500000000000	0.000000027102
127.000000000000	0.000000027052
127.500000000000	0.000000027147
128.000000000000	0.000000027163
128.500000000000	0.000000027149
129.000000000000	0.000000027139
129.500000000000	0.000000027108
130.000000000000	0.000000027159
130.500000000000	0.000000027184
131.000000000000	0.000000027141
131.500000000000	0.000000027141
132.000000000000	0.000000027126
132.500000000000	0.000000027188
133.000000000000	0.000000027228
133.500000000000	0.000000027188
134.000000000000	0.000000027214
134.500000000000	0.000000027168
135.000000000000	0.000000027200
135.500000000000	0.000000027247
136.000000000000	0.000000027274
136.500000000000	0.000000027244
137.000000000000	0.000000027261
137.500000000000	0.000000027302
138.000000000000	0.000000027325
138.500000000000	0.000000027241
139.000000000000	0.000000027267
139.500000000000	0.000000027273
140.000000000000	0.000000027314
140.500000000000	0.000000027313
141.000000000000	0.000000027292
141.500000000000	0.000000027265
142.000000000000	0.000000027234
142.500000000000	0.000000027328
143.000000000000	0.000000027331
143.500000000000	0.000000027330
144.000000000000	0.000000027320
144.500000000000	0.000000027331
145.000000000000	0.000000027355
145.500000000000	0.000000027382
146.000000000000	0.000000027339
146.500000000000	0.000000027406
147.000000000000	0.000000027416
147.500000000000	0.000000027430
148.000000000000	0.000000027385
148.500000000000	0.000000027406
149.000000000000	0.000000027372
149.500000000000	0.000000027398
150.000000000000	0.000000027415
150.500000000000	0.000000027400
151.000000000000	0.000000027398
151.500000000000	0.000000027379
152.000000000000	0.000000027389
152.500000000000	0.000000027413
153.000000000000	0.000000027452
153.500000000000	0.000000027437
154.000000000000	0.000000027443
154.500000000000	0.000000027449
155.000000000000	0.000000027471
155.500000000000	0.000000027435
156.000000000000	0.000000027418
156.500000000000	0.000000027401
157.000000000000	0.000000027436
157.500000000000	0.000000027463
158.000000000000	0.000000027389
158.500000000000	0.000000027382
159.000000000000	0.000000027432
159.500000000000	0.000000027436
160.000000000000	0.000000027438
160.500000000000	0.000000027428
161.000000000000	0.000000027435
161.500000000000	0.000000027463
162.000000000000	0.000000027502
162.500000000000	0.000000027437
163.000000000000	0.000000027449
163.500000000000	0.000000027423
164.000000000000	0.000000027479
164.500000000000	0.000000027539
165.000000000000	0.000000027524
165.500000000000	0.000000027492
166.000000000000	0.000000027524
166.500000000000	0.000000027509
167.000000000000	0.000000027546
167.500000000000	0.000000027557
168.000000000000	0.000000027566
168.500000000000	0.000000027562
169.000000000000	0.000000027518
169.500000000000	0.000000027556
170.000000000000	0.000000027567
170.500000000000	0.000000027640
171.000000000000	0.000000027572
171.500000000000	0.000000027531
172.000000000000	0.000000027578
172.500000000000	0.000000027546
173.000000000000	0.000000027585
173.500000000000	0.000000027627
174.000000000000	0.000000027602
174.500000000000	0.000000027650
175.000000000000	0.000000027587
175.500000000000	0.000000027636
176.000000000000	0.000000027604
176.500000000000	0.000000027672
177.000000000000	0.000000027660
177.500000000000	0.000000027683
178.000000000000	0.000000027630
178.500000000000	0.000000027656
179.000000000000	0.000000027629
179.500000000000	0.000000027691
180.000000000000	0.000000027653
180.500000000000	0.000000027648
181.000000000000	0.000000027671
181.500000000000	0.000000027690
182.000000000000	0.000000027668
182.500000000000	0.000000027655
183.000000000000	0.000000027614
183.500000000000	0.000000027658
184.000000000000	0.000000027673
184.500000000000	0.000000027729
185.000000000000	0.000000027710
185.500000000000	0.000000027682
186.000000000000	0.000000027670
186.500000000000	0.000000027652
187.000000000000	0.000000027713
187.500000000000	0.000000027667
188.000000000000	0.000000027717
188.500000000000	0.000000027657
189.000000000000	0.000000027701
189.500000000000	0.000000027769
190.000000000000	0.000000027718
190.500000000000	0.000000027732
191.000000000000	0.000000027686
191.500000000000	0.000000027704
192.000000000000	0.000000027763
192.500000000000	0.000000027733
193.000000000000	0.000000027748
193.500000000000	0.000000027714
194.000000000000	0.000000027701
194.500000000000	0.000000027759
195.000000000000	0.000000027751
195.500000000000	0.000000027726
196.000000000000	0.000000027701
196.500000000000	0.000000027738
197.000000000000	0.000000027734
197.500000000000	0.000000027712
198.000000000000	0.000000027786
198.500000000000	0.000000027742
199.000000000000	0.000000027760
199.500000000000	0.000000027773
200.000000000000	0.000000027724
200.500000000000	0.000000027736
201.000000000000	0.000000027710
201.500000000000	0.000000027734
202.000000000000	0.000000027771
202.500000000000	0.000000027763
203.000000000000	0.000000027771
203.500000000000	0.000000027809
204.000000000000	0.000000027806
204.500000000000	0.000000027797
205.000000000000	0.000000027819
205.500000000000	0.000000027769
206.000000000000	0.000000027732
206.500000000000	0.000000027756
207.000000000000	0.000000027766
207.500000000000	0.000000027828
208.000000000000	0.000000027812
208.500000000000	0.000000027837
209.000000000000	0.000000027840
209.500000000000	0.000000027888
210.000000000000	0.000000027825
210.500000000000	0.000000027840
211.000000000000	0.000000027816
211.500000000000	0.000000027815
212.000000000000	0.000000027846
212.500000000000	0.000000027846
213.000000000000	0.000000027862
213.500000000000	0.000000027808
214.000000000000	0.000000027828
214.500000000000	0.000000027869
215.000000000000	0.000000027836
215.500000000000	0.000000027903
216.000000000000	0.000000027854
216.500000000000	0.000000027853
217.000000000000	0.000000027939
217.500000000000	0.000000027877
218.000000000000	0.000000027909
218.500000000000	0.000000027889
219.000000000000	0.000000027898
219.500000000000	0.000000027945
220.000000000000	0.000000027838
220.500000000000	0.000000027761
221.000000000000	0.000000027116
221.500000000000	0.000000027650
222.000000000000	0.000000027367
222.500000000000	0.000000026073
223.000000000000	0.000000024246
223.500000000000	0.000000022829
224.000000000000	0.000000020134
224.500000000000	0.000000018879
225.000000000000	0.000000017141
225.500000000000	0.000000014706
226.000000000000	0.000000013165
226.500000000000	0.000000012427
227.000000000000	0.000000012937
227.500000000000	0.000000013366
228.000000000000	0.000000013727
228.500000000000	0.000000014292
229.000000000000	0.000000014391
229.500000000000	0.000000014376
230.000000000000	0.000000014335
230.500000000000	0.000000014393
231.000000000000	0.000000014449
231.500000000000	0.000000014495
232.000000000000	0.000000014582
232.500000000000	0.000000014568
233.000000000000	0.000000014606
233.500000000000	0.000000014622
234.000000000000	0.000000014668
234.500000000000	0.000000014659
235.000000000000	0.000000014639
235.500000000000	0.000000014679
236.000000000000	0.000000014525
236.500000000000	0.000000014530
237.000000000000	0.000000014611
237.500000000000	0.000000014642
238.000000000000	0.000000014653
238.500000000000	0.000000014699
239.000000000000	0.000000014708
239.500000000000	0.000000014768
240.000000000000	0.000000014663
240.500000000000	0.000000014781
241.000000000000	0.000000014808
241.500000000000	0.000000014829
242.000000000000	0.000000014874
242.500000000000	0.000000014878
243.000000000000	0.000000014903
243.500000000000	0.000000014885
244.000000000000	0.000000014872
244.500000000000	0.000000014953
245.000000000000	0.000000014977
245.500000000000	0.000000015001
246.000000000000	0.000000014975
246.500000000000	0.000000014968
247.000000000000	0.000000015004
247.500000000000	0.000000014979
248.000000000000	0.000000015035
248.500000000000	0.000000015005
249.000000000000	0.000000014994
249.500000000000	0.000000015011
250.000000000000	0.000000014994
250.500000000000	0.000000015018
251.000000000000	0.000000015035
251.500000000000	0.000000015045
252.000000000000	0.000000015080
252.500000000000	0.000000015041
253.000000000000	0.000000015062
253.500000000000	0.000000015083
254.000000000000	0.000000015102
254.500000000000	0.000000015108
255.000000000000	0.000000015088
255.500000000000	0.000000015135
256.000000000000	0.000000015144
256.500000000000	0.000000015103
257.000000000000	0.000000015143
257.500000000000	0.000000015110
258.000000000000	0.000000015149
258.500000000000	0.000000015123
259.000000000000	0.000000015127
259.500000000000	0.000000015122
260.000000000000	0.000000015109
260.500000000000	0.000000015101
261.000000000000	0.000000015097
261.500000000000	0.000000015081
262.000000000000	0.000000015102
262.500000000000	0.000000015077
263.000000000000	0.000000015100
263.500000000000	0.000000015080
264.000000000000	0.000000015073
264.500000000000	0.000000015118
265.000000000000	0.000000015031
265.500000000000	0.000000015048
266.000000000000	0.000000015075
266.500000000000	0.000000015064
267.000000000000	0.000000015090
267.500000000000	0.000000015106
268.000000000000	0.000000015098
268.500000000000	0.000000015081
269.000000000000	0.000000015094
269.500000000000	0.000000015129
270.000000000000	0.000000015061
270.500000000000	0.000000015067
271.000000000000	0.000000015062
271.500000000000	0.000000015049
272.000000000000	0.000000015072
272.500000000000	0.000000015058
273.000000000000	0.000000015054
273.500000000000	0.000000015048
274.000000000000	0.000000015043
274.500000000000	0.000000015096
275.000000000000	0.000000015008
275.500000000000	0.000000014988
276.000000000000	0.000000015021
276.500000000000	0.000000015003
277.000000000000	0.000000015023
277.500000000000	0.000000015013
278.000000000000	0.000000015002
278.500000000000	0.000000014986
279.000000000000	0.000000014965
279.500000000000	0.000000014965
280.000000000000	0.000000014962
280.500000000000	0.000000014967
281.000000000000	0.000000015002
281.500000000000	0.000000014973
282.000000000000	0.000000015009
282.500000000000	0.000000014981
283.000000000000	0.000000015000
283.500000000000	0.000000014960
284.000000000000	0.000000014949
284.500000000000	0.000000014992
285.000000000000	0.000000014945
285.500000000000	0.000000014929
286.000000000000	0.000000014922
286.500000000000	0.000000014923
287.000000000000	0.000000014930
287.500000000000	0.000000014869
288.000000000000	0.000000014911
288.500000000000	0.000000014929
289.000000000000	0.000000014907
289.500000000000	0.000000014887
290.000000000000	0.000000014888
290.500000000000	0.000000014888
291.000000000000	0.000000014861
291.500000000000	0.000000014864
292.000000000000	0.000000014854
292.500000000000	0.000000014880
293.000000000000	0.000000014828
293.500000000000	0.000000014862
294.000000000000	0.000000014847
294.500000000000	0.000000014869
295.000000000000	0.000000014854
295.500000000000	0.000000014831
296.000000000000	0.000000014800
296.500000000000	0.000000014855
297.000000000000	0.000000014840
297.500000000000	0.000000014856
298.000000000000	0.000000014836
298.500000000000	0.000000014859
299.000000000000	0.000000014849
299.500000000000	0.000000014815
