Voltage   	Current	
14.991150	1.861440E-9
14.000270	1.839374E-9
13.001350	1.849242E-9
12.000930	1.824090E-9
11.001800	1.875357E-9
10.001030	1.935178E-9
9.001640	1.997428E-9
8.001328	2.087918E-9
7.000783	2.178408E-9
6.001462	2.311614E-9
5.000569	2.507473E-9
4.001359	2.716543E-9
3.000652	2.947984E-9
2.001262	3.143487E-9
1.000614	3.293595E-9
0.001142	3.369055E-9
0.998833	3.397040E-9
1.999318	3.494364E-9
2.998781	3.546795E-9
3.999501	3.579844E-9
4.998617	3.652216E-9
5.999110	3.684504E-9
6.998676	3.693918E-9
7.999362	3.754802E-9
8.999666	3.769832E-9
9.999074	3.813963E-9
10.999400	3.836232E-9
11.998820	3.885069E-9
12.999140	3.893827E-9
13.998270	3.934616E-9
