t (s)	Ids (Amps)
0.000000000000	0.000000000755
0.500000000000	0.000000000787
1.000000000000	0.000000000811
1.500000000000	0.000000000778
2.000000000000	0.000000000774
2.500000000000	0.000000000792
3.000000000000	0.000000000803
3.500000000000	0.000000000835
4.000000000000	0.000000000858
4.500000000000	0.000000000832
5.000000000000	0.000000000822
5.500000000000	0.000000000838
6.000000000000	0.000000000857
6.500000000000	0.000000000831
7.000000000000	0.000000000836
7.500000000000	0.000000000875
8.000000000000	0.000000000858
8.500000000000	0.000000000888
9.000000000000	0.000000000882
9.500000000000	0.000000000866
10.000000000000	0.000000000870
10.500000000000	0.000000000885
11.000000000000	0.000000000869
11.500000000000	0.000000000885
12.000000000000	0.000000000875
12.500000000000	0.000000000857
13.000000000000	0.000000000893
13.500000000000	0.000000000868
14.000000000000	0.000000000849
14.500000000000	0.000000000872
15.000000000000	0.000000000860
15.500000000000	0.000000000863
16.000000000000	0.000000000906
16.500000000000	0.000000000935
17.000000000000	0.000000000937
17.500000000000	0.000000000967
18.000000000000	0.000000000982
18.500000000000	0.000000001006
19.000000000000	0.000000001026
19.500000000000	0.000000001022
20.000000000000	0.000000000965
20.500000000000	0.000000001064
21.000000000000	0.000000001023
21.500000000000	0.000000001026
22.000000000000	0.000000000931
22.500000000000	0.000000000914
23.000000000000	0.000000000905
23.500000000000	0.000000000872
24.000000000000	0.000000000947
24.500000000000	0.000000000940
25.000000000000	0.000000000912
25.500000000000	0.000000000907
26.000000000000	0.000000000937
26.500000000000	0.000000000925
27.000000000000	0.000000000918
27.500000000000	0.000000000903
28.000000000000	0.000000000949
28.500000000000	0.000000000948
29.000000000000	0.000000000927
29.500000000000	0.000000000991
30.000000000000	0.000000000968
30.500000000000	0.000000001018
31.000000000000	0.000000000986
31.500000000000	0.000000000977
32.000000000000	0.000000000998
32.500000000000	0.000000000984
33.000000000000	0.000000001002
33.500000000000	0.000000000984
34.000000000000	0.000000001041
34.500000000000	0.000000000994
35.000000000000	0.000000000993
35.500000000000	0.000000001022
36.000000000000	0.000000000985
36.500000000000	0.000000000973
37.000000000000	0.000000000967
37.500000000000	0.000000001009
38.000000000000	0.000000001018
38.500000000000	0.000000001021
39.000000000000	0.000000001025
39.500000000000	0.000000001042
40.000000000000	0.000000001007
40.500000000000	0.000000001027
41.000000000000	0.000000001047
41.500000000000	0.000000001020
42.000000000000	0.000000001034
42.500000000000	0.000000001011
43.000000000000	0.000000001088
43.500000000000	0.000000001051
44.000000000000	0.000000001045
44.500000000000	0.000000001082
45.000000000000	0.000000001123
45.500000000000	0.000000001044
46.000000000000	0.000000001072
46.500000000000	0.000000001032
47.000000000000	0.000000001027
47.500000000000	0.000000001046
48.000000000000	0.000000001073
48.500000000000	0.000000001064
49.000000000000	0.000000001039
49.500000000000	0.000000001027
50.000000000000	0.000000001050
50.500000000000	0.000000001034
51.000000000000	0.000000001060
51.500000000000	0.000000001068
52.000000000000	0.000000001055
52.500000000000	0.000000001079
53.000000000000	0.000000001146
53.500000000000	0.000000001199
54.000000000000	0.000000001237
54.500000000000	0.000000001255
55.000000000000	0.000000001256
55.500000000000	0.000000001226
56.000000000000	0.000000001178
56.500000000000	0.000000001148
57.000000000000	0.000000001136
57.500000000000	0.000000001163
58.000000000000	0.000000001144
58.500000000000	0.000000001127
59.000000000000	0.000000001090
59.500000000000	0.000000001129
60.000000000000	0.000000001109
60.500000000000	0.000000001071
61.000000000000	0.000000001054
61.500000000000	0.000000001072
62.000000000000	0.000000001071
62.500000000000	0.000000001060
63.000000000000	0.000000001094
63.500000000000	0.000000001101
64.000000000000	0.000000001071
64.500000000000	0.000000001106
65.000000000000	0.000000001137
65.500000000000	0.000000001128
66.000000000000	0.000000001108
66.500000000000	0.000000001076
67.000000000000	0.000000001083
67.500000000000	0.000000001087
68.000000000000	0.000000001103
68.500000000000	0.000000001079
69.000000000000	0.000000001125
69.500000000000	0.000000001112
70.000000000000	0.000000001083
70.500000000000	0.000000001058
71.000000000000	0.000000000933
71.500000000000	0.000000000949
72.000000000000	0.000000000991
72.500000000000	0.000000000780
73.000000000000	0.000000000974
73.500000000000	0.000000001052
74.000000000000	0.000000000989
74.500000000000	0.000000001012
75.000000000000	0.000000001014
75.500000000000	0.000000001011
76.000000000000	0.000000001055
76.500000000000	0.000000001063
77.000000000000	0.000000001076
77.500000000000	0.000000001065
78.000000000000	0.000000001062
78.500000000000	0.000000001090
79.000000000000	0.000000001119
79.500000000000	0.000000001095
80.000000000000	0.000000001099
80.500000000000	0.000000001090
81.000000000000	0.000000001103
81.500000000000	0.000000001075
82.000000000000	0.000000001096
82.500000000000	0.000000001114
83.000000000000	0.000000001117
83.500000000000	0.000000001120
84.000000000000	0.000000001112
84.500000000000	0.000000001123
85.000000000000	0.000000001103
85.500000000000	0.000000001135
86.000000000000	0.000000001118
86.500000000000	0.000000001156
87.000000000000	0.000000001116
87.500000000000	0.000000001119
88.000000000000	0.000000001154
88.500000000000	0.000000001128
89.000000000000	0.000000001099
89.500000000000	0.000000001085
90.000000000000	0.000000001105
90.500000000000	0.000000001110
91.000000000000	0.000000001112
91.500000000000	0.000000001106
92.000000000000	0.000000001096
92.500000000000	0.000000001131
93.000000000000	0.000000001144
93.500000000000	0.000000001124
94.000000000000	0.000000001112
94.500000000000	0.000000001112
95.000000000000	0.000000001140
95.500000000000	0.000000001103
96.000000000000	0.000000001141
96.500000000000	0.000000001154
97.000000000000	0.000000001146
97.500000000000	0.000000001135
98.000000000000	0.000000001160
98.500000000000	0.000000001151
99.000000000000	0.000000001099
99.500000000000	0.000000001114
100.000000000000	0.000000001177
100.500000000000	0.000000001130
101.000000000000	0.000000001135
101.500000000000	0.000000001147
102.000000000000	0.000000001103
102.500000000000	0.000000001165
103.000000000000	0.000000001114
103.500000000000	0.000000001142
104.000000000000	0.000000001133
104.500000000000	0.000000001104
105.000000000000	0.000000001174
105.500000000000	0.000000001120
106.000000000000	0.000000001185
106.500000000000	0.000000001124
107.000000000000	0.000000001085
107.500000000000	0.000000001168
108.000000000000	0.000000001110
108.500000000000	0.000000001135
109.000000000000	0.000000001120
109.500000000000	0.000000001067
110.000000000000	0.000000001133
110.500000000000	0.000000001117
111.000000000000	0.000000001170
111.500000000000	0.000000001138
112.000000000000	0.000000001118
112.500000000000	0.000000001156
113.000000000000	0.000000001168
113.500000000000	0.000000001187
114.000000000000	0.000000001147
114.500000000000	0.000000001102
115.000000000000	0.000000001148
115.500000000000	0.000000001154
116.000000000000	0.000000001167
116.500000000000	0.000000001133
117.000000000000	0.000000001104
117.500000000000	0.000000001117
118.000000000000	0.000000001153
118.500000000000	0.000000001138
119.000000000000	0.000000001148
119.500000000000	0.000000001127
120.000000000000	0.000000001100
120.500000000000	0.000000001137
121.000000000000	0.000000001175
121.500000000000	0.000000001131
122.000000000000	0.000000001117
122.500000000000	0.000000001134
123.000000000000	0.000000001152
123.500000000000	0.000000001158
124.000000000000	0.000000001169
124.500000000000	0.000000001125
125.000000000000	0.000000001097
125.500000000000	0.000000001083
126.000000000000	0.000000001111
126.500000000000	0.000000001161
127.000000000000	0.000000001109
127.500000000000	0.000000001064
128.000000000000	0.000000001111
128.500000000000	0.000000001137
129.000000000000	0.000000001046
129.500000000000	0.000000001111
130.000000000000	0.000000001058
130.500000000000	0.000000001150
131.000000000000	0.000000001117
131.500000000000	0.000000000995
132.000000000000	0.000000001104
132.500000000000	0.000000001052
133.000000000000	0.000000001161
133.500000000000	0.000000001135
134.000000000000	0.000000001053
134.500000000000	0.000000001145
135.000000000000	0.000000001141
135.500000000000	0.000000001187
136.000000000000	0.000000001152
136.500000000000	0.000000001030
137.000000000000	0.000000001124
137.500000000000	0.000000001112
138.000000000000	0.000000001151
138.500000000000	0.000000001112
139.000000000000	0.000000001016
139.500000000000	0.000000001120
140.000000000000	0.000000001118
140.500000000000	0.000000001180
141.000000000000	0.000000001126
141.500000000000	0.000000001020
142.000000000000	0.000000001112
142.500000000000	0.000000001117
143.000000000000	0.000000001167
143.500000000000	0.000000001116
144.000000000000	0.000000001046
144.500000000000	0.000000001065
145.000000000000	0.000000001146
145.500000000000	0.000000001147
146.000000000000	0.000000001111
146.500000000000	0.000000001081
147.000000000000	0.000000001093
147.500000000000	0.000000001205
148.000000000000	0.000000001129
148.500000000000	0.000000001128
149.000000000000	0.000000001043
149.500000000000	0.000000001051
150.000000000000	0.000000001147
150.500000000000	0.000000001136
151.000000000000	0.000000001113
151.500000000000	0.000000001018
152.000000000000	0.000000001024
152.500000000000	0.000000001141
153.000000000000	0.000000001079
153.500000000000	0.000000001067
154.000000000000	0.000000000994
154.500000000000	0.000000001024
155.000000000000	0.000000001151
155.500000000000	0.000000001109
156.000000000000	0.000000001075
156.500000000000	0.000000001076
157.000000000000	0.000000001045
157.500000000000	0.000000001145
158.000000000000	0.000000001121
158.500000000000	0.000000001081
159.000000000000	0.000000001072
159.500000000000	0.000000001030
160.000000000000	0.000000001143
160.500000000000	0.000000001103
161.000000000000	0.000000001112
161.500000000000	0.000000001043
162.000000000000	0.000000001051
162.500000000000	0.000000001155
163.000000000000	0.000000001133
163.500000000000	0.000000001066
164.000000000000	0.000000001067
164.500000000000	0.000000001021
165.000000000000	0.000000001129
165.500000000000	0.000000001095
166.000000000000	0.000000001052
166.500000000000	0.000000001006
167.000000000000	0.000000001004
167.500000000000	0.000000001120
168.000000000000	0.000000001125
168.500000000000	0.000000001076
169.000000000000	0.000000001015
169.500000000000	0.000000001014
170.000000000000	0.000000001138
170.500000000000	0.000000001066
171.000000000000	0.000000001054
171.500000000000	0.000000000999
172.000000000000	0.000000001000
172.500000000000	0.000000001118
173.000000000000	0.000000001114
173.500000000000	0.000000001038
174.000000000000	0.000000001047
174.500000000000	0.000000001023
175.000000000000	0.000000001121
175.500000000000	0.000000001083
176.000000000000	0.000000001049
176.500000000000	0.000000001003
177.000000000000	0.000000000993
177.500000000000	0.000000001096
178.000000000000	0.000000001076
178.500000000000	0.000000001030
179.000000000000	0.000000000979
179.500000000000	0.000000001013
180.000000000000	0.000000001046
180.500000000000	0.000000001080
181.000000000000	0.000000001036
181.500000000000	0.000000001003
182.000000000000	0.000000001017
182.500000000000	0.000000001072
183.000000000000	0.000000001101
183.500000000000	0.000000001026
184.000000000000	0.000000000934
184.500000000000	0.000000001039
185.000000000000	0.000000001031
185.500000000000	0.000000001089
186.000000000000	0.000000001023
186.500000000000	0.000000000971
187.000000000000	0.000000001000
187.500000000000	0.000000001030
188.000000000000	0.000000001087
188.500000000000	0.000000001024
189.000000000000	0.000000000887
189.500000000000	0.000000000999
190.000000000000	0.000000000976
190.500000000000	0.000000001115
191.000000000000	0.000000001119
191.500000000000	0.000000001009
192.000000000000	0.000000001100
192.500000000000	0.000000001013
193.000000000000	0.000000001065
193.500000000000	0.000000001046
194.000000000000	0.000000000967
194.500000000000	0.000000001028
195.000000000000	0.000000000971
195.500000000000	0.000000001030
196.000000000000	0.000000001041
196.500000000000	0.000000000934
197.000000000000	0.000000000996
197.500000000000	0.000000000966
198.000000000000	0.000000001069
198.500000000000	0.000000001052
199.000000000000	0.000000000992
199.500000000000	0.000000001052
200.000000000000	0.000000000970
200.500000000000	0.000000001038
201.000000000000	0.000000001030
201.500000000000	0.000000000973
202.000000000000	0.000000001010
202.500000000000	0.000000001019
203.000000000000	0.000000001040
203.500000000000	0.000000001038
204.000000000000	0.000000000922
204.500000000000	0.000000001029
205.000000000000	0.000000000935
205.500000000000	0.000000001002
206.000000000000	0.000000001020
206.500000000000	0.000000000911
207.000000000000	0.000000001017
207.500000000000	0.000000000987
208.000000000000	0.000000001048
208.500000000000	0.000000001053
209.000000000000	0.000000000973
209.500000000000	0.000000001023
210.000000000000	0.000000001025
210.500000000000	0.000000001166
211.000000000000	0.000000001182
211.500000000000	0.000000001125
212.000000000000	0.000000001132
212.500000000000	0.000000001063
213.000000000000	0.000000001107
213.500000000000	0.000000001089
214.000000000000	0.000000000974
214.500000000000	0.000000001022
215.000000000000	0.000000001012
215.500000000000	0.000000001065
216.000000000000	0.000000001042
216.500000000000	0.000000000926
217.000000000000	0.000000001046
217.500000000000	0.000000000967
218.000000000000	0.000000001043
218.500000000000	0.000000001022
219.000000000000	0.000000000917
219.500000000000	0.000000000981
220.000000000000	0.000000000944
220.500000000000	0.000000000995
221.000000000000	0.000000000918
221.500000000000	0.000000000908
222.000000000000	0.000000001028
222.500000000000	0.000000000963
223.000000000000	0.000000000993
223.500000000000	0.000000000993
224.000000000000	0.000000000854
224.500000000000	0.000000000954
225.000000000000	0.000000000926
225.500000000000	0.000000000976
226.000000000000	0.000000000982
226.500000000000	0.000000000848
227.000000000000	0.000000000970
227.500000000000	0.000000000922
228.000000000000	0.000000001004
228.500000000000	0.000000000978
229.000000000000	0.000000000905
229.500000000000	0.000000000979
230.000000000000	0.000000000938
230.500000000000	0.000000000997
231.000000000000	0.000000000981
231.500000000000	0.000000000915
232.000000000000	0.000000000974
232.500000000000	0.000000000924
233.000000000000	0.000000000981
233.500000000000	0.000000000966
234.000000000000	0.000000000941
234.500000000000	0.000000000972
235.000000000000	0.000000000952
235.500000000000	0.000000000990
236.000000000000	0.000000001000
236.500000000000	0.000000000907
237.000000000000	0.000000000958
237.500000000000	0.000000000924
238.000000000000	0.000000000964
238.500000000000	0.000000001017
239.000000000000	0.000000000984
239.500000000000	0.000000001001
240.000000000000	0.000000000947
240.500000000000	0.000000000958
241.000000000000	0.000000000981
241.500000000000	0.000000000981
242.000000000000	0.000000000960
242.500000000000	0.000000000952
243.000000000000	0.000000001005
243.500000000000	0.000000000975
244.000000000000	0.000000000992
244.500000000000	0.000000000977
245.000000000000	0.000000000986
245.500000000000	0.000000000990
246.000000000000	0.000000001021
246.500000000000	0.000000000966
247.000000000000	0.000000000936
247.500000000000	0.000000000948
248.000000000000	0.000000000986
248.500000000000	0.000000000992
249.000000000000	0.000000000975
249.500000000000	0.000000000940
250.000000000000	0.000000000947
250.500000000000	0.000000000983
251.000000000000	0.000000000981
251.500000000000	0.000000000933
252.000000000000	0.000000000920
252.500000000000	0.000000000965
253.000000000000	0.000000000942
253.500000000000	0.000000000955
254.000000000000	0.000000000852
254.500000000000	0.000000000883
255.000000000000	0.000000000875
255.500000000000	0.000000000927
256.000000000000	0.000000000986
256.500000000000	0.000000000814
257.000000000000	0.000000000875
257.500000000000	0.000000000927
258.000000000000	0.000000000913
258.500000000000	0.000000000920
259.000000000000	0.000000000870
259.500000000000	0.000000000902
260.000000000000	0.000000000931
260.500000000000	0.000000000891
261.000000000000	0.000000000990
261.500000000000	0.000000001098
262.000000000000	0.000000000755
262.500000000000	0.000000000878
263.000000000000	0.000000000819
263.500000000000	0.000000000908
264.000000000000	0.000000000981
264.500000000000	0.000000000855
265.000000000000	0.000000000852
265.500000000000	0.000000000851
266.000000000000	0.000000000892
266.500000000000	0.000000001043
267.000000000000	0.000000000878
267.500000000000	0.000000000860
268.000000000000	0.000000000853
268.500000000000	0.000000000909
269.000000000000	0.000000000963
269.500000000000	0.000000000852
270.000000000000	0.000000000913
270.500000000000	0.000000000863
271.000000000000	0.000000000900
271.500000000000	0.000000001009
272.000000000000	0.000000000869
272.500000000000	0.000000000888
273.000000000000	0.000000000900
273.500000000000	0.000000000901
274.000000000000	0.000000000979
274.500000000000	0.000000000860
275.000000000000	0.000000000874
275.500000000000	0.000000000851
276.000000000000	0.000000000865
276.500000000000	0.000000000959
277.000000000000	0.000000000913
277.500000000000	0.000000000914
278.000000000000	0.000000000890
278.500000000000	0.000000000886
279.000000000000	0.000000000889
279.500000000000	0.000000000895
280.000000000000	0.000000000881
280.500000000000	0.000000000855
281.000000000000	0.000000000865
281.500000000000	0.000000000908
282.000000000000	0.000000000903
282.500000000000	0.000000000887
283.000000000000	0.000000000843
283.500000000000	0.000000000873
284.000000000000	0.000000000861
284.500000000000	0.000000000838
285.000000000000	0.000000000865
285.500000000000	0.000000000848
286.000000000000	0.000000000847
286.500000000000	0.000000000931
287.000000000000	0.000000000834
287.500000000000	0.000000000879
288.000000000000	0.000000000804
288.500000000000	0.000000000850
289.000000000000	0.000000000985
289.500000000000	0.000000000838
290.000000000000	0.000000000872
290.500000000000	0.000000000851
291.000000000000	0.000000000866
291.500000000000	0.000000000974
292.000000000000	0.000000000839
292.500000000000	0.000000000873
293.000000000000	0.000000000855
293.500000000000	0.000000000871
294.000000000000	0.000000001007
294.500000000000	0.000000000832
295.000000000000	0.000000000860
295.500000000000	0.000000000822
296.000000000000	0.000000000852
296.500000000000	0.000000000851
297.000000000000	0.000000000818
297.500000000000	0.000000000845
298.000000000000	0.000000000818
298.500000000000	0.000000000823
299.000000000000	0.000000000866
299.500000000000	0.000000000809
