Voltage   	Current	
39.969100	-1.909311E-9
39.001870	-1.033825E-9
38.001420	-7.198091E-10
37.001660	-3.600379E-10
36.001510	-1.772907E-11
35.002480	3.287734E-10
34.001760	6.364351E-10
33.001240	9.538141E-10
32.001830	1.258895E-9
31.001200	1.547121E-9
30.001610	1.875078E-9
29.001050	2.211385E-9
28.001510	2.606756E-9
27.001130	2.931674E-9
26.001790	3.373252E-9
25.001350	3.835882E-9
24.001690	4.326653E-9
23.001380	4.916517E-9
22.001010	5.534470E-9
21.001650	6.153892E-9
20.001150	6.949189E-9
19.001580	7.849244E-9
18.000950	8.846878E-9
17.001790	9.986377E-9
16.001150	1.122567E-8
15.001800	1.249570E-8
14.001640	1.386578E-8
13.002240	1.537093E-8
12.001830	1.683640E-8
11.002330	1.832596E-8
10.001440	1.979470E-8
9.001945	2.122048E-8
8.001590	2.250265E-8
7.001045	2.375196E-8
6.001753	2.494637E-8
5.001110	2.604204E-8
4.002046	2.706047E-8
3.001115	2.807222E-8
2.001905	2.894100E-8
1.001103	2.954690E-8
0.001571	3.059195E-8
0.999155	3.132713E-8
1.999695	3.207853E-8
2.999171	3.277429E-8
3.999789	3.345736E-8
4.998861	3.407856E-8
5.999294	3.467813E-8
6.998535	3.523825E-8
7.999084	3.582027E-8
8.999426	3.636015E-8
9.998820	3.689770E-8
10.999470	3.740005E-8
11.998820	3.788363E-8
12.999380	3.842325E-8
13.998910	3.891158E-8
14.999250	3.935546E-8
15.998780	3.976771E-8
16.999070	4.016919E-8
17.998440	4.063369E-8
18.998700	4.103146E-8
19.998230	4.148004E-8
20.998680	4.191392E-8
21.998540	4.227360E-8
22.998970	4.267465E-8
23.999500	4.307789E-8
24.998580	4.347928E-8
25.999070	4.380613E-8
26.998360	4.419105E-8
27.998850	4.453072E-8
28.998650	4.486632E-8
29.999220	4.521126E-8
30.998600	4.548960E-8
31.998900	4.584655E-8
32.998050	4.610210E-8
33.998810	4.628156E-8
34.999730	4.676818E-8
35.999140	4.712827E-8
36.999600	4.736219E-8
37.999240	4.758760E-8
38.999680	4.779900E-8
