Voltage   	Current	
29.982410	-2.315579E-10
29.000100	-2.060324E-11
28.000610	4.230849E-11
27.000280	5.764410E-11
26.000930	5.415179E-11
25.000420	3.203408E-11
24.001050	-7.273457E-11
23.000560	-8.812098E-11
22.000030	-9.525744E-11
21.000410	-9.743364E-11
19.999750	-9.454870E-11
19.000970	-7.607487E-11
18.000040	-1.107448E-10
17.001110	-3.442063E-11
16.000600	-4.469505E-11
15.000760	1.771078E-11
14.000480	4.772413E-11
13.001000	8.942924E-11
12.000880	1.583638E-10
11.001540	2.691530E-10
10.000950	4.198145E-10
9.000950	5.582289E-10
8.000632	7.562602E-10
7.000272	1.030609E-9
6.001011	1.493525E-9
5.000256	2.127397E-9
4.000900	2.980757E-9
3.000274	4.269957E-9
2.000682	5.800004E-9
1.000090	7.482284E-9
0.000606	9.121139E-9
0.998730	1.019521E-8
1.999077	1.185774E-8
2.998394	1.318844E-8
3.999072	1.427678E-8
4.998243	1.513925E-8
5.999303	1.592079E-8
6.998273	1.664586E-8
7.998946	1.726400E-8
8.999491	1.780941E-8
9.998945	1.830538E-8
10.999380	1.875990E-8
11.998790	1.919315E-8
12.999030	1.953475E-8
13.998510	1.983405E-8
14.998920	2.008294E-8
15.998390	2.039119E-8
16.998830	2.065412E-8
17.998130	2.083408E-8
18.998740	2.110889E-8
19.997730	2.134568E-8
20.997940	2.152231E-8
21.997650	2.169610E-8
22.997940	2.186630E-8
23.998510	2.203112E-8
24.997880	2.221720E-8
25.998600	2.231180E-8
26.997770	2.246251E-8
27.997990	2.258510E-8
28.997690	2.273924E-8
