t (s)	Ids (Amps)
0.000000000000	0.000000018536
0.500000000000	0.000000018541
1.000000000000	0.000000018539
1.500000000000	0.000000018536
2.000000000000	0.000000018538
2.500000000000	0.000000018562
3.000000000000	0.000000018568
3.500000000000	0.000000018560
4.000000000000	0.000000018539
4.500000000000	0.000000018559
5.000000000000	0.000000018530
5.500000000000	0.000000018541
6.000000000000	0.000000018577
6.500000000000	0.000000018550
7.000000000000	0.000000018563
7.500000000000	0.000000018573
8.000000000000	0.000000018584
8.500000000000	0.000000018583
9.000000000000	0.000000018585
9.500000000000	0.000000018587
10.000000000000	0.000000018578
10.500000000000	0.000000018592
11.000000000000	0.000000018592
11.500000000000	0.000000018592
12.000000000000	0.000000018596
12.500000000000	0.000000018610
13.000000000000	0.000000018644
13.500000000000	0.000000018623
14.000000000000	0.000000018608
14.500000000000	0.000000018612
15.000000000000	0.000000018629
15.500000000000	0.000000018641
16.000000000000	0.000000018602
16.500000000000	0.000000018597
17.000000000000	0.000000018585
17.500000000000	0.000000018571
18.000000000000	0.000000018590
18.500000000000	0.000000018579
19.000000000000	0.000000018580
19.500000000000	0.000000018587
20.000000000000	0.000000018617
20.500000000000	0.000000018629
21.000000000000	0.000000018612
21.500000000000	0.000000018606
22.000000000000	0.000000018612
22.500000000000	0.000000018583
23.000000000000	0.000000018613
23.500000000000	0.000000018600
24.000000000000	0.000000018616
24.500000000000	0.000000018611
25.000000000000	0.000000018607
25.500000000000	0.000000018603
26.000000000000	0.000000018585
26.500000000000	0.000000018587
27.000000000000	0.000000018595
27.500000000000	0.000000018593
28.000000000000	0.000000018585
28.500000000000	0.000000018583
29.000000000000	0.000000018569
29.500000000000	0.000000018577
30.000000000000	0.000000018593
30.500000000000	0.000000018602
31.000000000000	0.000000018598
31.500000000000	0.000000018599
32.000000000000	0.000000018609
32.500000000000	0.000000018590
33.000000000000	0.000000018591
33.500000000000	0.000000018616
34.000000000000	0.000000018589
34.500000000000	0.000000018596
35.000000000000	0.000000018606
35.500000000000	0.000000018607
36.000000000000	0.000000018595
36.500000000000	0.000000018581
37.000000000000	0.000000018585
37.500000000000	0.000000018589
38.000000000000	0.000000018585
38.500000000000	0.000000018593
39.000000000000	0.000000018588
39.500000000000	0.000000018586
40.000000000000	0.000000018589
40.500000000000	0.000000018598
41.000000000000	0.000000018593
41.500000000000	0.000000018595
42.000000000000	0.000000018581
42.500000000000	0.000000018597
43.000000000000	0.000000018589
43.500000000000	0.000000018606
44.000000000000	0.000000018579
44.500000000000	0.000000018584
45.000000000000	0.000000018597
45.500000000000	0.000000018607
46.000000000000	0.000000018600
46.500000000000	0.000000018590
47.000000000000	0.000000018589
47.500000000000	0.000000018567
48.000000000000	0.000000018565
48.500000000000	0.000000018559
49.000000000000	0.000000018581
49.500000000000	0.000000018607
50.000000000000	0.000000018619
50.500000000000	0.000000018631
51.000000000000	0.000000018685
51.500000000000	0.000000018615
52.000000000000	0.000000018601
52.500000000000	0.000000018612
53.000000000000	0.000000018591
53.500000000000	0.000000018608
54.000000000000	0.000000018620
54.500000000000	0.000000018579
55.000000000000	0.000000018575
55.500000000000	0.000000018552
56.000000000000	0.000000018562
56.500000000000	0.000000018561
57.000000000000	0.000000018527
57.500000000000	0.000000018536
58.000000000000	0.000000018765
58.500000000000	0.000000018777
59.000000000000	0.000000018901
59.500000000000	0.000000018704
60.000000000000	0.000000018937
60.500000000000	0.000000018800
61.000000000000	0.000000018705
61.500000000000	0.000000018665
62.000000000000	0.000000018800
62.500000000000	0.000000018666
63.000000000000	0.000000018714
63.500000000000	0.000000018688
64.000000000000	0.000000018459
64.500000000000	0.000000018553
65.000000000000	0.000000018719
65.500000000000	0.000000019481
66.000000000000	0.000000018962
66.500000000000	0.000000018619
67.000000000000	0.000000018599
67.500000000000	0.000000018839
68.000000000000	0.000000018968
68.500000000000	0.000000018786
69.000000000000	0.000000018697
69.500000000000	0.000000018372
70.000000000000	0.000000018551
70.500000000000	0.000000018536
71.000000000000	0.000000018411
71.500000000000	0.000000018580
72.000000000000	0.000000018473
72.500000000000	0.000000018465
73.000000000000	0.000000018484
73.500000000000	0.000000018366
74.000000000000	0.000000018311
74.500000000000	0.000000018366
75.000000000000	0.000000018683
75.500000000000	0.000000018638
76.000000000000	0.000000018466
76.500000000000	0.000000018410
77.000000000000	0.000000018433
77.500000000000	0.000000018445
78.000000000000	0.000000018475
78.500000000000	0.000000018467
79.000000000000	0.000000018471
79.500000000000	0.000000018489
80.000000000000	0.000000018498
80.500000000000	0.000000018425
81.000000000000	0.000000019057
81.500000000000	0.000000018345
82.000000000000	0.000000018425
82.500000000000	0.000000018387
83.000000000000	0.000000018402
83.500000000000	0.000000018411
84.000000000000	0.000000018439
84.500000000000	0.000000018471
85.000000000000	0.000000018477
85.500000000000	0.000000018472
86.000000000000	0.000000018478
86.500000000000	0.000000018505
87.000000000000	0.000000018492
87.500000000000	0.000000018496
88.000000000000	0.000000018519
88.500000000000	0.000000018514
89.000000000000	0.000000018511
89.500000000000	0.000000018517
90.000000000000	0.000000018530
90.500000000000	0.000000018531
91.000000000000	0.000000018541
91.500000000000	0.000000018525
92.000000000000	0.000000018520
92.500000000000	0.000000018528
93.000000000000	0.000000018535
93.500000000000	0.000000018529
94.000000000000	0.000000018522
94.500000000000	0.000000018529
95.000000000000	0.000000018527
95.500000000000	0.000000018530
96.000000000000	0.000000018504
96.500000000000	0.000000018533
97.000000000000	0.000000018528
97.500000000000	0.000000018522
98.000000000000	0.000000018549
98.500000000000	0.000000018526
99.000000000000	0.000000018534
99.500000000000	0.000000018533
100.000000000000	0.000000018549
100.500000000000	0.000000018536
101.000000000000	0.000000018530
101.500000000000	0.000000018546
102.000000000000	0.000000018525
102.500000000000	0.000000018550
103.000000000000	0.000000018551
103.500000000000	0.000000018540
104.000000000000	0.000000018534
104.500000000000	0.000000018546
105.000000000000	0.000000018545
105.500000000000	0.000000018551
106.000000000000	0.000000018539
106.500000000000	0.000000018548
107.000000000000	0.000000018543
107.500000000000	0.000000018537
108.000000000000	0.000000018521
108.500000000000	0.000000018523
109.000000000000	0.000000018546
109.500000000000	0.000000018538
110.000000000000	0.000000018555
110.500000000000	0.000000018546
111.000000000000	0.000000018514
111.500000000000	0.000000018576
112.000000000000	0.000000018516
112.500000000000	0.000000018507
113.000000000000	0.000000018507
113.500000000000	0.000000018538
114.000000000000	0.000000018596
114.500000000000	0.000000018613
115.000000000000	0.000000018536
115.500000000000	0.000000018517
116.000000000000	0.000000018498
116.500000000000	0.000000018528
117.000000000000	0.000000018524
117.500000000000	0.000000018547
118.000000000000	0.000000018560
118.500000000000	0.000000018605
119.000000000000	0.000000018578
119.500000000000	0.000000018503
120.000000000000	0.000000018718
120.500000000000	0.000000018807
121.000000000000	0.000000018889
121.500000000000	0.000000018703
122.000000000000	0.000000018859
122.500000000000	0.000000018714
123.000000000000	0.000000018694
123.500000000000	0.000000018855
124.000000000000	0.000000018725
124.500000000000	0.000000018698
125.000000000000	0.000000018644
125.500000000000	0.000000018703
126.000000000000	0.000000018603
126.500000000000	0.000000018688
127.000000000000	0.000000018579
127.500000000000	0.000000018623
128.000000000000	0.000000018686
128.500000000000	0.000000018678
129.000000000000	0.000000018631
129.500000000000	0.000000018616
130.000000000000	0.000000018593
130.500000000000	0.000000018577
131.000000000000	0.000000018543
131.500000000000	0.000000018549
132.000000000000	0.000000018550
132.500000000000	0.000000018537
133.000000000000	0.000000018537
133.500000000000	0.000000018536
134.000000000000	0.000000018521
134.500000000000	0.000000018514
135.000000000000	0.000000018536
135.500000000000	0.000000018531
136.000000000000	0.000000018512
136.500000000000	0.000000018505
137.000000000000	0.000000018501
137.500000000000	0.000000018506
138.000000000000	0.000000018502
138.500000000000	0.000000018515
139.000000000000	0.000000018504
139.500000000000	0.000000018502
140.000000000000	0.000000018513
140.500000000000	0.000000018504
141.000000000000	0.000000018525
141.500000000000	0.000000018496
142.000000000000	0.000000018517
142.500000000000	0.000000018506
143.000000000000	0.000000018503
143.500000000000	0.000000018516
144.000000000000	0.000000018508
144.500000000000	0.000000018508
145.000000000000	0.000000018501
145.500000000000	0.000000018512
146.000000000000	0.000000018503
146.500000000000	0.000000018488
147.000000000000	0.000000018504
147.500000000000	0.000000018501
148.000000000000	0.000000018493
148.500000000000	0.000000018509
149.000000000000	0.000000018494
149.500000000000	0.000000018506
150.000000000000	0.000000018496
150.500000000000	0.000000018511
151.000000000000	0.000000018506
151.500000000000	0.000000018498
152.000000000000	0.000000018495
152.500000000000	0.000000018512
153.000000000000	0.000000018490
153.500000000000	0.000000018500
154.000000000000	0.000000018491
154.500000000000	0.000000018497
155.000000000000	0.000000018505
155.500000000000	0.000000018540
156.000000000000	0.000000018534
156.500000000000	0.000000018527
157.000000000000	0.000000018529
157.500000000000	0.000000018504
158.000000000000	0.000000018524
158.500000000000	0.000000018504
159.000000000000	0.000000018529
159.500000000000	0.000000018538
160.000000000000	0.000000018532
160.500000000000	0.000000018534
161.000000000000	0.000000018554
161.500000000000	0.000000018532
162.000000000000	0.000000018532
162.500000000000	0.000000018538
163.000000000000	0.000000018543
163.500000000000	0.000000018530
164.000000000000	0.000000018538
164.500000000000	0.000000018530
165.000000000000	0.000000018529
165.500000000000	0.000000018544
166.000000000000	0.000000018550
166.500000000000	0.000000018550
167.000000000000	0.000000018555
167.500000000000	0.000000018564
168.000000000000	0.000000018535
168.500000000000	0.000000018518
169.000000000000	0.000000018550
169.500000000000	0.000000018528
170.000000000000	0.000000018538
170.500000000000	0.000000018535
171.000000000000	0.000000018550
171.500000000000	0.000000018555
172.000000000000	0.000000018554
172.500000000000	0.000000018553
173.000000000000	0.000000018608
173.500000000000	0.000000018549
174.000000000000	0.000000018472
174.500000000000	0.000000018467
175.000000000000	0.000000018527
175.500000000000	0.000000018451
176.000000000000	0.000000018438
176.500000000000	0.000000018376
177.000000000000	0.000000018370
177.500000000000	0.000000018420
178.000000000000	0.000000018595
178.500000000000	0.000000018491
179.000000000000	0.000000018467
179.500000000000	0.000000018477
180.000000000000	0.000000018465
180.500000000000	0.000000018465
181.000000000000	0.000000018384
181.500000000000	0.000000018351
182.000000000000	0.000000018437
182.500000000000	0.000000018525
183.000000000000	0.000000018459
183.500000000000	0.000000018441
184.000000000000	0.000000018440
184.500000000000	0.000000018445
185.000000000000	0.000000018481
185.500000000000	0.000000018541
186.000000000000	0.000000018528
186.500000000000	0.000000018532
187.000000000000	0.000000018536
187.500000000000	0.000000018501
188.000000000000	0.000000018489
188.500000000000	0.000000018509
189.000000000000	0.000000018514
189.500000000000	0.000000018515
190.000000000000	0.000000018530
190.500000000000	0.000000018527
191.000000000000	0.000000018521
191.500000000000	0.000000018513
192.000000000000	0.000000018510
192.500000000000	0.000000018512
193.000000000000	0.000000018499
193.500000000000	0.000000018517
194.000000000000	0.000000018515
194.500000000000	0.000000018518
195.000000000000	0.000000018530
195.500000000000	0.000000018524
196.000000000000	0.000000018526
196.500000000000	0.000000018522
197.000000000000	0.000000018529
197.500000000000	0.000000018544
198.000000000000	0.000000018533
198.500000000000	0.000000018611
199.000000000000	0.000000019148
199.500000000000	0.000000019398
200.000000000000	0.000000019380
200.500000000000	0.000000019242
201.000000000000	0.000000019114
201.500000000000	0.000000018988
202.000000000000	0.000000018929
202.500000000000	0.000000018842
203.000000000000	0.000000018792
203.500000000000	0.000000018768
204.000000000000	0.000000018719
204.500000000000	0.000000018669
205.000000000000	0.000000018647
205.500000000000	0.000000018629
206.000000000000	0.000000018615
206.500000000000	0.000000018581
207.000000000000	0.000000018569
207.500000000000	0.000000018561
208.000000000000	0.000000018541
208.500000000000	0.000000018549
209.000000000000	0.000000018562
209.500000000000	0.000000018550
210.000000000000	0.000000018551
210.500000000000	0.000000018546
211.000000000000	0.000000018546
211.500000000000	0.000000018525
212.000000000000	0.000000018521
212.500000000000	0.000000018507
213.000000000000	0.000000018539
213.500000000000	0.000000018505
214.000000000000	0.000000018527
214.500000000000	0.000000018504
215.000000000000	0.000000018509
215.500000000000	0.000000018530
216.000000000000	0.000000018520
216.500000000000	0.000000018523
217.000000000000	0.000000018527
217.500000000000	0.000000018508
218.000000000000	0.000000018509
218.500000000000	0.000000018509
219.000000000000	0.000000018508
219.500000000000	0.000000018478
220.000000000000	0.000000018499
220.500000000000	0.000000018475
221.000000000000	0.000000018506
221.500000000000	0.000000018474
222.000000000000	0.000000018493
222.500000000000	0.000000018508
223.000000000000	0.000000018491
223.500000000000	0.000000018487
224.000000000000	0.000000018493
224.500000000000	0.000000018499
225.000000000000	0.000000018505
225.500000000000	0.000000018518
226.000000000000	0.000000018501
226.500000000000	0.000000018514
227.000000000000	0.000000018522
227.500000000000	0.000000018533
228.000000000000	0.000000018534
228.500000000000	0.000000018506
229.000000000000	0.000000018538
229.500000000000	0.000000018518
230.000000000000	0.000000018515
230.500000000000	0.000000018514
231.000000000000	0.000000018502
231.500000000000	0.000000018507
232.000000000000	0.000000018513
232.500000000000	0.000000018509
233.000000000000	0.000000018521
233.500000000000	0.000000018522
234.000000000000	0.000000018515
234.500000000000	0.000000018518
235.000000000000	0.000000018519
235.500000000000	0.000000018514
236.000000000000	0.000000018497
236.500000000000	0.000000018507
237.000000000000	0.000000018533
237.500000000000	0.000000018517
238.000000000000	0.000000018516
238.500000000000	0.000000018517
239.000000000000	0.000000018511
239.500000000000	0.000000018505
240.000000000000	0.000000018495
240.500000000000	0.000000018490
241.000000000000	0.000000018492
241.500000000000	0.000000018505
242.000000000000	0.000000018498
242.500000000000	0.000000018490
243.000000000000	0.000000018487
243.500000000000	0.000000018483
244.000000000000	0.000000018481
244.500000000000	0.000000018511
245.000000000000	0.000000018482
245.500000000000	0.000000018494
246.000000000000	0.000000018506
246.500000000000	0.000000018532
247.000000000000	0.000000018479
247.500000000000	0.000000018492
248.000000000000	0.000000018376
248.500000000000	0.000000018071
249.000000000000	0.000000018072
249.500000000000	0.000000018078
250.000000000000	0.000000018197
250.500000000000	0.000000018268
251.000000000000	0.000000018397
251.500000000000	0.000000018328
252.000000000000	0.000000018443
252.500000000000	0.000000018503
253.000000000000	0.000000018435
253.500000000000	0.000000018323
254.000000000000	0.000000018357
254.500000000000	0.000000018365
255.000000000000	0.000000018377
255.500000000000	0.000000018380
256.000000000000	0.000000019272
256.500000000000	0.000000019025
257.000000000000	0.000000018584
257.500000000000	0.000000019201
258.000000000000	0.000000019155
258.500000000000	0.000000018742
259.000000000000	0.000000018540
259.500000000000	0.000000018788
260.000000000000	0.000000018477
260.500000000000	0.000000019119
261.000000000000	0.000000018765
261.500000000000	0.000000017775
262.000000000000	0.000000017773
262.500000000000	0.000000017902
263.000000000000	0.000000018014
263.500000000000	0.000000018114
264.000000000000	0.000000018203
264.500000000000	0.000000018256
265.000000000000	0.000000018297
265.500000000000	0.000000018357
266.000000000000	0.000000018383
266.500000000000	0.000000018362
267.000000000000	0.000000018392
267.500000000000	0.000000018423
268.000000000000	0.000000018430
268.500000000000	0.000000018482
269.000000000000	0.000000018475
269.500000000000	0.000000018499
270.000000000000	0.000000018495
270.500000000000	0.000000018674
271.000000000000	0.000000018797
271.500000000000	0.000000018664
272.000000000000	0.000000018572
272.500000000000	0.000000018534
273.000000000000	0.000000018506
273.500000000000	0.000000018648
274.000000000000	0.000000018681
274.500000000000	0.000000018640
275.000000000000	0.000000018727
275.500000000000	0.000000018747
276.000000000000	0.000000018717
276.500000000000	0.000000018347
277.000000000000	0.000000018877
277.500000000000	0.000000018873
278.000000000000	0.000000018583
278.500000000000	0.000000018272
279.000000000000	0.000000018291
279.500000000000	0.000000018292
280.000000000000	0.000000018291
280.500000000000	0.000000018350
281.000000000000	0.000000018451
281.500000000000	0.000000018734
282.000000000000	0.000000018993
282.500000000000	0.000000018351
283.000000000000	0.000000018515
283.500000000000	0.000000018451
284.000000000000	0.000000018568
284.500000000000	0.000000018469
285.000000000000	0.000000018533
285.500000000000	0.000000018443
286.000000000000	0.000000018450
286.500000000000	0.000000018467
287.000000000000	0.000000018471
287.500000000000	0.000000018508
288.000000000000	0.000000018514
288.500000000000	0.000000018505
289.000000000000	0.000000018503
289.500000000000	0.000000018493
290.000000000000	0.000000018511
290.500000000000	0.000000018542
291.000000000000	0.000000018520
291.500000000000	0.000000018527
292.000000000000	0.000000018534
292.500000000000	0.000000018558
293.000000000000	0.000000018594
293.500000000000	0.000000018555
294.000000000000	0.000000018541
294.500000000000	0.000000018546
295.000000000000	0.000000018552
295.500000000000	0.000000018563
296.000000000000	0.000000018565
296.500000000000	0.000000018563
297.000000000000	0.000000018577
297.500000000000	0.000000018563
298.000000000000	0.000000018601
298.500000000000	0.000000018569
299.000000000000	0.000000018578
299.500000000000	0.000000018589
300.000000000000	0.000000018591
300.500000000000	0.000000018595
301.000000000000	0.000000018565
301.500000000000	0.000000018577
302.000000000000	0.000000018582
302.500000000000	0.000000018583
303.000000000000	0.000000018575
303.500000000000	0.000000018583
304.000000000000	0.000000018584
304.500000000000	0.000000018575
305.000000000000	0.000000018592
305.500000000000	0.000000018594
306.000000000000	0.000000018564
306.500000000000	0.000000018565
307.000000000000	0.000000018573
307.500000000000	0.000000018578
308.000000000000	0.000000018571
308.500000000000	0.000000018591
309.000000000000	0.000000018568
309.500000000000	0.000000018592
310.000000000000	0.000000018601
310.500000000000	0.000000018589
311.000000000000	0.000000018598
311.500000000000	0.000000018590
312.000000000000	0.000000018583
312.500000000000	0.000000018595
313.000000000000	0.000000018603
313.500000000000	0.000000018580
314.000000000000	0.000000018603
314.500000000000	0.000000018596
315.000000000000	0.000000018607
315.500000000000	0.000000018604
316.000000000000	0.000000018596
316.500000000000	0.000000018568
317.000000000000	0.000000018602
317.500000000000	0.000000018608
318.000000000000	0.000000018569
318.500000000000	0.000000018599
319.000000000000	0.000000018586
319.500000000000	0.000000018564
320.000000000000	0.000000018587
320.500000000000	0.000000018563
321.000000000000	0.000000018577
321.500000000000	0.000000018578
322.000000000000	0.000000018580
322.500000000000	0.000000018585
323.000000000000	0.000000018585
323.500000000000	0.000000018596
324.000000000000	0.000000018602
324.500000000000	0.000000018576
325.000000000000	0.000000018591
325.500000000000	0.000000018594
326.000000000000	0.000000018589
326.500000000000	0.000000018593
327.000000000000	0.000000018574
327.500000000000	0.000000018605
328.000000000000	0.000000018602
328.500000000000	0.000000018587
329.000000000000	0.000000018588
329.500000000000	0.000000018571
330.000000000000	0.000000018580
330.500000000000	0.000000018592
331.000000000000	0.000000018584
331.500000000000	0.000000018599
332.000000000000	0.000000018581
332.500000000000	0.000000018571
333.000000000000	0.000000018595
333.500000000000	0.000000018624
334.000000000000	0.000000018597
334.500000000000	0.000000018631
335.000000000000	0.000000018587
335.500000000000	0.000000018599
336.000000000000	0.000000018631
336.500000000000	0.000000018595
337.000000000000	0.000000018643
337.500000000000	0.000000018690
338.000000000000	0.000000018734
338.500000000000	0.000000018656
339.000000000000	0.000000019084
339.500000000000	0.000000019320
340.000000000000	0.000000018869
340.500000000000	0.000000018738
341.000000000000	0.000000018706
341.500000000000	0.000000018514
342.000000000000	0.000000018646
342.500000000000	0.000000018389
343.000000000000	0.000000018412
343.500000000000	0.000000018437
344.000000000000	0.000000018504
344.500000000000	0.000000018484
345.000000000000	0.000000018541
345.500000000000	0.000000018515
346.000000000000	0.000000018502
346.500000000000	0.000000018497
347.000000000000	0.000000018510
347.500000000000	0.000000018471
348.000000000000	0.000000018483
348.500000000000	0.000000018513
349.000000000000	0.000000018550
349.500000000000	0.000000018462
350.000000000000	0.000000018458
350.500000000000	0.000000018502
351.000000000000	0.000000018569
351.500000000000	0.000000018615
352.000000000000	0.000000018737
352.500000000000	0.000000018542
353.000000000000	0.000000018813
353.500000000000	0.000000019049
354.000000000000	0.000000018812
354.500000000000	0.000000018692
355.000000000000	0.000000018657
355.500000000000	0.000000018604
356.000000000000	0.000000018607
356.500000000000	0.000000018600
357.000000000000	0.000000018606
357.500000000000	0.000000018580
358.000000000000	0.000000019543
358.500000000000	0.000000019416
359.000000000000	0.000000018924
359.500000000000	0.000000018237
360.000000000000	0.000000018016
360.500000000000	0.000000018163
361.000000000000	0.000000018412
361.500000000000	0.000000019573
362.000000000000	0.000000019307
362.500000000000	0.000000019090
363.000000000000	0.000000018994
363.500000000000	0.000000018940
364.000000000000	0.000000018662
364.500000000000	0.000000018219
365.000000000000	0.000000018834
365.500000000000	0.000000018850
366.000000000000	0.000000018980
366.500000000000	0.000000018571
367.000000000000	0.000000019147
367.500000000000	0.000000019054
368.000000000000	0.000000018612
368.500000000000	0.000000018155
369.000000000000	0.000000017968
369.500000000000	0.000000017926
370.000000000000	0.000000018037
370.500000000000	0.000000018118
371.000000000000	0.000000018185
371.500000000000	0.000000018249
372.000000000000	0.000000018314
372.500000000000	0.000000018344
373.000000000000	0.000000018405
373.500000000000	0.000000018397
374.000000000000	0.000000018511
374.500000000000	0.000000018693
375.000000000000	0.000000018559
375.500000000000	0.000000018501
376.000000000000	0.000000018596
376.500000000000	0.000000018680
377.000000000000	0.000000018616
377.500000000000	0.000000018591
378.000000000000	0.000000018593
378.500000000000	0.000000018616
379.000000000000	0.000000018610
379.500000000000	0.000000018593
380.000000000000	0.000000018594
380.500000000000	0.000000018621
381.000000000000	0.000000018597
381.500000000000	0.000000018606
382.000000000000	0.000000018614
382.500000000000	0.000000018632
383.000000000000	0.000000018609
383.500000000000	0.000000018573
384.000000000000	0.000000018724
384.500000000000	0.000000018714
385.000000000000	0.000000018555
385.500000000000	0.000000019157
386.000000000000	0.000000018876
386.500000000000	0.000000018649
387.000000000000	0.000000018616
387.500000000000	0.000000018591
388.000000000000	0.000000018584
388.500000000000	0.000000018585
389.000000000000	0.000000018614
389.500000000000	0.000000018585
390.000000000000	0.000000018583
390.500000000000	0.000000018615
391.000000000000	0.000000018616
391.500000000000	0.000000018620
392.000000000000	0.000000018604
392.500000000000	0.000000018616
393.000000000000	0.000000018583
393.500000000000	0.000000018598
394.000000000000	0.000000018617
394.500000000000	0.000000018613
395.000000000000	0.000000018227
395.500000000000	0.000000018273
396.000000000000	0.000000018187
396.500000000000	0.000000018442
397.000000000000	0.000000018474
397.500000000000	0.000000018501
398.000000000000	0.000000018551
398.500000000000	0.000000018585
399.000000000000	0.000000018563
399.500000000000	0.000000018594
400.000000000000	0.000000018595
400.500000000000	0.000000018594
401.000000000000	0.000000018613
401.500000000000	0.000000018608
402.000000000000	0.000000018641
402.500000000000	0.000000018598
403.000000000000	0.000000018617
403.500000000000	0.000000018627
404.000000000000	0.000000018658
404.500000000000	0.000000018661
405.000000000000	0.000000018551
405.500000000000	0.000000018134
406.000000000000	0.000000016525
406.500000000000	0.000000017205
407.000000000000	0.000000017880
407.500000000000	0.000000018801
408.000000000000	0.000000019258
408.500000000000	0.000000019122
409.000000000000	0.000000018952
409.500000000000	0.000000018896
410.000000000000	0.000000018886
410.500000000000	0.000000018843
411.000000000000	0.000000018920
411.500000000000	0.000000018905
412.000000000000	0.000000018898
412.500000000000	0.000000018905
413.000000000000	0.000000018882
413.500000000000	0.000000018849
414.000000000000	0.000000018824
414.500000000000	0.000000018839
415.000000000000	0.000000018808
415.500000000000	0.000000018770
416.000000000000	0.000000018748
416.500000000000	0.000000018784
417.000000000000	0.000000018786
417.500000000000	0.000000018745
418.000000000000	0.000000018725
418.500000000000	0.000000018736
419.000000000000	0.000000018725
419.500000000000	0.000000018723
420.000000000000	0.000000018814
420.500000000000	0.000000018857
421.000000000000	0.000000018818
421.500000000000	0.000000018792
422.000000000000	0.000000018784
422.500000000000	0.000000018764
423.000000000000	0.000000018756
423.500000000000	0.000000018761
424.000000000000	0.000000018750
424.500000000000	0.000000018762
425.000000000000	0.000000018746
425.500000000000	0.000000018741
426.000000000000	0.000000018727
426.500000000000	0.000000018747
427.000000000000	0.000000018704
427.500000000000	0.000000018706
428.000000000000	0.000000018725
428.500000000000	0.000000018715
429.000000000000	0.000000018702
429.500000000000	0.000000018676
430.000000000000	0.000000018639
430.500000000000	0.000000018559
431.000000000000	0.000000018681
431.500000000000	0.000000018727
432.000000000000	0.000000018617
432.500000000000	0.000000018686
433.000000000000	0.000000018740
433.500000000000	0.000000018714
434.000000000000	0.000000018736
434.500000000000	0.000000018739
435.000000000000	0.000000018847
435.500000000000	0.000000018824
436.000000000000	0.000000018810
436.500000000000	0.000000018861
437.000000000000	0.000000018713
437.500000000000	0.000000018696
438.000000000000	0.000000018674
438.500000000000	0.000000018698
439.000000000000	0.000000018666
439.500000000000	0.000000018700
440.000000000000	0.000000018682
440.500000000000	0.000000018695
441.000000000000	0.000000018692
441.500000000000	0.000000018701
442.000000000000	0.000000018707
442.500000000000	0.000000018722
443.000000000000	0.000000018692
443.500000000000	0.000000018713
444.000000000000	0.000000018703
444.500000000000	0.000000018722
445.000000000000	0.000000018691
445.500000000000	0.000000018685
446.000000000000	0.000000018689
446.500000000000	0.000000018687
447.000000000000	0.000000018692
447.500000000000	0.000000018673
448.000000000000	0.000000018673
448.500000000000	0.000000018694
449.000000000000	0.000000018680
449.500000000000	0.000000018693
450.000000000000	0.000000018676
450.500000000000	0.000000018662
451.000000000000	0.000000018685
451.500000000000	0.000000018687
452.000000000000	0.000000018671
452.500000000000	0.000000018696
453.000000000000	0.000000018673
453.500000000000	0.000000018679
454.000000000000	0.000000018667
454.500000000000	0.000000018680
455.000000000000	0.000000018665
455.500000000000	0.000000018689
456.000000000000	0.000000018675
456.500000000000	0.000000018673
457.000000000000	0.000000018676
457.500000000000	0.000000018684
458.000000000000	0.000000018699
458.500000000000	0.000000018676
459.000000000000	0.000000018675
459.500000000000	0.000000018659
460.000000000000	0.000000018657
460.500000000000	0.000000018650
461.000000000000	0.000000018662
461.500000000000	0.000000018675
462.000000000000	0.000000018670
462.500000000000	0.000000018679
463.000000000000	0.000000018689
463.500000000000	0.000000018689
464.000000000000	0.000000018695
464.500000000000	0.000000018692
465.000000000000	0.000000018699
465.500000000000	0.000000018693
466.000000000000	0.000000018683
466.500000000000	0.000000018718
467.000000000000	0.000000018700
467.500000000000	0.000000018690
468.000000000000	0.000000018680
468.500000000000	0.000000018696
469.000000000000	0.000000018660
469.500000000000	0.000000018687
470.000000000000	0.000000018684
470.500000000000	0.000000018691
471.000000000000	0.000000018691
471.500000000000	0.000000018673
472.000000000000	0.000000018667
472.500000000000	0.000000018656
473.000000000000	0.000000018649
473.500000000000	0.000000018673
474.000000000000	0.000000018669
474.500000000000	0.000000018659
475.000000000000	0.000000018660
475.500000000000	0.000000018635
476.000000000000	0.000000018642
476.500000000000	0.000000018656
477.000000000000	0.000000018628
477.500000000000	0.000000018630
478.000000000000	0.000000018633
478.500000000000	0.000000018615
479.000000000000	0.000000018619
479.500000000000	0.000000018623
480.000000000000	0.000000018632
480.500000000000	0.000000018619
481.000000000000	0.000000018792
481.500000000000	0.000000018658
482.000000000000	0.000000018644
482.500000000000	0.000000018646
483.000000000000	0.000000018617
483.500000000000	0.000000018610
484.000000000000	0.000000018632
484.500000000000	0.000000018634
485.000000000000	0.000000018661
485.500000000000	0.000000018659
486.000000000000	0.000000018654
486.500000000000	0.000000018641
487.000000000000	0.000000018639
487.500000000000	0.000000018659
488.000000000000	0.000000018630
488.500000000000	0.000000018609
489.000000000000	0.000000018623
489.500000000000	0.000000018621
490.000000000000	0.000000018641
490.500000000000	0.000000018612
491.000000000000	0.000000018602
491.500000000000	0.000000018620
492.000000000000	0.000000018641
492.500000000000	0.000000018618
493.000000000000	0.000000018609
493.500000000000	0.000000018624
494.000000000000	0.000000018635
494.500000000000	0.000000018613
495.000000000000	0.000000018634
495.500000000000	0.000000018613
496.000000000000	0.000000018622
496.500000000000	0.000000018622
497.000000000000	0.000000018617
497.500000000000	0.000000018627
498.000000000000	0.000000018623
498.500000000000	0.000000018635
499.000000000000	0.000000018621
499.500000000000	0.000000018633
