t (s)	Ids (Amps)
0.000000000000	0.000000015616
0.500000000000	0.000000015630
1.000000000000	0.000000015624
1.500000000000	0.000000015608
2.000000000000	0.000000015640
2.500000000000	0.000000015565
3.000000000000	0.000000015586
3.500000000000	0.000000015594
4.000000000000	0.000000015573
4.500000000000	0.000000015555
5.000000000000	0.000000015569
5.500000000000	0.000000015567
6.000000000000	0.000000015566
6.500000000000	0.000000015601
7.000000000000	0.000000015649
7.500000000000	0.000000015719
8.000000000000	0.000000015763
8.500000000000	0.000000015764
9.000000000000	0.000000015745
9.500000000000	0.000000015724
10.000000000000	0.000000015679
10.500000000000	0.000000015607
11.000000000000	0.000000015601
11.500000000000	0.000000015580
12.000000000000	0.000000015593
12.500000000000	0.000000015551
13.000000000000	0.000000015587
13.500000000000	0.000000015532
14.000000000000	0.000000015580
14.500000000000	0.000000015542
15.000000000000	0.000000015527
15.500000000000	0.000000015647
16.000000000000	0.000000015592
16.500000000000	0.000000015608
17.000000000000	0.000000015560
17.500000000000	0.000000015506
18.000000000000	0.000000015502
18.500000000000	0.000000015511
19.000000000000	0.000000015529
19.500000000000	0.000000015513
20.000000000000	0.000000015481
20.500000000000	0.000000015495
21.000000000000	0.000000015492
21.500000000000	0.000000015504
22.000000000000	0.000000015548
22.500000000000	0.000000015526
23.000000000000	0.000000015534
23.500000000000	0.000000015503
24.000000000000	0.000000012057
24.500000000000	0.000000005028
25.000000000000	0.000000000457
25.500000000000	0.000000000956
26.000000000000	0.000000000596
26.500000000000	0.000000000203
27.000000000000	0.000000000089
27.500000000000	-0.000000001721
28.000000000000	-0.000000000114
28.500000000000	-0.000000000133
29.000000000000	-0.000000000092
29.500000000000	-0.000000000109
30.000000000000	-0.000000000047
30.500000000000	-0.000000000030
31.000000000000	-0.000000000002
31.500000000000	0.000000000025
32.000000000000	0.000000000042
32.500000000000	0.000000000062
33.000000000000	0.000000000094
33.500000000000	0.000000000116
34.000000000000	0.000000000134
34.500000000000	0.000000000148
35.000000000000	0.000000000167
35.500000000000	0.000000000185
36.000000000000	0.000000000179
36.500000000000	0.000000000200
37.000000000000	0.000000000216
37.500000000000	0.000000000213
38.000000000000	0.000000000232
38.500000000000	0.000000000236
39.000000000000	0.000000000234
39.500000000000	0.000000000243
40.000000000000	0.000000000244
40.500000000000	0.000000000260
41.000000000000	0.000000000249
41.500000000000	0.000000000261
42.000000000000	0.000000000269
42.500000000000	0.000000000258
43.000000000000	0.000000000263
43.500000000000	0.000000000266
44.000000000000	0.000000000269
44.500000000000	0.000000000266
45.000000000000	0.000000000272
45.500000000000	0.000000000263
46.000000000000	0.000000000267
46.500000000000	0.000000000265
47.000000000000	0.000000000280
47.500000000000	0.000000000265
48.000000000000	0.000000000264
48.500000000000	0.000000000263
49.000000000000	0.000000000267
49.500000000000	0.000000000261
50.000000000000	0.000000000266
50.500000000000	0.000000000281
51.000000000000	0.000000000271
51.500000000000	0.000000000274
52.000000000000	0.000000000261
52.500000000000	0.000000000260
53.000000000000	0.000000000256
53.500000000000	0.000000000261
54.000000000000	0.000000000271
54.500000000000	0.000000000262
55.000000000000	0.000000000266
55.500000000000	0.000000002443
56.000000000000	0.000000006733
56.500000000000	0.000000013372
57.000000000000	0.000000017436
57.500000000000	0.000000021755
58.000000000000	0.000000025698
58.500000000000	0.000000028148
59.000000000000	0.000000031849
59.500000000000	0.000000033389
60.000000000000	0.000000032137
60.500000000000	0.000000031431
61.000000000000	0.000000030850
61.500000000000	0.000000030310
62.000000000000	0.000000029797
62.500000000000	0.000000029379
63.000000000000	0.000000028013
63.500000000000	0.000000025600
64.000000000000	0.000000025284
64.500000000000	0.000000019879
65.000000000000	0.000000013052
65.500000000000	0.000000025043
66.000000000000	0.000000020886
66.500000000000	0.000000021496
67.000000000000	0.000000018197
67.500000000000	0.000000015557
68.000000000000	0.000000026849
68.500000000000	0.000000025452
69.000000000000	0.000000024901
69.500000000000	0.000000024606
70.000000000000	0.000000024442
70.500000000000	0.000000027355
71.000000000000	0.000000027051
71.500000000000	0.000000026825
72.000000000000	0.000000026596
72.500000000000	0.000000026409
73.000000000000	0.000000026247
73.500000000000	0.000000026103
74.000000000000	0.000000025945
74.500000000000	0.000000025778
75.000000000000	0.000000025656
75.500000000000	0.000000025556
76.000000000000	0.000000025468
76.500000000000	0.000000025366
77.000000000000	0.000000025288
77.500000000000	0.000000025194
78.000000000000	0.000000025090
78.500000000000	0.000000025033
79.000000000000	0.000000024984
79.500000000000	0.000000024923
80.000000000000	0.000000024855
80.500000000000	0.000000024762
81.000000000000	0.000000024770
81.500000000000	0.000000024736
82.000000000000	0.000000024655
82.500000000000	0.000000024652
83.000000000000	0.000000024613
83.500000000000	0.000000024584
84.000000000000	0.000000024577
84.500000000000	0.000000024541
85.000000000000	0.000000027363
85.500000000000	0.000000033964
86.000000000000	0.000000036451
86.500000000000	0.000000037114
87.000000000000	0.000000036341
87.500000000000	0.000000035835
88.000000000000	0.000000035440
88.500000000000	0.000000035125
89.000000000000	0.000000034841
89.500000000000	0.000000034613
90.000000000000	0.000000034400
90.500000000000	0.000000034206
91.000000000000	0.000000034075
91.500000000000	0.000000033890
92.000000000000	0.000000029328
92.500000000000	0.000000021029
93.000000000000	0.000000011355
93.500000000000	0.000000010797
94.000000000000	0.000000011741
94.500000000000	0.000000012373
95.000000000000	0.000000012983
95.500000000000	0.000000013484
96.000000000000	0.000000013904
96.500000000000	0.000000014336
97.000000000000	0.000000014667
97.500000000000	0.000000014932
98.000000000000	0.000000015202
98.500000000000	0.000000015414
99.000000000000	0.000000015582
99.500000000000	0.000000015773
100.000000000000	0.000000015961
100.500000000000	0.000000016100
101.000000000000	0.000000016227
101.500000000000	0.000000016379
102.000000000000	0.000000016479
102.500000000000	0.000000016575
103.000000000000	0.000000016662
103.500000000000	0.000000016751
104.000000000000	0.000000016829
104.500000000000	0.000000016904
105.000000000000	0.000000016982
105.500000000000	0.000000017053
106.000000000000	0.000000017091
106.500000000000	0.000000017155
107.000000000000	0.000000017192
107.500000000000	0.000000017210
108.000000000000	0.000000017291
108.500000000000	0.000000017362
109.000000000000	0.000000017400
109.500000000000	0.000000017412
110.000000000000	0.000000017429
110.500000000000	0.000000017477
111.000000000000	0.000000017506
111.500000000000	0.000000017530
112.000000000000	0.000000017581
112.500000000000	0.000000017618
113.000000000000	0.000000017655
113.500000000000	0.000000017673
114.000000000000	0.000000017658
114.500000000000	0.000000017670
115.000000000000	0.000000017734
115.500000000000	0.000000017753
116.000000000000	0.000000017763
116.500000000000	0.000000017775
117.000000000000	0.000000017642
117.500000000000	0.000000017898
118.000000000000	0.000000017906
118.500000000000	0.000000017895
119.000000000000	0.000000017896
119.500000000000	0.000000017940
120.000000000000	0.000000017908
120.500000000000	0.000000017943
121.000000000000	0.000000017986
121.500000000000	0.000000017983
122.000000000000	0.000000017974
122.500000000000	0.000000018000
123.000000000000	0.000000018001
123.500000000000	0.000000018015
124.000000000000	0.000000018038
124.500000000000	0.000000018037
125.000000000000	0.000000018038
125.500000000000	0.000000018073
126.000000000000	0.000000018076
126.500000000000	0.000000018097
127.000000000000	0.000000018118
127.500000000000	0.000000018068
128.000000000000	0.000000018091
128.500000000000	0.000000018149
129.000000000000	0.000000018156
129.500000000000	0.000000018148
130.000000000000	0.000000018129
130.500000000000	0.000000018181
131.000000000000	0.000000018172
131.500000000000	0.000000018175
132.000000000000	0.000000018153
132.500000000000	0.000000018208
133.000000000000	0.000000018193
133.500000000000	0.000000018186
134.000000000000	0.000000018231
134.500000000000	0.000000018229
135.000000000000	0.000000018234
135.500000000000	0.000000018259
136.000000000000	0.000000018261
136.500000000000	0.000000018260
137.000000000000	0.000000018288
137.500000000000	0.000000018312
138.000000000000	0.000000018314
138.500000000000	0.000000018337
139.000000000000	0.000000018319
139.500000000000	0.000000018319
140.000000000000	0.000000018362
140.500000000000	0.000000018333
141.000000000000	0.000000018351
141.500000000000	0.000000018348
142.000000000000	0.000000018370
142.500000000000	0.000000018395
143.000000000000	0.000000018371
143.500000000000	0.000000018388
144.000000000000	0.000000018407
144.500000000000	0.000000018402
145.000000000000	0.000000018391
145.500000000000	0.000000018422
146.000000000000	0.000000018448
146.500000000000	0.000000018448
147.000000000000	0.000000018475
147.500000000000	0.000000018485
148.000000000000	0.000000018454
148.500000000000	0.000000018472
149.000000000000	0.000000018447
149.500000000000	0.000000018469
150.000000000000	0.000000018493
150.500000000000	0.000000018453
151.000000000000	0.000000018502
151.500000000000	0.000000018531
152.000000000000	0.000000018525
152.500000000000	0.000000018569
153.000000000000	0.000000018537
153.500000000000	0.000000018547
154.000000000000	0.000000018546
154.500000000000	0.000000018567
155.000000000000	0.000000018552
155.500000000000	0.000000018567
156.000000000000	0.000000018615
156.500000000000	0.000000018634
157.000000000000	0.000000018606
157.500000000000	0.000000018608
158.000000000000	0.000000018601
158.500000000000	0.000000018616
159.000000000000	0.000000018645
159.500000000000	0.000000018675
160.000000000000	0.000000018655
160.500000000000	0.000000018654
161.000000000000	0.000000018655
161.500000000000	0.000000018681
162.000000000000	0.000000018672
162.500000000000	0.000000018682
163.000000000000	0.000000018715
163.500000000000	0.000000018732
164.000000000000	0.000000018679
164.500000000000	0.000000018717
165.000000000000	0.000000018711
165.500000000000	0.000000018697
166.000000000000	0.000000018698
166.500000000000	0.000000018732
167.000000000000	0.000000018748
167.500000000000	0.000000018731
168.000000000000	0.000000018737
168.500000000000	0.000000018754
169.000000000000	0.000000018741
169.500000000000	0.000000018761
170.000000000000	0.000000018758
170.500000000000	0.000000018784
171.000000000000	0.000000018769
171.500000000000	0.000000018771
172.000000000000	0.000000018792
172.500000000000	0.000000018792
173.000000000000	0.000000018811
173.500000000000	0.000000018837
174.000000000000	0.000000018810
174.500000000000	0.000000018809
175.000000000000	0.000000018869
175.500000000000	0.000000018802
176.000000000000	0.000000018833
176.500000000000	0.000000018837
177.000000000000	0.000000018829
177.500000000000	0.000000018828
178.000000000000	0.000000018852
178.500000000000	0.000000018854
179.000000000000	0.000000018837
179.500000000000	0.000000018849
