t (s)	Ids (Amps)
0.000000000000	0.000000001041
0.500000000000	0.000000001043
1.000000000000	0.000000001059
1.500000000000	0.000000001038
2.000000000000	0.000000001024
2.500000000000	0.000000001019
3.000000000000	0.000000001001
3.500000000000	0.000000001020
4.000000000000	0.000000001025
4.500000000000	0.000000001016
5.000000000000	0.000000001002
5.500000000000	0.000000001039
6.000000000000	0.000000001053
6.500000000000	0.000000001052
7.000000000000	0.000000001057
7.500000000000	0.000000001057
8.000000000000	0.000000001043
8.500000000000	0.000000001049
9.000000000000	0.000000001052
9.500000000000	0.000000001058
10.000000000000	0.000000001076
10.500000000000	0.000000001059
11.000000000000	0.000000001070
11.500000000000	0.000000001080
12.000000000000	0.000000001071
12.500000000000	0.000000001064
13.000000000000	0.000000001073
13.500000000000	0.000000001057
14.000000000000	0.000000001056
14.500000000000	0.000000001078
15.000000000000	0.000000001066
15.500000000000	0.000000001064
16.000000000000	0.000000001062
16.500000000000	0.000000001064
17.000000000000	0.000000001053
17.500000000000	0.000000001065
18.000000000000	0.000000001075
18.500000000000	0.000000001064
19.000000000000	0.000000001060
19.500000000000	0.000000001060
20.000000000000	0.000000001077
20.500000000000	0.000000001090
21.000000000000	0.000000001084
21.500000000000	0.000000001080
22.000000000000	0.000000001083
22.500000000000	0.000000001109
23.000000000000	0.000000001115
23.500000000000	0.000000001101
24.000000000000	0.000000001068
24.500000000000	0.000000001057
25.000000000000	0.000000001077
25.500000000000	0.000000001058
26.000000000000	0.000000001084
26.500000000000	0.000000001110
27.000000000000	0.000000001096
27.500000000000	0.000000001099
28.000000000000	0.000000001116
28.500000000000	0.000000001105
29.000000000000	0.000000001112
29.500000000000	0.000000001106
30.000000000000	0.000000001111
30.500000000000	0.000000001101
31.000000000000	0.000000001102
31.500000000000	0.000000001112
32.000000000000	0.000000001093
32.500000000000	0.000000001104
33.000000000000	0.000000001099
33.500000000000	0.000000001115
34.000000000000	0.000000001086
34.500000000000	0.000000001085
35.000000000000	0.000000001148
35.500000000000	0.000000001356
36.000000000000	0.000000001361
36.500000000000	0.000000001193
37.000000000000	0.000000001251
37.500000000000	0.000000001109
38.000000000000	0.000000001021
38.500000000000	0.000000001107
39.000000000000	0.000000001137
39.500000000000	0.000000001187
40.000000000000	0.000000001171
40.500000000000	0.000000001120
41.000000000000	0.000000001102
41.500000000000	0.000000001115
42.000000000000	0.000000001090
42.500000000000	0.000000001022
43.000000000000	0.000000000991
43.500000000000	0.000000001041
44.000000000000	0.000000001242
44.500000000000	0.000000001194
45.000000000000	0.000000001013
45.500000000000	0.000000001035
46.000000000000	0.000000001061
46.500000000000	0.000000001094
47.000000000000	0.000000001101
47.500000000000	0.000000001109
48.000000000000	0.000000001120
48.500000000000	0.000000001121
49.000000000000	0.000000001131
49.500000000000	0.000000001137
50.000000000000	0.000000001123
50.500000000000	0.000000001128
51.000000000000	0.000000001126
51.500000000000	0.000000001134
52.000000000000	0.000000001141
52.500000000000	0.000000001130
53.000000000000	0.000000001143
53.500000000000	0.000000001135
54.000000000000	0.000000001126
54.500000000000	0.000000001110
55.000000000000	0.000000001111
55.500000000000	0.000000001109
56.000000000000	0.000000001128
56.500000000000	0.000000001129
57.000000000000	0.000000001121
57.500000000000	0.000000001117
58.000000000000	0.000000001128
58.500000000000	0.000000001124
59.000000000000	0.000000001130
59.500000000000	0.000000001124
60.000000000000	0.000000001136
60.500000000000	0.000000001132
61.000000000000	0.000000001133
61.500000000000	0.000000001127
62.000000000000	0.000000001138
62.500000000000	0.000000001142
63.000000000000	0.000000001136
63.500000000000	0.000000001116
64.000000000000	0.000000001127
64.500000000000	0.000000001130
65.000000000000	0.000000001130
65.500000000000	0.000000001124
66.000000000000	0.000000001111
66.500000000000	0.000000001119
67.000000000000	0.000000001121
67.500000000000	0.000000001125
68.000000000000	0.000000001110
68.500000000000	0.000000001130
69.000000000000	0.000000001143
69.500000000000	0.000000001133
70.000000000000	0.000000001148
70.500000000000	0.000000001119
71.000000000000	0.000000001137
71.500000000000	0.000000001131
72.000000000000	0.000000001127
72.500000000000	0.000000001116
73.000000000000	0.000000001128
73.500000000000	0.000000001115
74.000000000000	0.000000001121
74.500000000000	0.000000001149
75.000000000000	0.000000001142
75.500000000000	0.000000001126
76.000000000000	0.000000001131
76.500000000000	0.000000001128
77.000000000000	0.000000001116
77.500000000000	0.000000001119
78.000000000000	0.000000001141
78.500000000000	0.000000001130
79.000000000000	0.000000001150
79.500000000000	0.000000001149
80.000000000000	0.000000001148
80.500000000000	0.000000001156
81.000000000000	0.000000001156
81.500000000000	0.000000001160
82.000000000000	0.000000001146
82.500000000000	0.000000001156
83.000000000000	0.000000001139
83.500000000000	0.000000001149
84.000000000000	0.000000001150
84.500000000000	0.000000001151
85.000000000000	0.000000001154
85.500000000000	0.000000001151
86.000000000000	0.000000001171
86.500000000000	0.000000001164
87.000000000000	0.000000001174
87.500000000000	0.000000001159
88.000000000000	0.000000001156
88.500000000000	0.000000001173
89.000000000000	0.000000001165
89.500000000000	0.000000001178
90.000000000000	0.000000001176
90.500000000000	0.000000001161
91.000000000000	0.000000001176
91.500000000000	0.000000001168
92.000000000000	0.000000001167
92.500000000000	0.000000001156
93.000000000000	0.000000001147
93.500000000000	0.000000001151
94.000000000000	0.000000001147
94.500000000000	0.000000001162
95.000000000000	0.000000001151
95.500000000000	0.000000001147
96.000000000000	0.000000001170
96.500000000000	0.000000001150
97.000000000000	0.000000001158
97.500000000000	0.000000001150
98.000000000000	0.000000001150
98.500000000000	0.000000001154
99.000000000000	0.000000001139
99.500000000000	0.000000001146
100.000000000000	0.000000001142
100.500000000000	0.000000001147
101.000000000000	0.000000001137
101.500000000000	0.000000001151
102.000000000000	0.000000001148
102.500000000000	0.000000001150
103.000000000000	0.000000001142
103.500000000000	0.000000001140
104.000000000000	0.000000001135
104.500000000000	0.000000001158
105.000000000000	0.000000001146
105.500000000000	0.000000001148
106.000000000000	0.000000001140
106.500000000000	0.000000001147
107.000000000000	0.000000001142
107.500000000000	0.000000001146
108.000000000000	0.000000001153
108.500000000000	0.000000001149
109.000000000000	0.000000001145
109.500000000000	0.000000001136
110.000000000000	0.000000001153
110.500000000000	0.000000001142
111.000000000000	0.000000001148
111.500000000000	0.000000001168
112.000000000000	0.000000001156
112.500000000000	0.000000001130
113.000000000000	0.000000001153
113.500000000000	0.000000001141
114.000000000000	0.000000001134
114.500000000000	0.000000001139
115.000000000000	0.000000001149
115.500000000000	0.000000001152
116.000000000000	0.000000001151
116.500000000000	0.000000001165
117.000000000000	0.000000001147
117.500000000000	0.000000001154
118.000000000000	0.000000001147
118.500000000000	0.000000001147
119.000000000000	0.000000001153
119.500000000000	0.000000001144
120.000000000000	0.000000001156
120.500000000000	0.000000001163
121.000000000000	0.000000001157
121.500000000000	0.000000001156
122.000000000000	0.000000001146
122.500000000000	0.000000001159
123.000000000000	0.000000001138
123.500000000000	0.000000001174
124.000000000000	0.000000001171
124.500000000000	0.000000001184
125.000000000000	0.000000001174
125.500000000000	0.000000001159
126.000000000000	0.000000001169
126.500000000000	0.000000001155
127.000000000000	0.000000001157
127.500000000000	0.000000001165
128.000000000000	0.000000001153
128.500000000000	0.000000001161
129.000000000000	0.000000001165
129.500000000000	0.000000001169
130.000000000000	0.000000001158
130.500000000000	0.000000001157
131.000000000000	0.000000001158
131.500000000000	0.000000001172
132.000000000000	0.000000001182
132.500000000000	0.000000001177
133.000000000000	0.000000001165
133.500000000000	0.000000001176
134.000000000000	0.000000001167
134.500000000000	0.000000001178
135.000000000000	0.000000001184
135.500000000000	0.000000001195
136.000000000000	0.000000001167
136.500000000000	0.000000001177
137.000000000000	0.000000001202
137.500000000000	0.000000001189
138.000000000000	0.000000001198
138.500000000000	0.000000001186
139.000000000000	0.000000001185
139.500000000000	0.000000001176
140.000000000000	0.000000001183
140.500000000000	0.000000001190
141.000000000000	0.000000001179
141.500000000000	0.000000001194
142.000000000000	0.000000001188
142.500000000000	0.000000001186
143.000000000000	0.000000001180
143.500000000000	0.000000001176
144.000000000000	0.000000001188
144.500000000000	0.000000001179
145.000000000000	0.000000001172
145.500000000000	0.000000001195
146.000000000000	0.000000001184
146.500000000000	0.000000001160
147.000000000000	0.000000001188
147.500000000000	0.000000001194
148.000000000000	0.000000001165
148.500000000000	0.000000001161
149.000000000000	0.000000001175
149.500000000000	0.000000001170
150.000000000000	0.000000001164
150.500000000000	0.000000001175
151.000000000000	0.000000001168
151.500000000000	0.000000001161
152.000000000000	0.000000001171
152.500000000000	0.000000001174
153.000000000000	0.000000001162
153.500000000000	0.000000001171
154.000000000000	0.000000001159
154.500000000000	0.000000001177
155.000000000000	0.000000001175
155.500000000000	0.000000001168
156.000000000000	0.000000001175
156.500000000000	0.000000001174
157.000000000000	0.000000001172
157.500000000000	0.000000001184
158.000000000000	0.000000001175
158.500000000000	0.000000001178
159.000000000000	0.000000001172
159.500000000000	0.000000001185
160.000000000000	0.000000001177
160.500000000000	0.000000001171
161.000000000000	0.000000001173
161.500000000000	0.000000001177
162.000000000000	0.000000001168
162.500000000000	0.000000001181
163.000000000000	0.000000001186
163.500000000000	0.000000001205
164.000000000000	0.000000001194
164.500000000000	0.000000001185
165.000000000000	0.000000001191
165.500000000000	0.000000001192
166.000000000000	0.000000001193
166.500000000000	0.000000001188
167.000000000000	0.000000001179
167.500000000000	0.000000001170
168.000000000000	0.000000001186
168.500000000000	0.000000001175
169.000000000000	0.000000001184
169.500000000000	0.000000001191
170.000000000000	0.000000001184
170.500000000000	0.000000001177
171.000000000000	0.000000001192
171.500000000000	0.000000001190
172.000000000000	0.000000001184
172.500000000000	0.000000001190
173.000000000000	0.000000001185
173.500000000000	0.000000001181
174.000000000000	0.000000001199
174.500000000000	0.000000001194
175.000000000000	0.000000001178
175.500000000000	0.000000001170
176.000000000000	0.000000001185
176.500000000000	0.000000001172
177.000000000000	0.000000001154
177.500000000000	0.000000001172
178.000000000000	0.000000001178
178.500000000000	0.000000001201
179.000000000000	0.000000001202
179.500000000000	0.000000001187
180.000000000000	0.000000001182
180.500000000000	0.000000001180
181.000000000000	0.000000001181
181.500000000000	0.000000001182
182.000000000000	0.000000001182
182.500000000000	0.000000001177
183.000000000000	0.000000001189
183.500000000000	0.000000001186
184.000000000000	0.000000001191
184.500000000000	0.000000001199
185.000000000000	0.000000001204
185.500000000000	0.000000001201
186.000000000000	0.000000001194
186.500000000000	0.000000001194
187.000000000000	0.000000001192
187.500000000000	0.000000001211
188.000000000000	0.000000001202
188.500000000000	0.000000001209
189.000000000000	0.000000001201
189.500000000000	0.000000001206
190.000000000000	0.000000001204
190.500000000000	0.000000001184
191.000000000000	0.000000001200
191.500000000000	0.000000001201
192.000000000000	0.000000001199
192.500000000000	0.000000001202
193.000000000000	0.000000001190
193.500000000000	0.000000001211
194.000000000000	0.000000001202
194.500000000000	0.000000001207
195.000000000000	0.000000001218
195.500000000000	0.000000001208
196.000000000000	0.000000001219
196.500000000000	0.000000001210
197.000000000000	0.000000001197
197.500000000000	0.000000001219
198.000000000000	0.000000001216
198.500000000000	0.000000001207
199.000000000000	0.000000001207
199.500000000000	0.000000001205
200.000000000000	0.000000001212
200.500000000000	0.000000001213
201.000000000000	0.000000001208
201.500000000000	0.000000001208
202.000000000000	0.000000001214
202.500000000000	0.000000001203
203.000000000000	0.000000001202
203.500000000000	0.000000001193
204.000000000000	0.000000001190
204.500000000000	0.000000001191
205.000000000000	0.000000001191
205.500000000000	0.000000001190
206.000000000000	0.000000001196
206.500000000000	0.000000001197
207.000000000000	0.000000001190
207.500000000000	0.000000001194
208.000000000000	0.000000001188
208.500000000000	0.000000001218
209.000000000000	0.000000001189
209.500000000000	0.000000001217
210.000000000000	0.000000001213
210.500000000000	0.000000001211
211.000000000000	0.000000001188
211.500000000000	0.000000001200
212.000000000000	0.000000001213
212.500000000000	0.000000001203
213.000000000000	0.000000001206
213.500000000000	0.000000001214
214.000000000000	0.000000001213
214.500000000000	0.000000001239
215.000000000000	0.000000001214
215.500000000000	0.000000001207
216.000000000000	0.000000001219
216.500000000000	0.000000001216
217.000000000000	0.000000001206
217.500000000000	0.000000001208
218.000000000000	0.000000001217
218.500000000000	0.000000001214
219.000000000000	0.000000001204
219.500000000000	0.000000001207
220.000000000000	0.000000001205
220.500000000000	0.000000001192
221.000000000000	0.000000001192
221.500000000000	0.000000001206
222.000000000000	0.000000001205
222.500000000000	0.000000001190
223.000000000000	0.000000001204
223.500000000000	0.000000001209
224.000000000000	0.000000001205
224.500000000000	0.000000001205
225.000000000000	0.000000001195
225.500000000000	0.000000001212
226.000000000000	0.000000001189
226.500000000000	0.000000001171
227.000000000000	0.000000001187
227.500000000000	0.000000001195
228.000000000000	0.000000001189
228.500000000000	0.000000001191
229.000000000000	0.000000001207
229.500000000000	0.000000001197
230.000000000000	0.000000001194
230.500000000000	0.000000001198
231.000000000000	0.000000001197
231.500000000000	0.000000001186
232.000000000000	0.000000001203
232.500000000000	0.000000001209
233.000000000000	0.000000001215
233.500000000000	0.000000001201
234.000000000000	0.000000001205
234.500000000000	0.000000001217
235.000000000000	0.000000001214
235.500000000000	0.000000001215
236.000000000000	0.000000001203
236.500000000000	0.000000001214
237.000000000000	0.000000001214
237.500000000000	0.000000001219
238.000000000000	0.000000001205
238.500000000000	0.000000001211
239.000000000000	0.000000001207
239.500000000000	0.000000001210
240.000000000000	0.000000001204
240.500000000000	0.000000001207
241.000000000000	0.000000001223
241.500000000000	0.000000001206
242.000000000000	0.000000001224
242.500000000000	0.000000001228
243.000000000000	0.000000001231
243.500000000000	0.000000001234
244.000000000000	0.000000001234
244.500000000000	0.000000001226
245.000000000000	0.000000001229
245.500000000000	0.000000001215
246.000000000000	0.000000001225
246.500000000000	0.000000001228
247.000000000000	0.000000001203
247.500000000000	0.000000001209
248.000000000000	0.000000001217
248.500000000000	0.000000001200
249.000000000000	0.000000001206
249.500000000000	0.000000001217
250.000000000000	0.000000001222
250.500000000000	0.000000001225
251.000000000000	0.000000001227
251.500000000000	0.000000001212
252.000000000000	0.000000001220
252.500000000000	0.000000001217
253.000000000000	0.000000001226
253.500000000000	0.000000001209
254.000000000000	0.000000001227
254.500000000000	0.000000001237
255.000000000000	0.000000001230
255.500000000000	0.000000001241
256.000000000000	0.000000001233
256.500000000000	0.000000001226
257.000000000000	0.000000001224
257.500000000000	0.000000001235
258.000000000000	0.000000001234
258.500000000000	0.000000001230
259.000000000000	0.000000001236
259.500000000000	0.000000001233
260.000000000000	0.000000001236
260.500000000000	0.000000001215
261.000000000000	0.000000001221
261.500000000000	0.000000001236
262.000000000000	0.000000001233
262.500000000000	0.000000001224
263.000000000000	0.000000001234
263.500000000000	0.000000001239
264.000000000000	0.000000001233
264.500000000000	0.000000001228
265.000000000000	0.000000001221
265.500000000000	0.000000001226
266.000000000000	0.000000001230
266.500000000000	0.000000001226
267.000000000000	0.000000001221
267.500000000000	0.000000001217
268.000000000000	0.000000001226
268.500000000000	0.000000001226
269.000000000000	0.000000001231
269.500000000000	0.000000001226
270.000000000000	0.000000001233
270.500000000000	0.000000001228
271.000000000000	0.000000001235
271.500000000000	0.000000001244
272.000000000000	0.000000001240
272.500000000000	0.000000001226
273.000000000000	0.000000001221
273.500000000000	0.000000001234
274.000000000000	0.000000001235
274.500000000000	0.000000001234
275.000000000000	0.000000001243
275.500000000000	0.000000001242
276.000000000000	0.000000001245
276.500000000000	0.000000001240
277.000000000000	0.000000001241
277.500000000000	0.000000001236
278.000000000000	0.000000001240
278.500000000000	0.000000001224
279.000000000000	0.000000001253
279.500000000000	0.000000001248
280.000000000000	0.000000001254
280.500000000000	0.000000001251
281.000000000000	0.000000001251
281.500000000000	0.000000001232
282.000000000000	0.000000001226
282.500000000000	0.000000001220
283.000000000000	0.000000001239
283.500000000000	0.000000001257
284.000000000000	0.000000001242
284.500000000000	0.000000001233
285.000000000000	0.000000001240
285.500000000000	0.000000001241
286.000000000000	0.000000001230
286.500000000000	0.000000001235
287.000000000000	0.000000001238
287.500000000000	0.000000001230
288.000000000000	0.000000001239
288.500000000000	0.000000001230
289.000000000000	0.000000001225
289.500000000000	0.000000001229
290.000000000000	0.000000001221
290.500000000000	0.000000001231
291.000000000000	0.000000001238
291.500000000000	0.000000001238
292.000000000000	0.000000001233
292.500000000000	0.000000001238
293.000000000000	0.000000001244
293.500000000000	0.000000001253
294.000000000000	0.000000001247
294.500000000000	0.000000001263
295.000000000000	0.000000001260
295.500000000000	0.000000001281
296.000000000000	0.000000001291
296.500000000000	0.000000001277
297.000000000000	0.000000001269
297.500000000000	0.000000001268
298.000000000000	0.000000001266
298.500000000000	0.000000001246
299.000000000000	0.000000001253
299.500000000000	0.000000001241
