Vg	Ids
-2.997720999999999947e+01	4.054427000000000231e-08
-2.900059999999999860e+01	3.597147999999999912e-08
-2.800100000000000122e+01	3.420077000000000245e-08
-2.700062000000000140e+01	3.313136000000000293e-08
-2.600121000000000038e+01	3.213693000000000268e-08
-2.500097999999999843e+01	3.107246000000000294e-08
-2.400114999999999910e+01	2.993244000000000091e-08
-2.300121000000000038e+01	2.860032000000000076e-08
-2.200064000000000064e+01	2.715362000000000079e-08
-2.100088999999999828e+01	2.567096999999999909e-08
-2.000047999999999959e+01	2.405670999999999850e-08
-1.900108000000000175e+01	2.243837000000000096e-08
-1.800035000000000096e+01	2.096920000000000158e-08
-1.700110000000000099e+01	1.947799000000000089e-08
-1.600082000000000093e+01	1.803924000000000067e-08
-1.500123999999999924e+01	1.673004000000000109e-08
-1.400098000000000020e+01	1.540491999999999895e-08
-1.300164999999999971e+01	1.414587999999999955e-08
-1.200126000000000026e+01	1.296958999999999967e-08
-1.100193999999999939e+01	1.192566999999999941e-08
-1.000112999999999985e+01	1.090306999999999924e-08
-9.001296999999999215e+00	9.981377999999999899e-09
-8.000937000000000410e+00	9.125223000000000594e-09
-7.000469999999999970e+00	8.394633000000000535e-09
-6.001263999999999932e+00	7.791219000000000410e-09
-5.000720000000000276e+00	7.086337999999999937e-09
-4.001479999999999926e+00	6.582321000000000394e-09
-3.000900999999999819e+00	6.083316999999999911e-09
-2.001236000000000015e+00	5.621153999999999798e-09
-1.000498000000000109e+00	5.212183999999999710e-09
6.359999999999999551e-04	4.773149000000000306e-09
9.984169999999999989e-01	4.841677000000000051e-09
1.998982999999999954e+00	4.249197999999999950e-09
2.998226999999999975e+00	3.826002999999999945e-09
3.999175000000000146e+00	3.496134999999999942e-09
4.998277999999999999e+00	3.255589999999999922e-09
5.998911999999999800e+00	2.970307000000000132e-09
6.998367000000000004e+00	2.760483000000000093e-09
7.999144000000000254e+00	2.556225000000000031e-09
8.999176999999999538e+00	2.350752000000000197e-09
9.998725999999999559e+00	2.161120000000000081e-09
1.099892999999999965e+01	1.994867999999999940e-09
1.199855999999999945e+01	1.861059000000000077e-09
1.299882999999999988e+01	1.715202999999999955e-09
1.399859000000000009e+01	1.582862000000000071e-09
1.499911999999999956e+01	1.447785000000000083e-09
1.599859999999999971e+01	1.363067000000000004e-09
1.699906000000000006e+01	1.266150999999999922e-09
1.799838000000000093e+01	1.175054000000000025e-09
1.899884000000000128e+01	1.090841000000000038e-09
1.999784999999999968e+01	9.927604999999999447e-10
2.099813999999999936e+01	9.049038999999999485e-10
2.199746000000000024e+01	8.096573000000000429e-10
2.299806999999999846e+01	7.420435999999999624e-10
2.399855000000000160e+01	6.695208999999999560e-10
2.499793000000000021e+01	6.170393999999999858e-10
2.599865000000000137e+01	5.593452999999999875e-10
2.699843999999999866e+01	4.757896999999999747e-10
2.799867000000000061e+01	3.958781999999999761e-10
2.899821999999999989e+01	3.301877000000000157e-10
2.998266999999999882e+01	-2.864770999999999826e-10
2.900057999999999936e+01	1.129961000000000003e-09
2.800097999999999843e+01	1.841675000000000053e-09
2.700073000000000079e+01	2.622066000000000197e-09
2.600116999999999834e+01	3.375583000000000171e-09
2.500065999999999988e+01	4.386796000000000161e-09
2.400119000000000113e+01	5.174023999999999916e-09
2.300075999999999965e+01	6.122786000000000078e-09
2.200035000000000096e+01	7.093521000000000035e-09
2.100065999999999988e+01	8.001443999999999237e-09
2.000025000000000119e+01	8.977485000000000665e-09
1.900112000000000023e+01	9.925044000000000329e-09
1.800081000000000131e+01	1.084597000000000034e-08
1.700104999999999933e+01	1.184524999999999981e-08
1.600076999999999927e+01	1.284056999999999922e-08
1.500122999999999962e+01	1.373351999999999995e-08
1.400071999999999939e+01	1.473942000000000037e-08
1.300134000000000079e+01	1.569098000000000158e-08
1.200099999999999945e+01	1.667183000000000073e-08
1.100153000000000070e+01	1.760510999999999981e-08
1.000075999999999965e+01	1.853747000000000009e-08
9.001542000000000598e+00	1.939802999999999903e-08
8.001001000000000474e+00	2.028393999999999892e-08
7.000581000000000387e+00	2.107203000000000132e-08
6.001585999999999643e+00	2.186318999999999965e-08
5.000853000000000215e+00	2.259074000000000010e-08
4.001492999999999967e+00	2.330822999999999986e-08
3.000802000000000191e+00	2.415967999999999985e-08
2.001244999999999941e+00	2.468549999999999959e-08
1.000399000000000038e+00	2.534737000000000074e-08
8.760000000000000425e-04	2.591692000000000070e-08
-9.985840000000000272e-01	2.598003000000000133e-08
-1.999176000000000064e+00	2.675657000000000121e-08
-2.998609000000000080e+00	2.743922999999999893e-08
-3.999213999999999825e+00	2.793959999999999893e-08
-4.998530999999999835e+00	2.848510999999999863e-08
-5.999426999999999843e+00	2.895895999999999861e-08
-6.998698000000000086e+00	2.947477000000000036e-08
-7.999357999999999969e+00	2.993626999999999758e-08
-8.999579999999999913e+00	3.032647999999999721e-08
-9.999031000000000446e+00	3.082445999999999966e-08
-1.099932000000000087e+01	3.125975000000000302e-08
-1.199837999999999916e+01	3.170428999999999702e-08
-1.299878999999999962e+01	3.213255000000000274e-08
-1.399810000000000088e+01	3.250179999999999792e-08
-1.499867000000000061e+01	3.288320000000000159e-08
-1.599817000000000000e+01	3.334123999999999766e-08
-1.699896999999999991e+01	3.374647000000000082e-08
-1.799848000000000070e+01	3.410667000000000295e-08
-1.899906999999999968e+01	3.449789000000000028e-08
-1.999827000000000155e+01	3.483872999999999846e-08
-2.099847000000000108e+01	3.529777999999999885e-08
-2.199776999999999916e+01	3.576734000000000110e-08
-2.299815999999999860e+01	3.623305000000000032e-08
-2.399860999999999933e+01	3.676044000000000091e-08
-2.499812000000000012e+01	3.709558999999999846e-08
-2.599879999999999924e+01	3.750784000000000269e-08
-2.699836000000000169e+01	3.785838000000000260e-08
-2.799870999999999910e+01	3.823590000000000028e-08
-2.899832999999999927e+01	3.867330999999999784e-08
