Voltage   	Current	
29.977810	6.148491E-9
29.000460	5.692864E-9
28.001180	5.593161E-9
27.000920	5.502624E-9
26.001470	5.397052E-9
25.000900	5.327820E-9
24.001480	5.189607E-9
23.001140	5.007975E-9
22.000880	4.887670E-9
21.001200	4.728911E-9
20.000820	4.545607E-9
19.001430	4.338419E-9
18.000850	4.101414E-9
17.001520	3.801863E-9
16.001050	3.512075E-9
15.001520	3.167931E-9
14.001110	2.884876E-9
13.001870	2.628999E-9
12.001540	2.366033E-9
11.002030	2.127666E-9
10.000950	1.866826E-9
9.001760	1.638075E-9
8.001276	1.488069E-9
7.000663	1.240187E-9
6.001453	1.104049E-9
5.000393	9.808160E-10
4.001209	8.156791E-10
3.000506	7.224068E-10
2.001120	5.155175E-10
1.000533	8.285844E-10
0.001031	3.704723E-10
0.998988	2.615113E-10
1.999318	2.911175E-10
2.999064	2.343842E-10
3.999347	1.501638E-10
4.998505	7.844475E-11
5.999444	4.924093E-11
6.998625	-6.939893E-12
7.999208	-4.515294E-11
8.999928	-8.680764E-11
9.999022	-1.232999E-10
10.999550	-1.788226E-10
11.999180	-2.051416E-10
12.999330	-2.524144E-10
13.998740	-2.951317E-10
14.999050	-3.300045E-10
15.998800	-3.549566E-10
16.999150	-3.996483E-10
17.998400	-4.223227E-10
18.998970	-4.442382E-10
19.998070	-4.881706E-10
20.998440	-5.047717E-10
21.997880	-5.247641E-10
22.998260	-5.461732E-10
23.998700	-5.663683E-10
24.998520	-5.969890E-10
25.998610	-6.062514E-10
26.998250	-5.992665E-10
27.998600	-6.370241E-10
28.997980	-6.509935E-10
