Vg	Ids
-3.997581000000000273e+01	4.785602000000000159e-08
-3.900182999999999822e+01	4.433557000000000265e-08
-3.800133000000000294e+01	4.350972999999999715e-08
-3.700169999999999959e+01	4.236799999999999928e-08
-3.600140999999999991e+01	4.119615999999999849e-08
-3.500216999999999956e+01	3.993054000000000095e-08
-3.400182999999999822e+01	3.828990999999999853e-08
-3.300104999999999933e+01	3.671297999999999951e-08
-3.200211000000000183e+01	3.480241999999999778e-08
-3.100132999999999939e+01	3.290485000000000099e-08
-3.000204000000000093e+01	3.099629999999999811e-08
-2.900139000000000067e+01	2.907419000000000049e-08
-2.800218999999999880e+01	2.724793000000000105e-08
-2.700156000000000134e+01	2.548194000000000021e-08
-2.600219999999999843e+01	2.373551000000000089e-08
-2.500141999999999953e+01	2.206670999999999855e-08
-2.400186000000000064e+01	2.053528000000000149e-08
-2.300137000000000143e+01	1.902336999999999983e-08
-2.200116999999999834e+01	1.754001999999999999e-08
-2.100114999999999910e+01	1.618667999999999854e-08
-2.000083000000000055e+01	1.493071999999999991e-08
-1.900171999999999883e+01	1.363851999999999976e-08
-1.800106999999999857e+01	1.252634999999999987e-08
-1.700169999999999959e+01	1.149033999999999984e-08
-1.600120000000000076e+01	1.055080000000000042e-08
-1.500179999999999936e+01	9.684139999999999193e-09
-1.400141999999999953e+01	8.913638000000000027e-09
-1.300211000000000006e+01	8.185043999999999306e-09
-1.200170999999999921e+01	7.610359000000000272e-09
-1.100238000000000049e+01	7.015831999999999973e-09
-1.000167000000000073e+01	6.483551999999999822e-09
-9.002387000000000583e+00	5.980637000000000014e-09
-8.001924999999999955e+00	5.527111000000000271e-09
-7.001195000000000057e+00	5.098843000000000277e-09
-6.002195000000000391e+00	4.695727000000000157e-09
-5.001238999999999990e+00	4.332596000000000080e-09
-4.002149000000000179e+00	4.007673000000000208e-09
-3.001107000000000191e+00	3.881094999999999821e-09
-2.001651999999999987e+00	3.448322000000000161e-09
-1.001262000000000096e+00	3.183019000000000131e-09
1.709000000000000016e-03	2.955473999999999962e-09
9.992879999999999541e-01	2.732127999999999936e-09
2.000000000000000000e+00	2.524928999999999977e-09
2.999334000000000167e+00	2.342121999999999990e-09
3.999832000000000054e+00	2.177635999999999903e-09
4.998896000000000228e+00	2.009506999999999893e-09
5.999864999999999782e+00	1.859092000000000057e-09
6.998886999999999858e+00	1.707056000000000066e-09
7.999344999999999928e+00	1.587767000000000065e-09
8.999705000000000510e+00	1.438667999999999938e-09
9.998996999999999247e+00	1.319478999999999968e-09
1.099956000000000067e+01	1.188043000000000092e-09
1.199906999999999968e+01	1.082265999999999993e-09
1.299924000000000035e+01	9.599399000000000674e-10
1.399853000000000058e+01	8.448007000000000355e-10
1.499898999999999916e+01	7.259665999999999775e-10
1.599843000000000082e+01	6.301604999999999768e-10
1.699899999999999878e+01	5.260035000000000231e-10
1.799829000000000079e+01	4.546425999999999950e-10
1.899899999999999878e+01	3.367194000000000170e-10
1.999832999999999927e+01	2.569063999999999846e-10
2.099875000000000114e+01	1.537036000000000068e-10
2.199831000000000003e+01	4.695658000000000185e-11
2.299881999999999849e+01	6.110418000000000187e-12
2.399926999999999921e+01	-1.184533000000000070e-10
2.499893000000000143e+01	-1.797989000000000004e-10
2.599941000000000102e+01	-2.788016000000000022e-10
2.699908999999999892e+01	-3.476885999999999836e-10
2.799908999999999892e+01	-4.414273999999999929e-10
2.899849000000000032e+01	-5.229179999999999721e-10
2.999913000000000096e+01	-6.176686999999999973e-10
3.099861999999999895e+01	-6.846832999999999738e-10
3.199909999999999854e+01	-7.639458999999999685e-10
3.299839999999999662e+01	-8.334906999999999991e-10
3.399871000000000265e+01	-8.839027999999999806e-10
3.499925999999999959e+01	-9.602302999999999944e-10
3.599860000000000326e+01	-1.024612999999999965e-09
3.699931999999999732e+01	-1.099927999999999926e-09
3.799907999999999930e+01	-1.114504999999999968e-09
3.899976000000000198e+01	-1.192552999999999904e-09
3.996909999999999741e+01	-1.909310999999999798e-09
3.900186999999999671e+01	-1.033824999999999995e-09
3.800142000000000309e+01	-7.198091000000000429e-10
3.700166000000000111e+01	-3.600378999999999815e-10
3.600151000000000323e+01	-1.772906999999999930e-11
3.500247999999999848e+01	3.287733999999999909e-10
3.400175999999999732e+01	6.364351000000000163e-10
3.300124000000000279e+01	9.538140999999998982e-10
3.200182999999999822e+01	1.258894999999999922e-09
3.100120000000000076e+01	1.547121000000000039e-09
3.000160999999999945e+01	1.875077999999999881e-09
2.900104999999999933e+01	2.211384999999999804e-09
2.800150999999999968e+01	2.606756000000000175e-09
2.700112999999999985e+01	2.931674000000000107e-09
2.600178999999999974e+01	3.373251999999999923e-09
2.500134999999999863e+01	3.835882000000000010e-09
2.400168999999999997e+01	4.326652999999999865e-09
2.300138000000000105e+01	4.916517000000000177e-09
2.200101000000000084e+01	5.534470000000000225e-09
2.100165000000000148e+01	6.153892000000000363e-09
2.000114999999999910e+01	6.949188999999999752e-09
1.900158000000000058e+01	7.849243999999999701e-09
1.800094999999999956e+01	8.846878000000000559e-09
1.700178999999999974e+01	9.986377000000000286e-09
1.600114999999999910e+01	1.122566999999999976e-08
1.500179999999999936e+01	1.249570000000000018e-08
1.400164000000000009e+01	1.386577999999999924e-08
1.300224000000000046e+01	1.537092999999999998e-08
1.200183000000000000e+01	1.683640000000000113e-08
1.100233000000000061e+01	1.832595999999999862e-08
1.000144000000000055e+01	1.979469999999999990e-08
9.001944999999999197e+00	2.122048000000000156e-08
8.001590000000000202e+00	2.250265000000000066e-08
7.001045000000000407e+00	2.375196000000000035e-08
6.001752999999999894e+00	2.494636999999999933e-08
5.001109999999999722e+00	2.604203999999999872e-08
4.002045999999999992e+00	2.706046999999999972e-08
3.001114999999999977e+00	2.807221999999999883e-08
2.001904999999999824e+00	2.894100000000000087e-08
1.001103000000000076e+00	2.954690000000000102e-08
1.570999999999999914e-03	3.059194999999999753e-08
-9.991550000000000153e-01	3.132713000000000161e-08
-1.999695000000000000e+00	3.207853000000000131e-08
-2.999171000000000031e+00	3.277428999999999933e-08
-3.999788999999999817e+00	3.345736000000000201e-08
-4.998860999999999777e+00	3.407856000000000231e-08
-5.999293999999999905e+00	3.467813000000000296e-08
-6.998535000000000394e+00	3.523825000000000123e-08
-7.999083999999999861e+00	3.582026999999999918e-08
-8.999425999999999704e+00	3.636014999999999753e-08
-9.998820000000000263e+00	3.689770000000000091e-08
-1.099947000000000052e+01	3.740005000000000011e-08
-1.199882000000000026e+01	3.788362999999999815e-08
-1.299938000000000038e+01	3.842324999999999964e-08
-1.399891000000000041e+01	3.891158000000000306e-08
-1.499924999999999997e+01	3.935545999999999843e-08
-1.599878000000000000e+01	3.976771000000000267e-08
-1.699906999999999968e+01	4.016919000000000157e-08
-1.799843999999999866e+01	4.063368999999999888e-08
-1.899869999999999948e+01	4.103145999999999967e-08
-1.999822999999999951e+01	4.148003999999999772e-08
-2.099868000000000023e+01	4.191392000000000161e-08
-2.199853999999999843e+01	4.227359999999999679e-08
-2.299896999999999991e+01	4.267464999999999759e-08
-2.399950000000000117e+01	4.307789000000000167e-08
-2.499858000000000047e+01	4.347927999999999836e-08
-2.599906999999999968e+01	4.380612999999999708e-08
-2.699836000000000169e+01	4.419104999999999786e-08
-2.799885000000000090e+01	4.453072000000000026e-08
-2.899865000000000137e+01	4.486632000000000229e-08
-2.999922000000000111e+01	4.521125999999999717e-08
-3.099859999999999971e+01	4.548959999999999727e-08
-3.199889999999999901e+01	4.584655000000000232e-08
-3.299804999999999922e+01	4.610209999999999696e-08
-3.399880999999999887e+01	4.628156000000000246e-08
-3.499972999999999956e+01	4.676817999999999679e-08
-3.599913999999999703e+01	4.712826999999999694e-08
-3.699960000000000093e+01	4.736218999999999855e-08
-3.799924000000000035e+01	4.758760000000000057e-08
-3.899967999999999790e+01	4.779899999999999676e-08
