t (s)	Ids (Amps)
0.000000000000	0.000000003110
0.500000000000	0.000000003078
1.000000000000	0.000000003090
1.500000000000	0.000000003088
2.000000000000	0.000000003045
2.500000000000	0.000000003029
3.000000000000	0.000000003007
3.500000000000	0.000000002999
4.000000000000	0.000000002970
4.500000000000	0.000000002937
5.000000000000	0.000000002958
5.500000000000	0.000000002954
6.000000000000	0.000000002932
6.500000000000	0.000000002940
7.000000000000	0.000000002923
7.500000000000	0.000000002910
8.000000000000	0.000000002925
8.500000000000	0.000000002909
9.000000000000	0.000000002902
9.500000000000	0.000000002900
10.000000000000	0.000000002903
10.500000000000	0.000000002908
11.000000000000	0.000000002913
11.500000000000	0.000000002934
12.000000000000	0.000000002916
12.500000000000	0.000000002924
13.000000000000	0.000000002910
13.500000000000	0.000000002931
14.000000000000	0.000000002914
14.500000000000	0.000000002885
15.000000000000	0.000000002903
15.500000000000	0.000000002891
16.000000000000	0.000000002902
16.500000000000	0.000000002902
17.000000000000	0.000000002906
17.500000000000	0.000000002892
18.000000000000	0.000000002918
18.500000000000	0.000000002928
19.000000000000	0.000000002926
19.500000000000	0.000000002922
20.000000000000	0.000000002921
20.500000000000	0.000000002904
21.000000000000	0.000000002889
21.500000000000	0.000000002885
22.000000000000	0.000000002885
22.500000000000	0.000000002883
23.000000000000	0.000000002900
23.500000000000	0.000000002871
24.000000000000	0.000000002859
24.500000000000	0.000000002888
25.000000000000	0.000000002866
25.500000000000	0.000000002879
26.000000000000	0.000000002853
26.500000000000	0.000000002866
27.000000000000	0.000000002883
27.500000000000	0.000000002864
28.000000000000	0.000000002862
28.500000000000	0.000000002865
29.000000000000	0.000000002864
29.500000000000	0.000000002875
30.000000000000	0.000000002874
30.500000000000	0.000000002876
31.000000000000	0.000000002872
31.500000000000	0.000000002895
32.000000000000	0.000000002895
32.500000000000	0.000000002880
33.000000000000	0.000000002888
33.500000000000	0.000000002874
34.000000000000	0.000000002874
34.500000000000	0.000000002876
35.000000000000	0.000000002868
35.500000000000	0.000000002883
36.000000000000	0.000000002880
36.500000000000	0.000000002875
37.000000000000	0.000000002884
37.500000000000	0.000000002874
38.000000000000	0.000000002864
38.500000000000	0.000000002879
39.000000000000	0.000000002900
39.500000000000	0.000000002883
40.000000000000	0.000000002888
40.500000000000	0.000000002885
41.000000000000	0.000000002871
41.500000000000	0.000000002871
42.000000000000	0.000000002872
42.500000000000	0.000000002876
43.000000000000	0.000000002878
43.500000000000	0.000000002848
44.000000000000	0.000000002863
44.500000000000	0.000000002864
45.000000000000	0.000000002853
45.500000000000	0.000000002861
46.000000000000	0.000000002872
46.500000000000	0.000000002851
47.000000000000	0.000000002860
47.500000000000	0.000000002851
48.000000000000	0.000000002850
48.500000000000	0.000000002848
49.000000000000	0.000000002865
49.500000000000	0.000000002861
50.000000000000	0.000000002847
50.500000000000	0.000000002838
51.000000000000	0.000000002845
51.500000000000	0.000000002845
52.000000000000	0.000000002849
52.500000000000	0.000000002855
53.000000000000	0.000000002864
53.500000000000	0.000000002873
54.000000000000	0.000000002869
54.500000000000	0.000000002842
55.000000000000	0.000000002861
55.500000000000	0.000000002880
56.000000000000	0.000000002873
56.500000000000	0.000000002868
57.000000000000	0.000000002894
57.500000000000	0.000000002918
58.000000000000	0.000000002859
58.500000000000	0.000000002878
59.000000000000	0.000000002887
59.500000000000	0.000000002851
60.000000000000	0.000000002849
60.500000000000	0.000000002879
61.000000000000	0.000000002885
61.500000000000	0.000000002885
62.000000000000	0.000000002892
62.500000000000	0.000000002882
63.000000000000	0.000000002859
63.500000000000	0.000000002854
64.000000000000	0.000000002854
64.500000000000	0.000000002862
65.000000000000	0.000000002860
65.500000000000	0.000000002867
66.000000000000	0.000000002862
66.500000000000	0.000000002847
67.000000000000	0.000000002832
67.500000000000	0.000000002844
68.000000000000	0.000000002825
68.500000000000	0.000000002835
69.000000000000	0.000000002837
69.500000000000	0.000000002904
70.000000000000	0.000000002871
70.500000000000	0.000000002871
71.000000000000	0.000000003095
71.500000000000	0.000000003016
72.000000000000	0.000000002862
72.500000000000	0.000000002871
73.000000000000	0.000000003030
73.500000000000	0.000000002918
74.000000000000	0.000000002841
74.500000000000	0.000000003050
75.000000000000	0.000000003088
75.500000000000	0.000000003033
76.000000000000	0.000000003045
76.500000000000	0.000000003016
77.000000000000	0.000000002972
77.500000000000	0.000000002958
78.000000000000	0.000000002952
78.500000000000	0.000000002925
79.000000000000	0.000000002906
79.500000000000	0.000000002905
80.000000000000	0.000000002899
80.500000000000	0.000000002875
81.000000000000	0.000000002876
81.500000000000	0.000000002870
82.000000000000	0.000000002874
82.500000000000	0.000000002846
83.000000000000	0.000000002876
83.500000000000	0.000000002861
84.000000000000	0.000000002855
84.500000000000	0.000000002855
85.000000000000	0.000000002860
85.500000000000	0.000000002845
86.000000000000	0.000000002856
86.500000000000	0.000000002869
87.000000000000	0.000000002844
87.500000000000	0.000000002851
88.000000000000	0.000000002844
88.500000000000	0.000000002850
89.000000000000	0.000000002828
89.500000000000	0.000000002846
90.000000000000	0.000000002861
90.500000000000	0.000000002852
91.000000000000	0.000000002848
91.500000000000	0.000000002825
92.000000000000	0.000000002827
92.500000000000	0.000000002831
93.000000000000	0.000000002853
93.500000000000	0.000000002849
94.000000000000	0.000000002864
94.500000000000	0.000000002857
95.000000000000	0.000000002864
95.500000000000	0.000000002861
96.000000000000	0.000000002859
96.500000000000	0.000000002850
97.000000000000	0.000000002848
97.500000000000	0.000000002827
98.000000000000	0.000000002864
98.500000000000	0.000000002847
99.000000000000	0.000000002861
99.500000000000	0.000000002875
100.000000000000	0.000000002854
100.500000000000	0.000000002853
101.000000000000	0.000000002865
101.500000000000	0.000000002866
102.000000000000	0.000000002872
102.500000000000	0.000000002871
103.000000000000	0.000000002868
103.500000000000	0.000000002850
104.000000000000	0.000000002857
104.500000000000	0.000000002869
105.000000000000	0.000000002860
105.500000000000	0.000000002865
106.000000000000	0.000000002839
106.500000000000	0.000000002870
107.000000000000	0.000000002894
107.500000000000	0.000000002860
108.000000000000	0.000000002866
108.500000000000	0.000000002852
109.000000000000	0.000000002858
109.500000000000	0.000000002857
110.000000000000	0.000000002859
110.500000000000	0.000000002853
111.000000000000	0.000000002847
111.500000000000	0.000000002882
112.000000000000	0.000000002865
112.500000000000	0.000000002874
113.000000000000	0.000000002859
113.500000000000	0.000000002851
114.000000000000	0.000000002856
114.500000000000	0.000000002860
115.000000000000	0.000000002879
115.500000000000	0.000000002870
116.000000000000	0.000000002870
116.500000000000	0.000000002886
117.000000000000	0.000000002875
117.500000000000	0.000000002872
118.000000000000	0.000000002872
118.500000000000	0.000000002877
119.000000000000	0.000000002861
119.500000000000	0.000000002847
120.000000000000	0.000000002877
120.500000000000	0.000000002890
121.000000000000	0.000000002876
121.500000000000	0.000000002865
122.000000000000	0.000000002862
122.500000000000	0.000000002870
123.000000000000	0.000000002851
123.500000000000	0.000000002848
124.000000000000	0.000000002851
124.500000000000	0.000000002839
125.000000000000	0.000000002859
125.500000000000	0.000000002859
126.000000000000	0.000000002857
126.500000000000	0.000000002863
127.000000000000	0.000000002846
127.500000000000	0.000000002860
128.000000000000	0.000000002860
128.500000000000	0.000000002857
129.000000000000	0.000000002857
129.500000000000	0.000000002844
130.000000000000	0.000000002854
130.500000000000	0.000000002845
131.000000000000	0.000000002849
131.500000000000	0.000000002831
132.000000000000	0.000000002831
132.500000000000	0.000000002839
133.000000000000	0.000000002839
133.500000000000	0.000000002846
134.000000000000	0.000000002857
134.500000000000	0.000000002862
135.000000000000	0.000000002855
135.500000000000	0.000000002872
136.000000000000	0.000000002869
136.500000000000	0.000000002874
137.000000000000	0.000000002867
137.500000000000	0.000000002867
138.000000000000	0.000000002849
138.500000000000	0.000000002867
139.000000000000	0.000000002846
139.500000000000	0.000000002850
140.000000000000	0.000000002873
140.500000000000	0.000000002861
141.000000000000	0.000000002867
141.500000000000	0.000000002870
142.000000000000	0.000000002844
142.500000000000	0.000000002840
143.000000000000	0.000000002857
143.500000000000	0.000000002844
144.000000000000	0.000000002840
144.500000000000	0.000000002855
145.000000000000	0.000000002848
145.500000000000	0.000000002849
146.000000000000	0.000000002841
146.500000000000	0.000000002840
147.000000000000	0.000000002841
147.500000000000	0.000000002848
148.000000000000	0.000000002866
148.500000000000	0.000000002845
149.000000000000	0.000000002846
149.500000000000	0.000000002861
150.000000000000	0.000000002850
150.500000000000	0.000000002858
151.000000000000	0.000000002868
151.500000000000	0.000000002855
152.000000000000	0.000000002842
152.500000000000	0.000000002853
153.000000000000	0.000000002869
153.500000000000	0.000000002838
154.000000000000	0.000000002869
154.500000000000	0.000000002886
155.000000000000	0.000000002859
155.500000000000	0.000000002876
156.000000000000	0.000000002874
156.500000000000	0.000000002877
157.000000000000	0.000000002870
157.500000000000	0.000000002860
158.000000000000	0.000000002874
158.500000000000	0.000000002878
159.000000000000	0.000000002876
159.500000000000	0.000000002875
160.000000000000	0.000000002870
160.500000000000	0.000000002860
161.000000000000	0.000000002878
161.500000000000	0.000000002878
162.000000000000	0.000000002886
162.500000000000	0.000000002886
163.000000000000	0.000000002874
163.500000000000	0.000000002868
164.000000000000	0.000000002883
164.500000000000	0.000000002879
165.000000000000	0.000000002847
165.500000000000	0.000000002869
166.000000000000	0.000000002874
166.500000000000	0.000000002865
167.000000000000	0.000000002862
167.500000000000	0.000000002865
168.000000000000	0.000000002864
168.500000000000	0.000000002880
169.000000000000	0.000000002855
169.500000000000	0.000000002866
170.000000000000	0.000000002871
170.500000000000	0.000000002867
171.000000000000	0.000000002874
171.500000000000	0.000000002868
172.000000000000	0.000000002874
172.500000000000	0.000000002865
173.000000000000	0.000000002874
173.500000000000	0.000000002870
174.000000000000	0.000000002880
174.500000000000	0.000000002852
175.000000000000	0.000000002856
175.500000000000	0.000000002841
176.000000000000	0.000000002849
176.500000000000	0.000000002857
177.000000000000	0.000000002859
177.500000000000	0.000000002844
178.000000000000	0.000000002833
178.500000000000	0.000000002859
179.000000000000	0.000000002867
179.500000000000	0.000000002858
180.000000000000	0.000000002854
180.500000000000	0.000000002848
181.000000000000	0.000000002845
181.500000000000	0.000000002851
182.000000000000	0.000000002865
182.500000000000	0.000000002868
183.000000000000	0.000000002863
183.500000000000	0.000000002855
184.000000000000	0.000000002860
184.500000000000	0.000000002870
185.000000000000	0.000000002857
185.500000000000	0.000000002872
186.000000000000	0.000000002868
186.500000000000	0.000000002880
187.000000000000	0.000000002883
187.500000000000	0.000000002895
188.000000000000	0.000000002855
188.500000000000	0.000000002856
189.000000000000	0.000000002865
189.500000000000	0.000000002851
190.000000000000	0.000000002862
190.500000000000	0.000000002854
191.000000000000	0.000000002867
191.500000000000	0.000000002806
192.000000000000	0.000000002834
192.500000000000	0.000000002813
193.000000000000	0.000000002827
193.500000000000	0.000000002813
194.000000000000	0.000000002813
194.500000000000	0.000000002829
195.000000000000	0.000000002820
195.500000000000	0.000000002841
196.000000000000	0.000000002834
196.500000000000	0.000000002882
197.000000000000	0.000000002849
197.500000000000	0.000000002857
198.000000000000	0.000000002849
198.500000000000	0.000000002857
199.000000000000	0.000000002844
199.500000000000	0.000000002842
200.000000000000	0.000000002848
200.500000000000	0.000000002843
201.000000000000	0.000000002831
201.500000000000	0.000000002897
202.000000000000	0.000000002921
202.500000000000	0.000000002877
203.000000000000	0.000000002907
203.500000000000	0.000000002827
204.000000000000	0.000000002828
204.500000000000	0.000000002827
205.000000000000	0.000000002827
205.500000000000	0.000000002835
206.000000000000	0.000000002783
206.500000000000	0.000000002814
207.000000000000	0.000000002804
207.500000000000	0.000000002804
208.000000000000	0.000000002901
208.500000000000	0.000000002850
209.000000000000	0.000000002828
209.500000000000	0.000000002836
210.000000000000	0.000000002839
210.500000000000	0.000000002822
211.000000000000	0.000000002828
211.500000000000	0.000000002806
212.000000000000	0.000000002846
212.500000000000	0.000000002840
213.000000000000	0.000000002864
213.500000000000	0.000000002827
214.000000000000	0.000000002843
214.500000000000	0.000000002858
215.000000000000	0.000000002824
215.500000000000	0.000000002864
216.000000000000	0.000000002925
216.500000000000	0.000000002923
217.000000000000	0.000000002827
217.500000000000	0.000000002825
218.000000000000	0.000000002921
218.500000000000	0.000000002853
219.000000000000	0.000000002987
219.500000000000	0.000000002976
220.000000000000	0.000000002946
220.500000000000	0.000000002901
221.000000000000	0.000000002912
221.500000000000	0.000000002851
222.000000000000	0.000000002871
222.500000000000	0.000000002839
223.000000000000	0.000000002802
223.500000000000	0.000000002823
224.000000000000	0.000000002791
224.500000000000	0.000000002808
225.000000000000	0.000000002809
225.500000000000	0.000000002835
226.000000000000	0.000000002816
226.500000000000	0.000000002841
227.000000000000	0.000000002846
227.500000000000	0.000000002826
228.000000000000	0.000000002835
228.500000000000	0.000000002803
229.000000000000	0.000000002823
229.500000000000	0.000000002858
230.000000000000	0.000000002788
230.500000000000	0.000000002870
231.000000000000	0.000000002807
231.500000000000	0.000000002853
232.000000000000	0.000000002818
232.500000000000	0.000000002860
233.000000000000	0.000000002792
233.500000000000	0.000000002855
234.000000000000	0.000000002816
234.500000000000	0.000000002846
235.000000000000	0.000000002869
235.500000000000	0.000000002814
236.000000000000	0.000000002862
236.500000000000	0.000000002843
237.000000000000	0.000000002814
237.500000000000	0.000000002800
238.000000000000	0.000000002817
238.500000000000	0.000000002805
239.000000000000	0.000000002851
239.500000000000	0.000000002828
240.000000000000	0.000000002788
240.500000000000	0.000000002794
241.000000000000	0.000000002805
241.500000000000	0.000000002823
242.000000000000	0.000000002933
242.500000000000	0.000000002853
243.000000000000	0.000000002815
243.500000000000	0.000000002835
244.000000000000	0.000000002814
244.500000000000	0.000000002818
245.000000000000	0.000000002806
245.500000000000	0.000000002837
246.000000000000	0.000000002828
246.500000000000	0.000000002835
247.000000000000	0.000000002867
247.500000000000	0.000000002846
248.000000000000	0.000000002837
248.500000000000	0.000000002827
249.000000000000	0.000000002834
249.500000000000	0.000000002829
250.000000000000	0.000000002837
250.500000000000	0.000000002836
251.000000000000	0.000000002823
251.500000000000	0.000000002821
252.000000000000	0.000000002839
252.500000000000	0.000000002832
253.000000000000	0.000000002834
253.500000000000	0.000000002866
254.000000000000	0.000000002885
254.500000000000	0.000000002846
255.000000000000	0.000000002866
255.500000000000	0.000000002848
256.000000000000	0.000000002856
256.500000000000	0.000000002861
257.000000000000	0.000000002853
257.500000000000	0.000000002843
258.000000000000	0.000000002839
258.500000000000	0.000000002855
259.000000000000	0.000000002865
259.500000000000	0.000000002846
260.000000000000	0.000000002858
260.500000000000	0.000000002853
261.000000000000	0.000000002850
261.500000000000	0.000000002843
262.000000000000	0.000000002831
262.500000000000	0.000000002857
263.000000000000	0.000000002874
263.500000000000	0.000000002865
264.000000000000	0.000000002873
264.500000000000	0.000000002874
265.000000000000	0.000000002818
265.500000000000	0.000000002877
266.000000000000	0.000000002863
266.500000000000	0.000000002870
267.000000000000	0.000000002849
267.500000000000	0.000000002868
268.000000000000	0.000000002917
268.500000000000	0.000000002878
269.000000000000	0.000000002853
269.500000000000	0.000000002847
270.000000000000	0.000000002840
270.500000000000	0.000000002858
271.000000000000	0.000000002827
271.500000000000	0.000000002866
272.000000000000	0.000000002894
272.500000000000	0.000000002846
273.000000000000	0.000000002801
273.500000000000	0.000000002710
274.000000000000	0.000000002804
274.500000000000	0.000000002819
275.000000000000	0.000000002835
275.500000000000	0.000000002829
276.000000000000	0.000000002831
276.500000000000	0.000000002814
277.000000000000	0.000000002824
277.500000000000	0.000000002834
278.000000000000	0.000000002831
278.500000000000	0.000000002830
279.000000000000	0.000000002835
279.500000000000	0.000000002826
280.000000000000	0.000000002842
280.500000000000	0.000000002847
281.000000000000	0.000000002841
281.500000000000	0.000000002840
282.000000000000	0.000000002827
282.500000000000	0.000000002826
283.000000000000	0.000000002854
283.500000000000	0.000000002836
284.000000000000	0.000000002845
284.500000000000	0.000000002846
285.000000000000	0.000000002836
285.500000000000	0.000000002850
286.000000000000	0.000000002849
286.500000000000	0.000000002832
287.000000000000	0.000000002835
287.500000000000	0.000000002861
288.000000000000	0.000000002856
288.500000000000	0.000000002845
289.000000000000	0.000000002857
289.500000000000	0.000000002840
290.000000000000	0.000000002852
290.500000000000	0.000000002849
291.000000000000	0.000000002829
291.500000000000	0.000000002884
292.000000000000	0.000000002905
292.500000000000	0.000000002861
293.000000000000	0.000000002859
293.500000000000	0.000000002817
294.000000000000	0.000000002944
294.500000000000	0.000000002950
295.000000000000	0.000000002909
295.500000000000	0.000000002871
296.000000000000	0.000000002824
296.500000000000	0.000000002799
297.000000000000	0.000000002808
297.500000000000	0.000000002910
298.000000000000	0.000000002844
298.500000000000	0.000000002925
299.000000000000	0.000000002837
299.500000000000	0.000000002824
