Vg	Ids
-2.998048999999999964e+01	6.274993000000000191e-09
-2.900082000000000093e+01	6.241090000000000003e-09
-2.800112999999999985e+01	6.238301000000000169e-09
-2.700086999999999904e+01	6.244121000000000052e-09
-2.600141999999999953e+01	6.255051999999999629e-09
-2.500072000000000116e+01	6.246550000000000106e-09
-2.400153999999999854e+01	6.211878999999999948e-09
-2.300102000000000046e+01	6.199889000000000282e-09
-2.200109000000000137e+01	6.162133000000000231e-09
-2.100150999999999968e+01	6.151860999999999794e-09
-2.000112000000000023e+01	6.184805999999999828e-09
-1.900129000000000090e+01	6.165776000000000154e-09
-1.800068999999999875e+01	6.239918999999999781e-09
-1.700143999999999878e+01	6.157276999999999933e-09
-1.600066999999999950e+01	6.148162000000000218e-09
-1.500164000000000009e+01	6.108888000000000174e-09
-1.400135000000000041e+01	6.163749000000000032e-09
-1.300192999999999977e+01	6.113090999999999937e-09
-1.200156999999999918e+01	6.112937999999999969e-09
-1.100207999999999942e+01	6.106005000000000154e-09
-1.000131000000000014e+01	6.095981000000000189e-09
-9.001860000000000639e+00	6.092034000000000141e-09
-8.001713999999999771e+00	6.061414000000000096e-09
-7.000555999999999557e+00	6.036312999999999936e-09
-6.001908000000000243e+00	6.032767000000000329e-09
-5.000792999999999822e+00	5.991269000000000231e-09
-4.001870000000000260e+00	5.919606999999999864e-09
-3.000703000000000120e+00	5.918443000000000218e-09
-2.001304999999999890e+00	5.882662000000000256e-09
-1.000623000000000040e+00	5.776430999999999985e-09
1.177000000000000095e-03	5.778861999999999850e-09
9.991120000000000001e-01	4.317714000000000006e-09
1.999811000000000005e+00	4.243215000000000220e-09
2.999115000000000197e+00	4.151966999999999958e-09
3.999776000000000220e+00	3.922654999999999830e-09
4.998903999999999570e+00	3.681854000000000095e-09
5.999611999999999945e+00	3.409878999999999904e-09
6.998749000000000109e+00	3.127223999999999912e-09
7.999530000000000030e+00	2.837282000000000170e-09
8.999924000000000035e+00	2.526996000000000028e-09
9.998970999999999165e+00	2.227438000000000100e-09
1.099953000000000003e+01	1.849941999999999938e-09
1.199923000000000073e+01	1.395772000000000048e-09
1.299954999999999927e+01	1.133816999999999994e-09
1.399882999999999988e+01	8.265667999999999834e-10
1.499943000000000026e+01	6.181061000000000479e-10
1.599892999999999965e+01	4.321161000000000005e-10
1.699934999999999974e+01	2.811479999999999891e-10
1.799849999999999994e+01	1.698009000000000004e-10
1.899914000000000058e+01	1.440384999999999881e-10
1.999837000000000131e+01	1.236410999999999878e-10
2.099871999999999872e+01	1.142774999999999965e-10
2.199841999999999942e+01	1.103803000000000029e-10
2.299877000000000038e+01	1.035980999999999982e-10
2.399924000000000035e+01	9.732190999999999723e-11
2.499869999999999948e+01	9.620838999999999775e-11
2.599924999999999997e+01	7.849354000000000644e-11
2.699871999999999872e+01	9.605658000000000549e-11
2.799904000000000082e+01	9.382953999999999360e-11
2.899847000000000108e+01	9.985270000000000406e-11
2.998105999999999938e+01	1.431522999999999978e-11
2.900077999999999889e+01	5.787966000000000194e-09
2.800137000000000143e+01	5.914795999999999848e-09
2.700118000000000151e+01	5.971579999999999763e-09
2.600169999999999959e+01	6.017228000000000100e-09
2.500105999999999895e+01	6.053360000000000280e-09
2.400133999999999901e+01	6.042025999999999625e-09
2.300103000000000009e+01	6.077352000000000129e-09
2.200059999999999860e+01	6.064191999999999732e-09
2.100093999999999994e+01	6.082968000000000330e-09
2.000085999999999942e+01	6.106957000000000049e-09
1.900157000000000096e+01	6.114701999999999798e-09
1.800115999999999872e+01	6.097442999999999703e-09
1.700146000000000157e+01	6.059432999999999749e-09
1.600131999999999977e+01	6.064443000000000334e-09
1.500215000000000032e+01	6.088536999999999610e-09
1.400145000000000017e+01	6.086108000000000383e-09
1.300201000000000029e+01	6.063688999999999863e-09
1.200163000000000046e+01	6.096075000000000375e-09
1.100215000000000032e+01	6.080490999999999863e-09
1.000186000000000064e+01	6.052859000000000222e-09
9.001846000000000458e+00	6.091720000000000136e-09
8.001644999999999897e+00	6.081245000000000335e-09
7.000998000000000054e+00	6.043694999999999777e-09
6.001869000000000121e+00	6.067430999999999911e-09
5.000810000000000421e+00	6.055438000000000115e-09
4.001547999999999661e+00	6.103867999999999709e-09
3.000771999999999995e+00	6.195065999999999750e-09
2.001408000000000076e+00	6.062113999999999897e-09
1.000528000000000084e+00	6.038125000000000177e-09
1.142000000000000003e-03	6.087517999999999864e-09
-9.989580000000000126e-01	6.044963000000000314e-09
-1.999670000000000059e+00	6.025472000000000097e-09
-2.998867000000000171e+00	6.031495999999999662e-09
-3.999436999999999909e+00	6.041870999999999846e-09
-4.998986000000000374e+00	6.015555000000000327e-09
-5.999705999999999761e+00	6.000374000000000067e-09
-6.998526000000000025e+00	6.020765000000000146e-09
-7.999426999999999843e+00	6.009177999999999905e-09
-8.999919999999999476e+00	6.052851000000000153e-09
-9.999356999999999829e+00	6.022992999999999821e-09
-1.099957999999999991e+01	6.023192999999999882e-09
-1.199925999999999959e+01	6.041465000000000292e-09
-1.299967999999999968e+01	6.015910999999999658e-09
-1.399896999999999991e+01	6.020714999999999924e-09
-1.499943000000000026e+01	6.029266999999999669e-09
-1.599905000000000044e+01	6.026282999999999713e-09
-1.699936999999999898e+01	5.993740999999999930e-09
-1.799872999999999834e+01	6.003960000000000017e-09
-1.899909999999999854e+01	6.004674000000000145e-09
-1.999837000000000131e+01	5.970967000000000398e-09
-2.099895000000000067e+01	5.978554999999999731e-09
-2.199808000000000163e+01	5.999866000000000258e-09
-2.299846000000000146e+01	6.014999000000000107e-09
-2.399874000000000152e+01	5.973447999999999657e-09
-2.499813999999999936e+01	5.944851000000000113e-09
-2.599875000000000114e+01	5.974254999999999652e-09
-2.699858000000000047e+01	6.012968999999999856e-09
-2.799887000000000015e+01	5.998649999999999753e-09
-2.899801000000000073e+01	6.023957000000000232e-09
