t (s)	Ids (Amps)
0.000000000000	0.000000001170
0.500000000000	0.000000001227
1.000000000000	0.000000001193
1.500000000000	0.000000001187
2.000000000000	0.000000001224
2.500000000000	0.000000001146
3.000000000000	0.000000001198
3.500000000000	0.000000001171
4.000000000000	0.000000001150
4.500000000000	0.000000001163
5.000000000000	0.000000001170
5.500000000000	0.000000001183
6.000000000000	0.000000001171
6.500000000000	0.000000001180
7.000000000000	0.000000001159
7.500000000000	0.000000001178
8.000000000000	0.000000001154
8.500000000000	0.000000001236
9.000000000000	0.000000001169
9.500000000000	0.000000001173
10.000000000000	0.000000001201
10.500000000000	0.000000001178
11.000000000000	0.000000001190
11.500000000000	0.000000001168
12.000000000000	0.000000001183
12.500000000000	0.000000001151
13.000000000000	0.000000001197
13.500000000000	0.000000001179
14.000000000000	0.000000001149
14.500000000000	0.000000001190
15.000000000000	0.000000001164
15.500000000000	0.000000001161
16.000000000000	0.000000001170
16.500000000000	0.000000001160
17.000000000000	0.000000001147
17.500000000000	0.000000001152
18.000000000000	0.000000001182
18.500000000000	0.000000001173
19.000000000000	0.000000001159
19.500000000000	0.000000001144
20.000000000000	0.000000001174
20.500000000000	0.000000001171
21.000000000000	0.000000001167
21.500000000000	0.000000001142
22.000000000000	0.000000001159
22.500000000000	0.000000001164
23.000000000000	0.000000001180
23.500000000000	0.000000001181
24.000000000000	0.000000001169
24.500000000000	0.000000001150
25.000000000000	0.000000001130
25.500000000000	0.000000001153
26.000000000000	0.000000001148
26.500000000000	0.000000001163
27.000000000000	0.000000001158
27.500000000000	0.000000001162
28.000000000000	0.000000001150
28.500000000000	0.000000001163
29.000000000000	0.000000001159
29.500000000000	0.000000001155
30.000000000000	0.000000001145
30.500000000000	0.000000001154
31.000000000000	0.000000001168
31.500000000000	0.000000001136
32.000000000000	0.000000001149
32.500000000000	0.000000001154
33.000000000000	0.000000001139
33.500000000000	0.000000001151
34.000000000000	0.000000001160
34.500000000000	0.000000001166
35.000000000000	0.000000001169
35.500000000000	0.000000001161
36.000000000000	0.000000001245
36.500000000000	0.000000001121
37.000000000000	0.000000001169
37.500000000000	0.000000001141
38.000000000000	0.000000001130
38.500000000000	0.000000001131
39.000000000000	0.000000001135
39.500000000000	0.000000001170
40.000000000000	0.000000001158
40.500000000000	0.000000001171
41.000000000000	0.000000001145
41.500000000000	0.000000001142
42.000000000000	0.000000001132
42.500000000000	0.000000001156
43.000000000000	0.000000001131
43.500000000000	0.000000001154
44.000000000000	0.000000001148
44.500000000000	0.000000001137
45.000000000000	0.000000001153
45.500000000000	0.000000001153
46.000000000000	0.000000001142
46.500000000000	0.000000001150
47.000000000000	0.000000001158
47.500000000000	0.000000001171
48.000000000000	0.000000001173
48.500000000000	0.000000001170
49.000000000000	0.000000001158
49.500000000000	0.000000001158
50.000000000000	0.000000001161
50.500000000000	0.000000001149
51.000000000000	0.000000001152
51.500000000000	0.000000001161
52.000000000000	0.000000001149
52.500000000000	0.000000001185
53.000000000000	0.000000001182
53.500000000000	0.000000001186
54.000000000000	0.000000001173
54.500000000000	0.000000001160
55.000000000000	0.000000001163
55.500000000000	0.000000001163
56.000000000000	0.000000001171
56.500000000000	0.000000001159
57.000000000000	0.000000001155
57.500000000000	0.000000001173
58.000000000000	0.000000001159
58.500000000000	0.000000001149
59.000000000000	0.000000001167
59.500000000000	0.000000001176
60.000000000000	0.000000001172
60.500000000000	0.000000001160
61.000000000000	0.000000001192
61.500000000000	0.000000001172
62.000000000000	0.000000001178
62.500000000000	0.000000001162
63.000000000000	0.000000001172
63.500000000000	0.000000001153
64.000000000000	0.000000001193
64.500000000000	0.000000001183
65.000000000000	0.000000001186
65.500000000000	0.000000001184
66.000000000000	0.000000001187
66.500000000000	0.000000001192
67.000000000000	0.000000001160
67.500000000000	0.000000001207
68.000000000000	0.000000001188
68.500000000000	0.000000001230
69.000000000000	0.000000001173
69.500000000000	0.000000001171
70.000000000000	0.000000001160
70.500000000000	0.000000001182
71.000000000000	0.000000001187
71.500000000000	0.000000001173
72.000000000000	0.000000001150
72.500000000000	0.000000001137
73.000000000000	0.000000001164
73.500000000000	0.000000001145
74.000000000000	0.000000001162
74.500000000000	0.000000001162
75.000000000000	0.000000001145
75.500000000000	0.000000001128
76.000000000000	0.000000001132
76.500000000000	0.000000001109
77.000000000000	0.000000001152
77.500000000000	0.000000001148
78.000000000000	0.000000001177
78.500000000000	0.000000001157
79.000000000000	0.000000001158
79.500000000000	0.000000001144
80.000000000000	0.000000001096
80.500000000000	0.000000001159
81.000000000000	0.000000001154
81.500000000000	0.000000001177
82.000000000000	0.000000001172
82.500000000000	0.000000001172
83.000000000000	0.000000001155
83.500000000000	0.000000001163
84.000000000000	0.000000001169
84.500000000000	0.000000001148
85.000000000000	0.000000001161
85.500000000000	0.000000001188
86.000000000000	0.000000001169
86.500000000000	0.000000001164
87.000000000000	0.000000001165
87.500000000000	0.000000001148
88.000000000000	0.000000001159
88.500000000000	0.000000001135
89.000000000000	0.000000001130
89.500000000000	0.000000001150
90.000000000000	0.000000001148
90.500000000000	0.000000001126
91.000000000000	0.000000001142
91.500000000000	0.000000001140
92.000000000000	0.000000001144
92.500000000000	0.000000001133
93.000000000000	0.000000001142
93.500000000000	0.000000001149
94.000000000000	0.000000001133
94.500000000000	0.000000001149
95.000000000000	0.000000001142
95.500000000000	0.000000001153
96.000000000000	0.000000001147
96.500000000000	0.000000001157
97.000000000000	0.000000001155
97.500000000000	0.000000001167
98.000000000000	0.000000001187
98.500000000000	0.000000001165
99.000000000000	0.000000001173
99.500000000000	0.000000001163
100.000000000000	0.000000001165
100.500000000000	0.000000001176
101.000000000000	0.000000001142
101.500000000000	0.000000001169
102.000000000000	0.000000001149
102.500000000000	0.000000001146
103.000000000000	0.000000001147
103.500000000000	0.000000001133
104.000000000000	0.000000001157
104.500000000000	0.000000001154
105.000000000000	0.000000001173
105.500000000000	0.000000001165
106.000000000000	0.000000001177
106.500000000000	0.000000001169
107.000000000000	0.000000001158
107.500000000000	0.000000001169
108.000000000000	0.000000001157
108.500000000000	0.000000001152
109.000000000000	0.000000001184
109.500000000000	0.000000001157
110.000000000000	0.000000001179
110.500000000000	0.000000001158
111.000000000000	0.000000001175
111.500000000000	0.000000001166
112.000000000000	0.000000001151
112.500000000000	0.000000001175
113.000000000000	0.000000001163
113.500000000000	0.000000001145
114.000000000000	0.000000001162
114.500000000000	0.000000001159
115.000000000000	0.000000001170
115.500000000000	0.000000001171
116.000000000000	0.000000001156
116.500000000000	0.000000001155
117.000000000000	0.000000001170
117.500000000000	0.000000001180
118.000000000000	0.000000001141
118.500000000000	0.000000001147
119.000000000000	0.000000001179
119.500000000000	0.000000001162
120.000000000000	0.000000001185
120.500000000000	0.000000001167
121.000000000000	0.000000001172
121.500000000000	0.000000001147
122.000000000000	0.000000001171
122.500000000000	0.000000001160
123.000000000000	0.000000001159
123.500000000000	0.000000001160
124.000000000000	0.000000001163
124.500000000000	0.000000001156
125.000000000000	0.000000001161
125.500000000000	0.000000001183
126.000000000000	0.000000001164
126.500000000000	0.000000001159
127.000000000000	0.000000001170
127.500000000000	0.000000001168
128.000000000000	0.000000001168
128.500000000000	0.000000001173
129.000000000000	0.000000001181
129.500000000000	0.000000001187
130.000000000000	0.000000001194
130.500000000000	0.000000001175
131.000000000000	0.000000001174
131.500000000000	0.000000001147
132.000000000000	0.000000001164
132.500000000000	0.000000001178
133.000000000000	0.000000001147
133.500000000000	0.000000001162
134.000000000000	0.000000001157
134.500000000000	0.000000001150
135.000000000000	0.000000001151
135.500000000000	0.000000001162
136.000000000000	0.000000001165
136.500000000000	0.000000001172
137.000000000000	0.000000001153
137.500000000000	0.000000001159
138.000000000000	0.000000001164
138.500000000000	0.000000001165
139.000000000000	0.000000001168
139.500000000000	0.000000001174
140.000000000000	0.000000001177
140.500000000000	0.000000001184
141.000000000000	0.000000001169
141.500000000000	0.000000001180
142.000000000000	0.000000001168
142.500000000000	0.000000001175
143.000000000000	0.000000001173
143.500000000000	0.000000001180
144.000000000000	0.000000001197
144.500000000000	0.000000001182
145.000000000000	0.000000001156
145.500000000000	0.000000001172
146.000000000000	0.000000001169
146.500000000000	0.000000001153
147.000000000000	0.000000001159
147.500000000000	0.000000001145
148.000000000000	0.000000001161
148.500000000000	0.000000001153
149.000000000000	0.000000001185
149.500000000000	0.000000001181
150.000000000000	0.000000001174
150.500000000000	0.000000001162
151.000000000000	0.000000001161
151.500000000000	0.000000001170
152.000000000000	0.000000001167
152.500000000000	0.000000001185
153.000000000000	0.000000001211
153.500000000000	0.000000001193
154.000000000000	0.000000001201
154.500000000000	0.000000001188
155.000000000000	0.000000001185
155.500000000000	0.000000001177
156.000000000000	0.000000001203
156.500000000000	0.000000001206
157.000000000000	0.000000001199
157.500000000000	0.000000001190
158.000000000000	0.000000001170
158.500000000000	0.000000001202
159.000000000000	0.000000001185
159.500000000000	0.000000001196
160.000000000000	0.000000001189
160.500000000000	0.000000001181
161.000000000000	0.000000001190
161.500000000000	0.000000001179
162.000000000000	0.000000001180
162.500000000000	0.000000001202
163.000000000000	0.000000001178
163.500000000000	0.000000001191
164.000000000000	0.000000001195
164.500000000000	0.000000001179
165.000000000000	0.000000001204
165.500000000000	0.000000001210
166.000000000000	0.000000001191
166.500000000000	0.000000001208
167.000000000000	0.000000001190
167.500000000000	0.000000001174
168.000000000000	0.000000001194
168.500000000000	0.000000001194
169.000000000000	0.000000001176
169.500000000000	0.000000001200
170.000000000000	0.000000001200
170.500000000000	0.000000001148
171.000000000000	0.000000001197
171.500000000000	0.000000001167
172.000000000000	0.000000001173
172.500000000000	0.000000001174
173.000000000000	0.000000001179
173.500000000000	0.000000001194
174.000000000000	0.000000001194
174.500000000000	0.000000001188
175.000000000000	0.000000001190
175.500000000000	0.000000001169
176.000000000000	0.000000001181
176.500000000000	0.000000001189
177.000000000000	0.000000001179
177.500000000000	0.000000001181
178.000000000000	0.000000001172
178.500000000000	0.000000001172
179.000000000000	0.000000001168
179.500000000000	0.000000001175
180.000000000000	0.000000001179
180.500000000000	0.000000001173
181.000000000000	0.000000001163
181.500000000000	0.000000001186
182.000000000000	0.000000001175
182.500000000000	0.000000001161
183.000000000000	0.000000001173
183.500000000000	0.000000001199
184.000000000000	0.000000001178
184.500000000000	0.000000001179
185.000000000000	0.000000001111
185.500000000000	0.000000001173
186.000000000000	0.000000001160
186.500000000000	0.000000001171
187.000000000000	0.000000001186
187.500000000000	0.000000001175
188.000000000000	0.000000001177
188.500000000000	0.000000001159
189.000000000000	0.000000001167
189.500000000000	0.000000001152
190.000000000000	0.000000001162
190.500000000000	0.000000001156
191.000000000000	0.000000001152
191.500000000000	0.000000001150
192.000000000000	0.000000001155
192.500000000000	0.000000001153
193.000000000000	0.000000001144
193.500000000000	0.000000001151
194.000000000000	0.000000001158
194.500000000000	0.000000001136
195.000000000000	0.000000001167
195.500000000000	0.000000001175
196.000000000000	0.000000001149
196.500000000000	0.000000001169
197.000000000000	0.000000001171
197.500000000000	0.000000001158
198.000000000000	0.000000001161
198.500000000000	0.000000001153
199.000000000000	0.000000001170
199.500000000000	0.000000001120
200.000000000000	0.000000001129
200.500000000000	0.000000001142
201.000000000000	0.000000001134
201.500000000000	0.000000001156
202.000000000000	0.000000001149
202.500000000000	0.000000001144
203.000000000000	0.000000001148
203.500000000000	0.000000001150
204.000000000000	0.000000001191
204.500000000000	0.000000001155
205.000000000000	0.000000001172
205.500000000000	0.000000001160
206.000000000000	0.000000001158
206.500000000000	0.000000001152
207.000000000000	0.000000001173
207.500000000000	0.000000001176
208.000000000000	0.000000001170
208.500000000000	0.000000001171
209.000000000000	0.000000001167
209.500000000000	0.000000001154
210.000000000000	0.000000001163
210.500000000000	0.000000001150
211.000000000000	0.000000001158
211.500000000000	0.000000001171
212.000000000000	0.000000001181
212.500000000000	0.000000001183
213.000000000000	0.000000001180
213.500000000000	0.000000001181
214.000000000000	0.000000001171
214.500000000000	0.000000001177
215.000000000000	0.000000001188
215.500000000000	0.000000001179
216.000000000000	0.000000001170
216.500000000000	0.000000001174
217.000000000000	0.000000001160
217.500000000000	0.000000001166
218.000000000000	0.000000001165
218.500000000000	0.000000001172
219.000000000000	0.000000001171
219.500000000000	0.000000001162
220.000000000000	0.000000001154
220.500000000000	0.000000001173
221.000000000000	0.000000001165
221.500000000000	0.000000001170
222.000000000000	0.000000001170
222.500000000000	0.000000001173
223.000000000000	0.000000001167
223.500000000000	0.000000001170
224.000000000000	0.000000001168
224.500000000000	0.000000001220
225.000000000000	0.000000001178
225.500000000000	0.000000001161
226.000000000000	0.000000001184
226.500000000000	0.000000001168
227.000000000000	0.000000001147
227.500000000000	0.000000001146
228.000000000000	0.000000001176
228.500000000000	0.000000001168
229.000000000000	0.000000001165
229.500000000000	0.000000001166
230.000000000000	0.000000001161
230.500000000000	0.000000001137
231.000000000000	0.000000001175
231.500000000000	0.000000001165
232.000000000000	0.000000001161
232.500000000000	0.000000001157
233.000000000000	0.000000001147
233.500000000000	0.000000001154
234.000000000000	0.000000001165
234.500000000000	0.000000001177
235.000000000000	0.000000001161
235.500000000000	0.000000001172
236.000000000000	0.000000001184
236.500000000000	0.000000001193
237.000000000000	0.000000001186
237.500000000000	0.000000001173
238.000000000000	0.000000001155
238.500000000000	0.000000001175
239.000000000000	0.000000001177
239.500000000000	0.000000001163
240.000000000000	0.000000001162
240.500000000000	0.000000001157
241.000000000000	0.000000001176
241.500000000000	0.000000001182
242.000000000000	0.000000001163
242.500000000000	0.000000001169
243.000000000000	0.000000001178
243.500000000000	0.000000001142
244.000000000000	0.000000001142
244.500000000000	0.000000001154
245.000000000000	0.000000001154
245.500000000000	0.000000001145
246.000000000000	0.000000001143
246.500000000000	0.000000001152
247.000000000000	0.000000001166
247.500000000000	0.000000001157
248.000000000000	0.000000001158
248.500000000000	0.000000001134
249.000000000000	0.000000001160
249.500000000000	0.000000001140
250.000000000000	0.000000001150
250.500000000000	0.000000001159
251.000000000000	0.000000001161
251.500000000000	0.000000001159
252.000000000000	0.000000001161
252.500000000000	0.000000001163
253.000000000000	0.000000001161
253.500000000000	0.000000001162
254.000000000000	0.000000001142
254.500000000000	0.000000001151
255.000000000000	0.000000001164
255.500000000000	0.000000001172
256.000000000000	0.000000001171
256.500000000000	0.000000001173
257.000000000000	0.000000001172
257.500000000000	0.000000001148
258.000000000000	0.000000001147
258.500000000000	0.000000001181
259.000000000000	0.000000001208
259.500000000000	0.000000001159
260.000000000000	0.000000001148
260.500000000000	0.000000001159
261.000000000000	0.000000001128
261.500000000000	0.000000001144
262.000000000000	0.000000001156
262.500000000000	0.000000001150
263.000000000000	0.000000001161
263.500000000000	0.000000001141
264.000000000000	0.000000001151
264.500000000000	0.000000001131
265.000000000000	0.000000001163
265.500000000000	0.000000001168
266.000000000000	0.000000001165
266.500000000000	0.000000001155
267.000000000000	0.000000001209
267.500000000000	0.000000001174
268.000000000000	0.000000001173
268.500000000000	0.000000001178
269.000000000000	0.000000001182
269.500000000000	0.000000001169
270.000000000000	0.000000001180
270.500000000000	0.000000001168
271.000000000000	0.000000001165
271.500000000000	0.000000001174
272.000000000000	0.000000001166
272.500000000000	0.000000001180
273.000000000000	0.000000001154
273.500000000000	0.000000001154
274.000000000000	0.000000001174
274.500000000000	0.000000001185
275.000000000000	0.000000001189
275.500000000000	0.000000001181
276.000000000000	0.000000001160
276.500000000000	0.000000001180
277.000000000000	0.000000001178
277.500000000000	0.000000001176
278.000000000000	0.000000001152
278.500000000000	0.000000001174
279.000000000000	0.000000001177
279.500000000000	0.000000001183
280.000000000000	0.000000001177
280.500000000000	0.000000001187
281.000000000000	0.000000001193
281.500000000000	0.000000001175
282.000000000000	0.000000001196
282.500000000000	0.000000001203
283.000000000000	0.000000001163
283.500000000000	0.000000001177
284.000000000000	0.000000001185
284.500000000000	0.000000001180
285.000000000000	0.000000001187
285.500000000000	0.000000001192
286.000000000000	0.000000001205
286.500000000000	0.000000001185
287.000000000000	0.000000001187
287.500000000000	0.000000001217
288.000000000000	0.000000001206
288.500000000000	0.000000001192
289.000000000000	0.000000001190
289.500000000000	0.000000001197
290.000000000000	0.000000001192
290.500000000000	0.000000001187
291.000000000000	0.000000001181
291.500000000000	0.000000001169
292.000000000000	0.000000001157
292.500000000000	0.000000001167
293.000000000000	0.000000001175
293.500000000000	0.000000001183
294.000000000000	0.000000001183
294.500000000000	0.000000001206
295.000000000000	0.000000001191
295.500000000000	0.000000001173
296.000000000000	0.000000001181
296.500000000000	0.000000001195
297.000000000000	0.000000001174
297.500000000000	0.000000001177
298.000000000000	0.000000001168
298.500000000000	0.000000001174
299.000000000000	0.000000001203
299.500000000000	0.000000001177
