t (s)	R (ohm)
0.000	40013104.000
0.500	40160768.000
1.000	40256128.000
1.500	40133848.000
2.000	40063840.000
2.500	40064232.000
3.000	40047176.000
3.500	40005828.000
4.000	40121200.000
4.500	39968996.000
5.000	40032140.000
5.500	39990020.000
6.000	39971808.000
6.500	39930200.000
7.000	40091116.000
7.500	39899548.000
8.000	40068304.000
8.500	40107780.000
9.000	40187764.000
9.500	40167296.000
10.000	40078044.000
10.500	40218408.000
11.000	40283616.000
11.500	40199192.000
12.000	40119584.000
12.500	40268008.000
13.000	40108572.000
13.500	40033392.000
14.000	40171772.000
14.500	40228208.000
15.000	40155036.000
15.500	39969804.000
16.000	39950380.000
16.500	40031764.000
17.000	40064232.000
17.500	40146472.000
18.000	39782244.000
18.500	40004592.000
19.000	39883432.000
19.500	39942304.000
20.000	39883836.000
20.500	40785140.000
21.000	39731812.000
21.500	39595980.000
22.000	39560356.000
22.500	39765792.000
23.000	39797452.000
23.500	40065856.000
24.000	40213488.000
24.500	39926568.000
25.000	39899148.000
25.500	39887056.000
26.000	39359704.000
26.500	40157908.000
27.000	39390292.000
27.500	40012716.000
28.000	39923732.000
28.500	40007008.000
29.000	39881416.000
29.500	39987176.000
30.000	40123256.000
30.500	39971824.000
31.000	39571792.000
31.500	40034584.000
32.000	39910384.000
32.500	39958872.000
33.000	39930200.000
33.500	39870544.000
34.000	39597896.000
34.500	39878968.000
35.000	39988792.000
35.500	39929784.000
36.000	39931792.000
36.500	39996484.000
37.000	40134236.000
37.500	39710568.000
38.000	39833152.000
38.500	39858480.000
39.000	39869340.000
39.500	39795044.000
40.000	39852452.000
40.500	39720988.000
41.000	39821132.000
41.500	39746576.000
42.000	39784204.000
42.500	39906384.000
43.000	39642900.000
43.500	39638128.000
44.000	39703476.000
44.500	39752160.000
45.000	40307868.000
45.500	39882624.000
46.000	39709048.000
46.500	40010276.000
47.000	39858036.000
47.500	39913688.000
48.000	39820296.000
48.500	39819084.000
49.000	39542508.000
49.500	39598420.000
50.000	39852848.000
50.500	39650420.000
51.000	39737792.000
51.500	39792200.000
52.000	40049604.000
52.500	39800632.000
53.000	39762988.000
53.500	39673112.000
54.000	39671924.000
54.500	39687860.000
55.000	39717756.000
55.500	39786204.000
56.000	39631704.000
56.500	39432408.000
57.000	39677136.000
57.500	39717016.000
58.000	39717444.000
58.500	39684292.000
59.000	39589960.000
59.500	39642072.000
60.000	39588468.000
60.500	53732964.000
61.000	58281072.000
61.500	61228332.000
62.000	63736216.000
62.500	64689988.000
63.000	65568508.000
63.500	65008052.000
64.000	64647008.000
64.500	64686060.000
65.000	64812080.000
65.500	64223904.000
66.000	64396640.000
66.500	64520272.000
67.000	64717744.000
67.500	63915356.000
68.000	64310192.000
68.500	64223240.000
69.000	63889480.000
69.500	63322380.000
70.000	63425312.000
70.500	63489672.000
71.000	63204008.000
71.500	63104996.000
72.000	62925300.000
72.500	62748572.000
73.000	62847136.000
73.500	62691352.000
74.000	62492440.000
74.500	62626640.000
75.000	62439008.000
75.500	62365128.000
76.000	62663852.000
76.500	62598560.000
77.000	62563324.000
77.500	62562068.000
78.000	62465644.000
78.500	62640152.000
79.000	62500788.000
79.500	62114004.000
80.000	62149264.000
80.500	62025864.000
81.000	62287696.000
81.500	61766236.000
82.000	62113300.000
82.500	62156240.000
83.000	62137340.000
83.500	62269384.000
84.000	62328932.000
84.500	62386096.000
85.000	62210524.000
85.500	62427448.000
86.000	62012052.000
86.500	61914236.000
87.000	62030916.000
87.500	62622848.000
88.000	61048588.000
88.500	62018364.000
89.000	62206092.000
89.500	62030256.000
90.000	62778264.000
90.500	62144288.000
91.000	62186556.000
91.500	62092536.000
92.000	62187832.000
92.500	62379720.000
93.000	62399520.000
93.500	62226328.000
94.000	62220004.000
94.500	62289016.000
95.000	62398848.000
95.500	62536560.000
96.000	62294816.000
96.500	62061084.000
97.000	62261116.000
97.500	62558244.000
98.000	62303588.000
98.500	62184644.000
99.000	62400112.000
99.500	61861732.000
100.000	62072488.000
100.500	62167032.000
101.000	61933684.000
101.500	61989512.000
102.000	62047972.000
102.500	62900828.000
103.000	62313748.000
103.500	62168216.000
104.000	62187792.000
104.500	62344820.000
105.000	62596620.000
105.500	62344204.000
106.000	62268740.000
106.500	62210564.000
107.000	62517968.000
107.500	62223852.000
108.000	62124700.000
108.500	62187832.000
109.000	62069892.000
109.500	61955624.000
110.000	62031524.000
110.500	61951860.000
111.000	62360068.000
111.500	62131624.000
112.000	62578084.000
112.500	58705208.000
113.000	62092584.000
113.500	62284588.000
114.000	62482260.000
114.500	62248520.000
115.000	62223836.000
115.500	62147984.000
116.000	62148716.000
116.500	62141052.000
117.000	62039688.000
117.500	61930568.000
118.000	62108968.000
118.500	61928664.000
119.000	62224456.000
119.500	62025872.000
120.000	61739480.000
120.500	61884160.000
121.000	61679708.000
121.500	61910452.000
122.000	61884816.000
122.500	61948664.000
123.000	61513068.000
123.500	62029672.000
124.000	61584180.000
124.500	61701488.000
125.000	61745040.000
125.500	61548900.000
126.000	61643100.000
126.500	61837960.000
127.000	61568084.000
127.500	61556408.000
128.000	61533384.000
128.500	61623396.000
129.000	61704580.000
129.500	61856012.000
130.000	61895452.000
130.500	61841700.000
131.000	61876700.000
131.500	61821136.000
132.000	62188456.000
132.500	62367000.000
133.000	61976916.000
133.500	62252312.000
134.000	62148024.000
134.500	62088120.000
135.000	62221312.000
135.500	62106440.000
136.000	62007072.000
136.500	61798040.000
137.000	61831648.000
137.500	61929884.000
138.000	62181444.000
138.500	60769336.000
139.000	61986952.000
139.500	61183512.000
140.000	61797384.000
140.500	61800512.000
141.000	61820464.000
141.500	61879184.000
142.000	61656672.000
142.500	61990064.000
143.000	61954376.000
143.500	61578500.000
144.000	61602048.000
144.500	61355796.000
145.000	61453148.000
145.500	61715140.000
146.000	61598964.000
146.500	61504256.000
147.000	61661044.000
147.500	61605900.000
148.000	61778020.000
148.500	61606476.000
149.000	61933608.000
149.500	62051612.000
150.000	61800512.000
150.500	62208580.000
151.000	61858532.000
151.500	62005812.000
152.000	61817360.000
152.500	61826708.000
153.000	61927980.000
153.500	61907324.000
154.000	62041572.000
154.500	61886664.000
155.000	61516636.000
155.500	61413072.000
156.000	61559328.000
156.500	61504956.000
157.000	61260092.000
157.500	61732516.000
158.000	61679064.000
158.500	61542012.000
159.000	62232696.000
159.500	61848520.000
160.000	62127848.000
160.500	62193476.000
161.000	61866024.000
161.500	61673444.000
162.000	62444756.000
162.500	61943620.000
163.000	62076740.000
163.500	62056104.000
164.000	62023980.000
164.500	62211128.000
165.000	61794252.000
165.500	61836080.000
166.000	61990080.000
166.500	61854784.000
167.000	62029688.000
167.500	61815448.000
168.000	61812292.000
168.500	61817988.000
169.000	62014604.000
169.500	62225008.000
170.000	62032148.000
170.500	61900516.000
171.000	62437024.000
171.500	62442128.000
172.000	62170144.000
172.500	62513544.000
173.000	62385484.000
173.500	62458656.000
174.000	62171400.000
174.500	61986924.000
175.000	61912944.000
175.500	61778684.000
176.000	61758104.000
176.500	62212432.000
177.000	62059832.000
177.500	61826108.000
178.000	61667304.000
178.500	61862928.000
179.000	61891036.000
179.500	61736256.000
180.000	61780564.000
180.500	61927956.000
181.000	61776768.000
181.500	62031544.000
182.000	61954324.000
182.500	61862288.000
183.000	62017080.000
183.500	61609024.000
184.000	62395684.000
184.500	62317480.000
185.000	62440148.000
185.500	60847304.000
186.000	61648640.000
186.500	60904828.000
187.000	61950528.000
187.500	61871688.000
188.000	61563068.000
188.500	62143588.000
189.000	61993864.000
189.500	62029628.000
190.000	62048492.000
190.500	62261724.000
191.000	62417872.000
191.500	62514196.000
192.000	62409076.000
192.500	62241548.000
193.000	62068644.000
193.500	62338420.000
194.000	62181452.000
194.500	62494412.000
195.000	62105800.000
195.500	62081260.000
196.000	62278244.000
196.500	62049772.000
197.000	62046568.000
197.500	61886664.000
198.000	61921044.000
198.500	61831080.000
199.000	61831036.000
199.500	61428416.000
200.000	61930516.000
200.500	62226976.000
201.000	62074928.000
201.500	62073640.000
202.000	62073020.000
202.500	62586324.000
203.000	62626660.000
203.500	62284544.000
204.000	62395648.000
204.500	62242744.000
205.000	62330260.000
205.500	61926120.000
206.000	62351828.000
206.500	62085600.000
207.000	62124660.000
207.500	61913544.000
208.000	61800504.000
208.500	61859176.000
209.000	62043388.000
209.500	62078664.000
210.000	62008256.000
210.500	61906640.000
211.000	61754952.000
211.500	61704004.000
212.000	61636140.000
212.500	61877320.000
213.000	61927924.000
213.500	61970608.000
214.000	61915460.000
214.500	62063572.000
215.000	61932972.000
215.500	61821072.000
216.000	62129048.000
216.500	62221828.000
217.000	61948024.000
217.500	61721380.000
218.000	61437144.000
218.500	61818524.000
219.000	61816664.000
219.500	61764936.000
220.000	61760596.000
220.500	62026416.000
221.000	61838580.000
221.500	61740628.000
222.000	61896712.000
222.500	61926660.000
223.000	61929232.000
223.500	61850288.000
224.000	61938616.000
224.500	61861652.000
225.000	61649320.000
225.500	61491412.000
226.000	61878556.000
226.500	62110784.000
227.000	61477852.000
227.500	62049088.000
228.000	62085576.000
228.500	61971188.000
229.000	61733768.000
229.500	62012064.000
230.000	62064844.000
230.500	62121504.000
231.000	62381648.000
231.500	62160592.000
232.000	62285808.000
232.500	61956172.000
233.000	61889796.000
233.500	61847860.000
234.000	61925432.000
234.500	62254788.000
235.000	62080552.000
235.500	61894776.000
236.000	62081784.000
236.500	62116520.000
237.000	61846012.000
237.500	61774872.000
238.000	61592212.000
238.500	61469080.000
239.000	61500508.000
239.500	61519688.000
240.000	61654804.000
240.500	47475980.000
241.000	41428980.000
241.500	38575988.000
242.000	31453398.000
242.500	28677648.000
243.000	25546522.000
243.500	25000934.000
244.000	25245442.000
244.500	25531570.000
245.000	25744504.000
245.500	25876066.000
246.000	26023190.000
246.500	26196834.000
247.000	26368746.000
247.500	26528106.000
248.000	26600382.000
248.500	26641450.000
249.000	26594832.000
249.500	26732412.000
250.000	26874504.000
250.500	26940874.000
251.000	27038686.000
251.500	27083456.000
252.000	27229042.000
252.500	27188536.000
253.000	27274882.000
253.500	27407366.000
254.000	27504084.000
254.500	27549360.000
255.000	27616238.000
255.500	27592612.000
256.000	27706442.000
256.500	27625926.000
257.000	27666804.000
257.500	27747060.000
258.000	27722012.000
258.500	27762902.000
259.000	27838380.000
259.500	27785000.000
260.000	28010382.000
260.500	27976372.000
261.000	27946706.000
261.500	27989684.000
262.000	27939068.000
262.500	27954308.000
263.000	27987990.000
263.500	27980062.000
264.000	28032806.000
264.500	28084060.000
265.000	28094340.000
265.500	28076084.000
266.000	28035378.000
266.500	28020886.000
267.000	27968456.000
267.500	27955458.000
268.000	27981752.000
268.500	27957436.000
269.000	27947540.000
269.500	27990244.000
270.000	27992234.000
270.500	28010094.000
271.000	27956858.000
271.500	28078650.000
272.000	28112040.000
272.500	28096046.000
273.000	28132916.000
273.500	28093190.000
274.000	28137214.000
274.500	28153254.000
275.000	28178218.000
275.500	28196610.000
276.000	28211584.000
276.500	28216192.000
277.000	28191430.000
277.500	28198616.000
278.000	28141228.000
278.500	28226256.000
279.000	28029692.000
279.500	28181088.000
280.000	28122048.000
280.500	28226248.000
281.000	28278228.000
281.500	28323396.000
282.000	28286570.000
282.500	28277318.000
283.000	28248162.000
283.500	28277934.000
284.000	28284600.000
284.500	28369010.000
285.000	28334728.000
285.500	28376292.000
286.000	28299328.000
286.500	28359668.000
287.000	28375382.000
287.500	28459520.000
288.000	28455706.000
288.500	28443978.000
289.000	28409814.000
289.500	28414194.000
290.000	28470018.000
290.500	28536470.000
291.000	28499996.000
291.500	28396934.000
292.000	28391132.000
292.500	28473318.000
293.000	28477074.000
293.500	28379462.000
294.000	28390884.000
294.500	28446352.000
295.000	28413036.000
295.500	28420642.000
296.000	28380376.000
296.500	28404006.000
297.000	28413610.000
297.500	28393526.000
298.000	28370786.000
298.500	28398228.000
299.000	28375484.000
299.500	28339990.000
300.000	28380948.000
300.500	28410102.000
301.000	28508862.000
301.500	28339996.000
302.000	28348994.000
302.500	28397610.000
303.000	28283698.000
303.500	28245868.000
304.000	28317916.000
304.500	28383600.000
305.000	28393492.000
305.500	28432856.000
306.000	28501154.000
306.500	28465680.000
307.000	28411842.000
307.500	28383010.000
308.000	28403084.000
308.500	28339318.000
309.000	28322204.000
309.500	28290328.000
310.000	28422598.000
310.500	28424378.000
311.000	28412698.000
311.500	28420574.000
312.000	28352960.000
312.500	28421158.000
313.000	28404226.000
313.500	28342802.000
314.000	28316144.000
314.500	28531780.000
315.000	28470950.000
315.500	28395268.000
316.000	28615026.000
316.500	29252768.000
317.000	28443686.000
317.500	28455054.000
318.000	28729730.000
318.500	27371056.000
319.000	28438158.000
319.500	28372786.000
320.000	28383874.000
320.500	28364986.000
321.000	28470710.000
321.500	28480090.000
322.000	28506188.000
322.500	28498838.000
323.000	28444276.000
323.500	28459222.000
324.000	28544432.000
324.500	28323070.000
325.000	28496762.000
325.500	28634522.000
326.000	28337894.000
326.500	28564792.000
327.000	28637802.000
327.500	28654994.000
328.000	28722826.000
328.500	28689462.000
329.000	28288010.000
329.500	28494948.000
330.000	28523252.000
330.500	28502668.000
331.000	28538852.000
331.500	28528534.000
332.000	28528234.000
332.500	28490844.000
333.000	28519708.000
333.500	28517908.000
334.000	28550292.000
334.500	28610884.000
335.000	28546248.000
335.500	28627490.000
336.000	28643500.000
336.500	28628702.000
337.000	28651426.000
337.500	28560016.000
338.000	28550942.000
338.500	28639542.000
339.000	28623624.000
339.500	28444270.000
340.000	28575746.000
340.500	28475338.000
341.000	28452174.000
341.500	28500338.000
342.000	28467424.000
342.500	28432042.000
343.000	28478870.000
343.500	28482114.000
344.000	28451956.000
344.500	28433768.000
345.000	28507938.000
345.500	28551744.000
346.000	28509964.000
346.500	28528444.000
347.000	28585372.000
347.500	28539656.000
348.000	28563840.000
348.500	28621768.000
349.000	28580672.000
349.500	28578056.000
350.000	28596730.000
350.500	28577760.000
351.000	28558768.000
351.500	28617340.000
352.000	28605510.000
352.500	28607332.000
353.000	28574782.000
353.500	28637034.000
354.000	28595186.000
354.500	28677352.000
355.000	28609638.000
355.500	28679478.000
356.000	28687416.000
356.500	28644750.000
357.000	28610012.000
357.500	28630752.000
358.000	28586898.000
358.500	28550596.000
359.000	28650546.000
359.500	28528154.000
360.000	28592490.000
360.500	28602512.000
361.000	28599034.000
361.500	28590746.000
362.000	28679754.000
362.500	28638758.000
363.000	28603754.000
363.500	28559786.000
364.000	28575652.000
364.500	28530836.000
365.000	28517610.000
365.500	28579510.000
366.000	28546758.000
366.500	28594608.000
367.000	28532648.000
367.500	28528808.000
368.000	28636354.000
368.500	28627096.000
369.000	28621214.000
369.500	28656832.000
370.000	28649392.000
370.500	28684706.000
371.000	28662734.000
371.500	28691874.000
372.000	28674634.000
372.500	28669016.000
373.000	28670492.000
373.500	28623896.000
374.000	28623916.000
374.500	28613858.000
375.000	28697302.000
375.500	28632492.000
376.000	28656156.000
376.500	28658584.000
377.000	28644070.000
377.500	28693042.000
378.000	28749770.000
378.500	28760560.000
379.000	28767678.000
379.500	28738382.000
380.000	28629860.000
380.500	28672316.000
381.000	28827442.000
381.500	28620992.000
382.000	28751136.000
382.500	28769932.000
383.000	28726238.000
383.500	28633252.000
384.000	28873326.000
384.500	28794402.000
385.000	28851240.000
385.500	28777920.000
386.000	28734606.000
386.500	28739346.000
387.000	28814828.000
387.500	28809748.000
388.000	28816978.000
388.500	28785718.000
389.000	28777624.000
389.500	28714288.000
390.000	28730994.000
390.500	28690720.000
391.000	28813838.000
391.500	28694880.000
392.000	28706428.000
392.500	28733706.000
393.000	28730598.000
393.500	28756990.000
394.000	28737616.000
394.500	28705056.000
395.000	28720598.000
395.500	28770122.000
396.000	28750742.000
396.500	28548358.000
397.000	28700322.000
397.500	28737316.000
398.000	28779776.000
398.500	28602674.000
399.000	28608260.000
399.500	28722926.000
400.000	28764754.000
400.500	28678598.000
401.000	28696146.000
401.500	28734880.000
402.000	28758524.000
402.500	28701274.000
403.000	28688960.000
403.500	28753178.000
404.000	28692848.000
404.500	28681214.000
405.000	28673760.000
405.500	28645232.000
406.000	28731566.000
406.500	28713992.000
407.000	28724198.000
407.500	28779080.000
408.000	28666304.000
408.500	28702644.000
409.000	28697012.000
409.500	28702930.000
410.000	28706818.000
410.500	28699926.000
411.000	28745580.000
411.500	28696722.000
412.000	28670176.000
412.500	28729826.000
413.000	28722928.000
413.500	28690422.000
414.000	28705648.000
414.500	28686842.000
415.000	28659736.000
415.500	28576224.000
416.000	28795456.000
416.500	28768254.000
417.000	28443470.000
417.500	28775580.000
418.000	28737222.000
418.500	28734312.000
419.000	28705060.000
419.500	28647356.000
420.000	28710398.000
420.500	28771578.000
421.000	28679370.000
421.500	28800360.000
422.000	28653540.000
422.500	28725938.000
423.000	28796444.000
423.500	28788630.000
424.000	28770692.000
424.500	28702938.000
425.000	28779378.000
425.500	28764748.000
426.000	28736326.000
426.500	28714574.000
427.000	28681214.000
427.500	28690710.000
428.000	28675012.000
428.500	28588424.000
429.000	28705642.000
429.500	28634600.000
430.000	28768076.000
430.500	28729240.000
431.000	28603556.000
431.500	28773830.000
432.000	28719422.000
432.500	28655970.000
433.000	28676460.000
433.500	28742940.000
434.000	28687804.000
434.500	28694586.000
435.000	28654494.000
435.500	28649472.000
436.000	28658864.000
436.500	28710206.000
437.000	28831462.000
437.500	28789916.000
438.000	28836738.000
438.500	28796954.000
439.000	28798600.000
439.500	28842226.000
440.000	28799880.000
440.500	28844680.000
441.000	28771084.000
441.500	28786010.000
442.000	28736332.000
442.500	28745090.000
443.000	28622160.000
443.500	28732148.000
444.000	28800940.000
444.500	28748298.000
445.000	28796852.000
445.500	28814532.000
446.000	28876258.000
446.500	28890260.000
447.000	28863596.000
447.500	28828702.000
448.000	28808864.000
448.500	28762318.000
449.000	28823520.000
449.500	28755790.000
450.000	28891096.000
450.500	28924540.000
451.000	28877724.000
451.500	28780650.000
452.000	28903666.000
452.500	28866648.000
453.000	28878728.000
453.500	28834390.000
454.000	28848776.000
454.500	28775282.000
455.000	28765724.000
455.500	28757846.000
456.000	28760850.000
456.500	28725052.000
457.000	28788738.000
457.500	28792656.000
458.000	28773126.000
458.500	28798600.000
459.000	28785722.000
459.500	28838602.000
460.000	28763602.000
460.500	28716128.000
461.000	28751902.000
461.500	28710390.000
462.000	28774592.000
462.500	28701466.000
463.000	28770692.000
463.500	28774304.000
464.000	28698760.000
464.500	28756666.000
465.000	28688676.000
465.500	28749172.000
466.000	28724078.000
466.500	28738464.000
467.000	28825676.000
467.500	28814994.000
468.000	28844574.000
468.500	28761434.000
469.000	28806702.000
469.500	28904242.000
470.000	28770394.000
470.500	28797900.000
471.000	28802798.000
471.500	28904534.000
472.000	28711272.000
472.500	28861720.000
473.000	28750618.000
473.500	28718062.000
474.000	28733504.000
474.500	28884872.000
475.000	28704378.000
475.500	28760270.000
476.000	28760560.000
476.500	28739928.000
477.000	28798002.000
477.500	28722628.000
478.000	28762402.000
478.500	28797712.000
479.000	28827610.000
479.500	28836138.000
480.000	28880942.000
480.500	28776728.000
481.000	28808750.000
481.500	28794004.000
482.000	28803960.000
482.500	28899724.000
483.000	28883694.000
483.500	28806120.000
484.000	28868108.000
484.500	28873788.000
485.000	28913126.000
485.500	28846608.000
486.000	28852416.000
486.500	28826850.000
487.000	28846026.000
487.500	28961684.000
488.000	28863772.000
488.500	28898720.000
489.000	28870326.000
489.500	28840814.000
490.000	28858084.000
490.500	28914756.000
491.000	28933584.000
491.500	28871336.000
492.000	28917228.000
492.500	28947190.000
493.000	29059380.000
493.500	28977054.000
494.000	28870170.000
494.500	28975444.000
495.000	28745854.000
495.500	29072668.000
496.000	28860542.000
496.500	29722280.000
497.000	29026260.000
497.500	28966358.000
498.000	28986732.000
498.500	29026276.000
499.000	29064110.000
499.500	28933592.000
500.000	28897840.000
500.500	28973546.000
501.000	28934750.000
501.500	28826152.000
502.000	29276506.000
502.500	28794100.000
503.000	28976486.000
503.500	29041994.000
504.000	29046124.000
504.500	29034490.000
505.000	28968710.000
505.500	28944408.000
506.000	28942950.000
506.500	28907884.000
507.000	28853866.000
507.500	28911524.000
508.000	28945122.000
508.500	28880048.000
509.000	28931128.000
509.500	28869568.000
510.000	28825378.000
510.500	28848768.000
511.000	28803776.000
511.500	28832524.000
512.000	28929934.000
512.500	28937242.000
513.000	28942068.000
513.500	29000688.000
514.000	29035076.000
514.500	28987310.000
515.000	28961228.000
515.500	29005808.000
516.000	28907016.000
516.500	28926124.000
517.000	29043330.000
517.500	29018172.000
518.000	28916186.000
518.500	28856040.000
519.000	28971780.000
519.500	28820876.000
520.000	28965048.000
520.500	28956692.000
521.000	28958742.000
521.500	28953618.000
522.000	28958458.000
522.500	28955384.000
523.000	29007128.000
523.500	28990404.000
524.000	29068382.000
524.500	29021404.000
525.000	29071180.000
525.500	29055836.000
526.000	28982342.000
526.500	28977218.000
527.000	28993052.000
527.500	28969876.000
528.000	28993648.000
528.500	29021694.000
529.000	29016840.000
529.500	29023458.000
530.000	29012440.000
530.500	29045528.000
531.000	29085940.000
531.500	29025368.000
532.000	29081064.000
532.500	29095258.000
533.000	29046856.000
533.500	29090222.000
534.000	29062776.000
534.500	29053050.000
535.000	28973848.000
535.500	28986008.000
536.000	28962102.000
536.500	28997602.000
537.000	29023754.000
537.500	29010372.000
538.000	28995530.000
538.500	28944546.000
539.000	28976046.000
539.500	29040384.000
540.000	29012302.000
540.500	29069700.000
541.000	29041258.000
541.500	29052748.000
542.000	29047736.000
542.500	28980300.000
543.000	28979848.000
543.500	29067632.000
544.000	29050828.000
544.500	29020372.000
545.000	28912576.000
545.500	29010370.000
546.000	28952320.000
546.500	29011400.000
547.000	29028314.000
547.500	28991134.000
548.000	28969438.000
548.500	28831054.000
549.000	28996420.000
549.500	29107378.000
550.000	29079752.000
550.500	28934174.000
551.000	28971620.000
551.500	28968838.000
552.000	29069556.000
552.500	28994656.000
553.000	29028596.000
553.500	29008762.000
554.000	29014630.000
554.500	29029774.000
555.000	29087272.000
555.500	29050826.000
556.000	29082832.000
556.500	29094492.000
557.000	29115636.000
557.500	29113424.000
558.000	29087860.000
558.500	29040520.000
559.000	29095240.000
559.500	29065566.000
560.000	29013750.000
560.500	29049642.000
561.000	29061294.000
561.500	29006110.000
562.000	28963280.000
562.500	29026692.000
563.000	29094354.000
563.500	28914752.000
564.000	29044496.000
564.500	28952600.000
565.000	29060552.000
565.500	29042872.000
566.000	29059962.000
566.500	28999050.000
567.000	29047588.000
567.500	28957736.000
568.000	29034048.000
568.500	29041394.000
569.000	29018748.000
569.500	29059372.000
570.000	29003906.000
570.500	29124392.000
571.000	29048462.000
571.500	29079000.000
572.000	28997888.000
572.500	29026974.000
573.000	29082384.000
573.500	29120698.000
574.000	29069244.000
574.500	29104436.000
575.000	29055838.000
575.500	29101756.000
576.000	29058944.000
576.500	29077072.000
577.000	29026532.000
577.500	29079450.000
578.000	29070136.000
578.500	29030798.000
579.000	29007416.000
579.500	28987028.000
580.000	29022852.000
580.500	28971778.000
581.000	29008886.000
581.500	28959328.000
582.000	28881914.000
582.500	28973666.000
583.000	28934600.000
583.500	28911228.000
584.000	28988774.000
584.500	29005226.000
585.000	29022268.000
585.500	28994356.000
586.000	28945118.000
586.500	28918102.000
587.000	28901886.000
587.500	29030214.000
588.000	29028158.000
588.500	29128098.000
589.000	29053334.000
589.500	29106928.000
590.000	29134446.000
590.500	29065280.000
591.000	29060112.000
591.500	29054508.000
592.000	29044200.000
592.500	29054952.000
593.000	29069844.000
593.500	29063210.000
594.000	29057754.000
594.500	29098342.000
595.000	29109284.000
595.500	29049344.000
596.000	29056726.000
596.500	29055544.000
597.000	29063218.000
597.500	29037866.000
598.000	29039932.000
598.500	28987896.000
599.000	29077222.000
599.500	29130458.000
