t (s)	R (ohm)
0.000	34848380.000
0.500	34904416.000
1.000	34853104.000
1.500	34812288.000
2.000	34882404.000
2.500	34823860.000
3.000	34971912.000
3.500	34892808.000
4.000	34835036.000
4.500	34791464.000
5.000	34890328.000
5.500	34854160.000
6.000	34834336.000
6.500	34721356.000
7.000	34810516.000
7.500	34872212.000
8.000	34827840.000
8.500	34701672.000
9.000	34753248.000
9.500	34750432.000
10.000	34764056.000
10.500	34798256.000
11.000	34773800.000
11.500	34835036.000
12.000	34876948.000
12.500	34837128.000
13.000	34804720.000
13.500	34825568.000
14.000	34813312.000
14.500	34815076.000
15.000	34783780.000
15.500	34814732.000
16.000	34783768.000
16.500	34918800.000
17.000	35062880.000
17.500	34777296.000
18.000	34948576.000
18.500	34811532.000
19.000	34820136.000
19.500	34771528.000
20.000	34773284.000
20.500	34796000.000
21.000	34765424.000
21.500	34862376.000
22.000	34748188.000
22.500	34818384.000
23.000	34751092.000
23.500	34828508.000
24.000	34801748.000
24.500	34741356.000
25.000	34801408.000
25.500	34700584.000
26.000	34794564.000
26.500	34751788.000
27.000	34855860.000
27.500	34789996.000
28.000	34778452.000
28.500	34855148.000
29.000	34760120.000
29.500	34844056.000
30.000	34779152.000
30.500	34804680.000
31.000	34717064.000
31.500	34857736.000
32.000	34823060.000
32.500	34822704.000
33.000	34827060.000
33.500	34772676.000
34.000	34775856.000
34.500	34820568.000
35.000	34671896.000
35.500	34806080.000
36.000	34799364.000
36.500	34622676.000
37.000	34725248.000
37.500	34741420.000
38.000	34766200.000
38.500	34737788.000
39.000	34742148.000
39.500	34854772.000
40.000	34680540.000
40.500	34656932.000
41.000	34733564.000
41.500	34719264.000
42.000	34636268.000
42.500	34715640.000
43.000	34712700.000
43.500	34678420.000
44.000	34817736.000
44.500	34738968.000
45.000	34711988.000
45.500	34613428.000
46.000	34618432.000
46.500	34677592.000
47.000	34623088.000
47.500	34600968.000
48.000	34778048.000
48.500	34656192.000
49.000	34596660.000
49.500	34655508.000
50.000	34466584.000
50.500	34525604.000
51.000	34492384.000
51.500	34576064.000
52.000	34624840.000
52.500	34587100.000
53.000	34486016.000
53.500	34642908.000
54.000	32801046.000
54.500	34625420.000
55.000	34595240.000
55.500	34616652.000
56.000	34522108.000
56.500	34504744.000
57.000	34578160.000
57.500	34594876.000
58.000	34553996.000
58.500	34542276.000
59.000	34583844.000
59.500	28572964.000
60.000	23025634.000
60.500	21118268.000
61.000	19779814.000
61.500	19008606.000
62.000	19110366.000
62.500	19317482.000
63.000	19428420.000
63.500	20089940.000
64.000	20141078.000
64.500	20164670.000
65.000	20270030.000
65.500	20317054.000
66.000	20338792.000
66.500	20413350.000
67.000	20459910.000
67.500	20499406.000
68.000	20531316.000
68.500	20578452.000
69.000	20591834.000
69.500	20578508.000
70.000	20643344.000
70.500	20698656.000
71.000	20705370.000
71.500	20740090.000
72.000	20794382.000
72.500	20784514.000
73.000	20839112.000
73.500	20835278.000
74.000	20875050.000
74.500	20847514.000
75.000	20870440.000
75.500	20890058.000
76.000	20901308.000
76.500	20904148.000
77.000	20944284.000
77.500	20962248.000
78.000	20944400.000
78.500	20946504.000
79.000	20956442.000
79.500	20969130.000
80.000	20960030.000
80.500	20965110.000
81.000	20986926.000
81.500	20983112.000
82.000	20994876.000
82.500	20989042.000
83.000	20998054.000
83.500	20988304.000
84.000	20982258.000
84.500	20994554.000
85.000	20991584.000
85.500	21014310.000
86.000	20999332.000
86.500	20989042.000
87.000	20987558.000
87.500	20981624.000
88.000	20994238.000
88.500	21043358.000
89.000	21041870.000
89.500	21044110.000
90.000	21052742.000
90.500	21064064.000
91.000	21057438.000
91.500	21045928.000
92.000	21070366.000
92.500	21053068.000
93.000	21059360.000
93.500	21069724.000
94.000	21051036.000
94.500	21068118.000
95.000	21026426.000
95.500	21095936.000
96.000	21069612.000
96.500	21075490.000
97.000	21104724.000
97.500	21066306.000
98.000	21079978.000
98.500	21077092.000
99.000	21038666.000
99.500	21063844.000
100.000	21056262.000
100.500	21058936.000
101.000	21061056.000
101.500	21051130.000
102.000	21072172.000
102.500	21061172.000
103.000	21097960.000
103.500	21075694.000
104.000	21079006.000
104.500	21108354.000
105.000	21033758.000
105.500	21097744.000
106.000	21116082.000
106.500	21074300.000
107.000	21063948.000
107.500	21078904.000
108.000	21106436.000
108.500	21085854.000
109.000	21079118.000
109.500	21129080.000
110.000	21115326.000
110.500	21102454.000
111.000	21131206.000
111.500	21113280.000
112.000	21114566.000
112.500	21097522.000
113.000	21111038.000
113.500	21126174.000
114.000	21122184.000
114.500	21125408.000
115.000	21100624.000
115.500	21127572.000
116.000	21147132.000
116.500	21140470.000
117.000	21137884.000
117.500	21130684.000
118.000	21119828.000
118.500	21105030.000
119.000	21121776.000
119.500	21151350.000
120.000	21145422.000
120.500	21128208.000
121.000	21141116.000
121.500	21109744.000
122.000	21115864.000
122.500	21124028.000
123.000	21115436.000
123.500	21135736.000
124.000	21130346.000
124.500	21138520.000
125.000	21199800.000
125.500	21168474.000
126.000	21107492.000
126.500	21110816.000
127.000	21147890.000
127.500	21140138.000
128.000	21124854.000
128.500	21136372.000
129.000	21133470.000
129.500	21113490.000
130.000	21088734.000
130.500	21117562.000
131.000	21090980.000
131.500	21103836.000
132.000	21122832.000
132.500	21129266.000
133.000	21145934.000
133.500	21110680.000
134.000	21087120.000
134.500	21081982.000
135.000	21122284.000
135.500	21086262.000
136.000	21090330.000
136.500	21090444.000
137.000	21116708.000
137.500	21128624.000
138.000	21137438.000
138.500	21137228.000
139.000	21134114.000
139.500	21147760.000
140.000	21129382.000
140.500	21107902.000
141.000	21145288.000
141.500	21135396.000
142.000	21173204.000
142.500	21148734.000
143.000	21161758.000
143.500	21153376.000
144.000	21142496.000
144.500	21172990.000
145.000	21162216.000
145.500	21126452.000
146.000	21131422.000
146.500	21151538.000
147.000	21144642.000
147.500	21163594.000
148.000	21167260.000
148.500	21168336.000
149.000	21154450.000
149.500	21163798.000
150.000	21168026.000
150.500	21154318.000
151.000	21158540.000
151.500	21154660.000
152.000	21157774.000
152.500	21185520.000
153.000	21149704.000
153.500	21152724.000
154.000	21164900.000
154.500	21178930.000
155.000	21203772.000
155.500	21168884.000
156.000	21176440.000
156.500	21169856.000
157.000	21210280.000
157.500	21185178.000
158.000	21196220.000
158.500	21170286.000
159.000	21204324.000
159.500	21189838.000
160.000	21195880.000
160.500	21213418.000
161.000	21172424.000
161.500	21175240.000
162.000	21148720.000
162.500	21180974.000
163.000	21154952.000
163.500	21182254.000
164.000	21167460.000
164.500	21180418.000
165.000	21169726.000
165.500	21171134.000
166.000	21169082.000
166.500	21166814.000
167.000	21176520.000
167.500	21164984.000
168.000	21187428.000
168.500	21189496.000
169.000	21179770.000
169.500	21191238.000
170.000	21194582.000
170.500	21197070.000
171.000	21221222.000
171.500	21184654.000
172.000	21173304.000
172.500	21201956.000
173.000	21206928.000
173.500	21197404.000
174.000	21164150.000
174.500	21167274.000
175.000	21168558.000
175.500	21153140.000
176.000	21176214.000
176.500	21168772.000
177.000	21194028.000
177.500	21167790.000
178.000	21203454.000
178.500	21186784.000
179.000	21165430.000
179.500	21189478.000
180.000	21210482.000
180.500	21182252.000
181.000	21171132.000
181.500	21198480.000
182.000	21183526.000
182.500	21197272.000
183.000	21233460.000
183.500	21208208.000
184.000	21195000.000
184.500	21203662.000
185.000	21175866.000
185.500	21190244.000
186.000	21180616.000
186.500	21185490.000
187.000	21200182.000
187.500	21192522.000
188.000	21194226.000
188.500	21223146.000
189.000	21203098.000
189.500	21195084.000
190.000	21186768.000
190.500	21198346.000
191.000	21211334.000
191.500	21200610.000
192.000	21178562.000
192.500	21189472.000
193.000	21206868.000
193.500	21196836.000
194.000	21184720.000
194.500	21191952.000
195.000	21170562.000
195.500	21213606.000
196.000	21203092.000
196.500	21199532.000
197.000	21194434.000
197.500	21220086.000
198.000	21215958.000
198.500	21225834.000
199.000	21183948.000
199.500	21221284.000
200.000	21199616.000
200.500	21222356.000
201.000	21253502.000
201.500	21237960.000
202.000	21254062.000
202.500	21251132.000
203.000	21261478.000
203.500	21273990.000
204.000	21260834.000
204.500	21269550.000
205.000	21261988.000
205.500	21267342.000
206.000	21285564.000
206.500	21259832.000
207.000	21268544.000
207.500	21227260.000
208.000	21253326.000
208.500	21251906.000
209.000	21243640.000
209.500	21272988.000
210.000	21258328.000
210.500	21270402.000
211.000	21226902.000
211.500	21226264.000
212.000	21227892.000
212.500	21210764.000
213.000	21266124.000
213.500	21233656.000
214.000	21249272.000
214.500	21243072.000
215.000	21216936.000
215.500	21241998.000
216.000	21212386.000
216.500	21250990.000
217.000	21254912.000
217.500	21251124.000
218.000	21145224.000
218.500	21165920.000
219.000	21248408.000
219.500	21245700.000
220.000	21278040.000
220.500	21274758.000
221.000	21285984.000
221.500	21279550.000
222.000	21278978.000
222.500	21263020.000
223.000	21272390.000
223.500	21230084.000
224.000	21257594.000
224.500	21255736.000
225.000	21272168.000
225.500	21264450.000
226.000	21281188.000
226.500	21300304.000
227.000	21288194.000
227.500	21251164.000
228.000	21218474.000
228.500	21283048.000
229.000	21313642.000
229.500	21304104.000
230.000	21306828.000
230.500	21279542.000
231.000	21307044.000
231.500	21336276.000
232.000	21341316.000
232.500	21314072.000
233.000	21294068.000
233.500	21305106.000
234.000	21291558.000
234.500	21310766.000
235.000	21284690.000
235.500	21273454.000
236.000	21305390.000
236.500	21299292.000
237.000	21298218.000
237.500	21289990.000
238.000	21311844.000
238.500	21299940.000
239.000	21352610.000
239.500	21299294.000
240.000	25346086.000
240.500	32971780.000
241.000	38922140.000
241.500	51165920.000
242.000	57535424.000
242.500	56329200.000
243.000	55537284.000
243.500	54761692.000
244.000	53954936.000
244.500	53664328.000
245.000	52955916.000
245.500	52546272.000
246.000	51987864.000
246.500	51588316.000
247.000	51243384.000
247.500	51086608.000
248.000	50871156.000
248.500	50469784.000
249.000	50193052.000
249.500	49835888.000
250.000	49709096.000
250.500	49453112.000
251.000	49295380.000
251.500	49075228.000
252.000	48998812.000
252.500	48841004.000
253.000	48699172.000
253.500	48461024.000
254.000	48460520.000
254.500	48199288.000
255.000	47981968.000
255.500	48071852.000
256.000	48013020.000
256.500	48047532.000
257.000	47686004.000
257.500	47880788.000
258.000	47655896.000
258.500	47639540.000
259.000	47689828.000
259.500	47039492.000
260.000	46975780.000
260.500	47747872.000
261.000	47299176.000
261.500	46819168.000
262.000	46721984.000
262.500	46441120.000
263.000	46999548.000
263.500	46707172.000
264.000	46951596.000
264.500	46655884.000
265.000	46432580.000
265.500	46332304.000
266.000	46302636.000
266.500	46223048.000
267.000	46357328.000
267.500	46554188.000
268.000	46532276.000
268.500	46575184.000
269.000	46618656.000
269.500	46431608.000
270.000	46587068.000
270.500	46632884.000
271.000	46509424.000
271.500	46386620.000
272.000	46247480.000
272.500	46256896.000
273.000	46345952.000
273.500	46268652.000
274.000	46117596.000
274.500	46234808.000
275.000	46288896.000
275.500	46282288.000
276.000	46180792.000
276.500	46162036.000
277.000	46064828.000
277.500	45980056.000
278.000	45990300.000
278.500	45981464.000
279.000	45956856.000
279.500	45958724.000
280.000	45857256.000
280.500	45795336.000
281.000	45884064.000
281.500	45870652.000
282.000	45868316.000
282.500	45829512.000
283.000	45725872.000
283.500	45806440.000
284.000	45948456.000
284.500	45712056.000
285.000	45754340.000
285.500	45661120.000
286.000	45701496.000
286.500	45848436.000
287.000	45650620.000
287.500	45798112.000
288.000	45823052.000
288.500	45566444.000
289.000	45608492.000
289.500	45588364.000
290.000	45613088.000
290.500	45717580.000
291.000	45600260.000
291.500	45578332.000
292.000	45454468.000
292.500	45602556.000
293.000	45632748.000
293.500	45557316.000
294.000	45651972.000
294.500	45390956.000
295.000	45515388.000
295.500	45485356.000
296.000	45461692.000
296.500	45576936.000
297.000	45462148.000
297.500	45388652.000
298.000	45420828.000
298.500	45334784.000
299.000	45261260.000
299.500	45314004.000
300.000	45265816.000
300.500	45254104.000
301.000	45276624.000
301.500	45483964.000
302.000	45470732.000
302.500	45491624.000
303.000	45295540.000
303.500	45316760.000
304.000	45252260.000
304.500	45218916.000
305.000	45117128.000
305.500	45277340.000
306.000	45190636.000
306.500	45117564.000
307.000	45135904.000
307.500	45250388.000
308.000	45143908.000
308.500	45135900.000
309.000	45128808.000
309.500	45104548.000
310.000	45099736.000
310.500	45096980.000
311.000	44945548.000
311.500	45118488.000
312.000	45079176.000
312.500	45096532.000
313.000	45081912.000
313.500	45129212.000
314.000	45159672.000
314.500	45236372.000
315.000	45177104.000
315.500	44972080.000
316.000	45104080.000
316.500	45007360.000
317.000	45137676.000
317.500	45135856.000
318.000	45022364.000
318.500	45015300.000
319.000	44981392.000
319.500	44926000.000
320.000	44958648.000
320.500	44786480.000
321.000	44999084.000
321.500	44897396.000
322.000	45061088.000
322.500	45039216.000
323.000	45012536.000
323.500	45030772.000
324.000	44995024.000
324.500	44898360.000
325.000	44869580.000
325.500	44815552.000
326.000	44879308.000
326.500	44853936.000
327.000	44826156.000
327.500	44951168.000
328.000	44766644.000
328.500	44740964.000
329.000	44880204.000
329.500	44950688.000
330.000	44928900.000
330.500	44820092.000
331.000	44899224.000
331.500	44944792.000
332.000	44895556.000
332.500	44898760.000
333.000	44765704.000
333.500	44867272.000
334.000	44769336.000
334.500	44795244.000
335.000	44869532.000
335.500	44815968.000
336.000	44749080.000
336.500	44805364.000
337.000	44857992.000
337.500	44772500.000
338.000	44761452.000
338.500	44719640.000
339.000	44621996.000
339.500	44687932.000
340.000	44581200.000
340.500	44528300.000
341.000	44467768.000
341.500	44656796.000
342.000	44648028.000
342.500	44549276.000
343.000	44704500.000
343.500	44875116.000
344.000	44687452.000
344.500	44575780.000
345.000	44741648.000
345.500	44695328.000
346.000	44605480.000
346.500	44526028.000
347.000	44617784.000
347.500	44574848.000
348.000	44503276.000
348.500	44462816.000
349.000	44412872.000
349.500	44587616.000
350.000	44667724.000
350.500	44628292.000
351.000	44406512.000
351.500	44538764.000
352.000	44536500.000
352.500	44516888.000
353.000	44565216.000
353.500	44515092.000
354.000	44420060.000
354.500	44386564.000
355.000	44566144.000
355.500	44367120.000
356.000	44314676.000
356.500	44512800.000
357.000	44318740.000
357.500	44453588.000
358.000	44408276.000
358.500	44396940.000
359.000	44387444.000
359.500	44297048.000
360.000	44287124.000
360.500	44291160.000
361.000	44228172.000
361.500	44354424.000
362.000	44169336.000
362.500	44210156.000
363.000	44051276.000
363.500	44069996.000
364.000	44177820.000
364.500	44130332.000
365.000	44180976.000
365.500	44144216.000
366.000	44094564.000
366.500	44089180.000
367.000	43955140.000
367.500	43946708.000
368.000	44051700.000
368.500	43975576.000
369.000	43898832.000
369.500	43952924.000
370.000	43936056.000
370.500	43918316.000
371.000	43880236.000
371.500	43840448.000
372.000	43916548.000
372.500	43845716.000
373.000	43885960.000
373.500	43877992.000
374.000	43859432.000
374.500	43839096.000
375.000	43858976.000
375.500	43819656.000
376.000	43810404.000
376.500	43885052.000
377.000	43887284.000
377.500	43916512.000
378.000	43903656.000
378.500	43953324.000
379.000	43834220.000
379.500	43842596.000
380.000	43932908.000
380.500	43831968.000
381.000	43707824.000
381.500	43776408.000
382.000	43763180.000
382.500	43794476.000
383.000	43817896.000
383.500	43769848.000
384.000	43759712.000
384.500	43711348.000
385.000	43760128.000
385.500	43849232.000
386.000	43643376.000
386.500	43565580.000
387.000	43651652.000
387.500	43574272.000
388.000	43603576.000
388.500	43555548.000
389.000	43571628.000
389.500	43563364.000
390.000	43713896.000
390.500	43623212.000
391.000	43525884.000
391.500	43601328.000
392.000	43477616.000
392.500	43507616.000
393.000	43607516.000
393.500	43467616.000
394.000	43450244.000
394.500	43572072.000
395.000	43452452.000
395.500	43587840.000
396.000	43481984.000
396.500	43585648.000
397.000	43660412.000
397.500	43719644.000
398.000	43742964.000
398.500	43752636.000
399.000	43721836.000
399.500	43620200.000
400.000	43657396.000
400.500	43663952.000
401.000	43752628.000
401.500	43607048.000
402.000	43594784.000
402.500	43676660.000
403.000	43635896.000
403.500	43674444.000
404.000	43684540.000
404.500	43578208.000
405.000	43559016.000
405.500	43596548.000
406.000	43557272.000
406.500	43549440.000
407.000	43497560.000
407.500	43367552.000
408.000	43356284.000
408.500	43317448.000
409.000	43333916.000
409.500	43386560.000
410.000	43372800.000
410.500	43380576.000
411.000	43459040.000
411.500	43297292.000
412.000	43296856.000
412.500	43365024.000
413.000	43277888.000
413.500	43286088.000
414.000	43266716.000
414.500	43348512.000
415.000	43387428.000
415.500	43436396.000
416.000	43470176.000
416.500	43558988.000
417.000	43394748.000
417.500	43380972.000
418.000	43492372.000
418.500	43570788.000
419.000	43383448.000
419.500	43464600.000
420.000	43406908.000
420.500	43371912.000
421.000	43436368.000
421.500	43445928.000
422.000	43475012.000
422.500	43494156.000
423.000	43519296.000
423.500	43522836.000
424.000	43313584.000
424.500	43338108.000
425.000	43237832.000
425.500	43258532.000
426.000	43314024.000
426.500	43358860.000
427.000	43255432.000
427.500	43301460.000
428.000	43238720.000
428.500	43403348.000
429.000	43294188.000
429.500	43318680.000
430.000	43122956.000
430.500	43170016.000
431.000	43174188.000
431.500	43260968.000
432.000	43223120.000
432.500	43229508.000
433.000	43173768.000
433.500	43278572.000
434.000	43174636.000
434.500	43215428.000
435.000	43139136.000
435.500	43270836.000
436.000	43240252.000
436.500	43230812.000
437.000	43177244.000
437.500	43206404.000
438.000	43062684.000
438.500	43015832.000
439.000	42978436.000
439.500	43152704.000
440.000	43060924.000
440.500	43060056.000
441.000	43119428.000
441.500	43160124.000
442.000	43101964.000
442.500	43037180.000
443.000	42990836.000
443.500	43056356.000
444.000	42982812.000
444.500	43115272.000
445.000	43045668.000
445.500	43051520.000
446.000	43076392.000
446.500	43104540.000
447.000	43097796.000
447.500	43041516.000
448.000	43002328.000
448.500	42840072.000
449.000	42936572.000
449.500	42853696.000
450.000	42918360.000
450.500	42908188.000
451.000	42961916.000
451.500	43021472.000
452.000	43041064.000
452.500	42871844.000
453.000	42886080.000
453.500	42833844.000
454.000	42949336.000
454.500	42784464.000
455.000	42813992.000
455.500	42850652.000
456.000	42820672.000
456.500	42895844.000
457.000	42963220.000
457.500	42962800.000
458.000	42836592.000
458.500	42915300.000
459.000	42879388.000
459.500	42866196.000
460.000	42819784.000
460.500	43006004.000
461.000	42827308.000
461.500	42837456.000
462.000	42925632.000
462.500	42793900.000
463.000	42873728.000
463.500	42772152.000
464.000	42773912.000
464.500	42837024.000
465.000	42823380.000
465.500	42704904.000
466.000	42733880.000
466.500	42709692.000
467.000	42765924.000
467.500	42796872.000
468.000	42560016.000
468.500	42494248.000
469.000	42464760.000
469.500	42611996.000
470.000	42525144.000
470.500	42533840.000
471.000	42607148.000
471.500	42652220.000
472.000	42647776.000
472.500	42573476.000
473.000	42477728.000
473.500	42548228.000
474.000	42432568.000
474.500	42423884.000
475.000	42513372.000
475.500	42569588.000
476.000	42591384.000
476.500	42689916.000
477.000	42643872.000
477.500	42573892.000
478.000	42562976.000
478.500	42642148.000
479.000	42678976.000
479.500	42643004.000
480.000	42692480.000
480.500	42814796.000
481.000	42835244.000
481.500	42791068.000
482.000	42768192.000
482.500	42894612.000
483.000	42741796.000
483.500	42771248.000
484.000	42807404.000
484.500	42713236.000
485.000	42623752.000
485.500	42729932.000
486.000	42705292.000
486.500	42549084.000
487.000	42662240.000
487.500	42702688.000
488.000	42523364.000
488.500	42623744.000
489.000	42577844.000
489.500	42495100.000
490.000	42437776.000
490.500	42630772.000
491.000	42604928.000
491.500	42559948.000
492.000	42566508.000
492.500	42511532.000
493.000	42672732.000
493.500	42572560.000
494.000	42610112.000
494.500	42554656.000
495.000	42522476.000
495.500	42462436.000
496.000	42488088.000
496.500	42448620.000
497.000	42442492.000
497.500	42609756.000
498.000	42424296.000
498.500	42423824.000
499.000	42463296.000
499.500	42635500.000
500.000	42554216.000
500.500	42271812.000
501.000	42325248.000
501.500	42390060.000
502.000	42517180.000
502.500	42527200.000
503.000	42368444.000
503.500	42414724.000
504.000	42432504.000
504.500	42416892.000
505.000	42397004.000
505.500	42522032.000
506.000	42441624.000
506.500	42415152.000
507.000	42400824.000
507.500	42377944.000
508.000	42262352.000
508.500	42351980.000
509.000	42326128.000
509.500	42365832.000
510.000	42393504.000
510.500	42502852.000
511.000	42425528.000
511.500	42506728.000
512.000	42449408.000
512.500	42345984.000
513.000	42413408.000
513.500	42375336.000
514.000	42335128.000
514.500	42447244.000
515.000	42346828.000
515.500	42331284.000
516.000	42184220.000
516.500	42266244.000
517.000	42393944.000
517.500	42194512.000
518.000	42138012.000
518.500	42176924.000
519.000	42175220.000
519.500	42124320.000
520.000	42211252.000
520.500	42111928.000
521.000	42201852.000
521.500	42180356.000
522.000	42211220.000
522.500	42098244.000
523.000	42221936.000
523.500	42131564.000
524.000	42070532.000
524.500	42161516.000
525.000	42150804.000
525.500	42203932.000
526.000	42306712.000
526.500	42195772.000
527.000	42224516.000
527.500	42271824.000
528.000	42191084.000
528.500	42196640.000
529.000	42154664.000
529.500	42148232.000
530.000	42034328.000
530.500	42177776.000
531.000	42115748.000
531.500	42040280.000
532.000	42265772.000
532.500	42283844.000
533.000	42131120.000
533.500	42222816.000
534.000	42160628.000
534.500	41930324.000
535.000	42076040.000
535.500	42004552.000
536.000	42099932.000
536.500	42065808.000
537.000	41980308.000
537.500	42007076.000
538.000	41996892.000
538.500	41980752.000
539.000	41865652.000
539.500	41944284.000
540.000	42027060.000
540.500	41964636.000
541.000	41973552.000
541.500	41880408.000
542.000	41855524.000
542.500	41918032.000
543.000	41899856.000
543.500	41892244.000
544.000	42008784.000
544.500	41952336.000
545.000	42053868.000
545.500	41958224.000
546.000	41844524.000
546.500	41950184.000
547.000	41921368.000
547.500	41918012.000
548.000	41866048.000
548.500	41917632.000
549.000	41908752.000
549.500	41889240.000
550.000	41909984.000
550.500	41962916.000
551.000	41935796.000
551.500	41959528.000
552.000	41897704.000
552.500	41942584.000
553.000	41841984.000
553.500	41905708.000
554.000	41896464.000
554.500	41886716.000
555.000	42063632.000
555.500	41896452.000
556.000	41817092.000
556.500	41817532.000
557.000	41801980.000
557.500	41736404.000
558.000	41833112.000
558.500	41799864.000
559.000	41825088.000
559.500	41768760.000
560.000	41675236.000
560.500	41716340.000
561.000	41738088.000
561.500	41618484.000
562.000	41616808.000
562.500	41618364.000
563.000	41535592.000
563.500	41596344.000
564.000	41674812.000
564.500	41711676.000
565.000	41595900.000
565.500	41568836.000
566.000	41629676.000
566.500	41545580.000
567.000	41417164.000
567.500	41479224.000
568.000	41528120.000
568.500	41519828.000
569.000	41597564.000
569.500	41533168.000
570.000	41486664.000
570.500	41500824.000
571.000	41506176.000
571.500	41660612.000
572.000	41651000.000
572.500	41521076.000
573.000	41746012.000
573.500	41643064.000
574.000	41784700.000
574.500	41621416.000
575.000	41759912.000
575.500	41759072.000
576.000	41723016.000
576.500	41800640.000
577.000	41688664.000
577.500	41759472.000
578.000	41735188.000
578.500	41759892.000
579.000	41814580.000
579.500	41829716.000
580.000	41836872.000
580.500	41876944.000
581.000	41818356.000
581.500	41901056.000
582.000	41810336.000
582.500	41776276.000
583.000	42022700.000
583.500	41738464.000
584.000	41715004.000
584.500	41891760.000
585.000	41876924.000
585.500	41749392.000
586.000	41781296.000
586.500	41905264.000
587.000	41856700.000
587.500	41896384.000
588.000	41942088.000
588.500	41992980.000
589.000	41964528.000
589.500	41795152.000
590.000	41824200.000
590.500	41779200.000
591.000	41686940.000
591.500	41808200.000
592.000	41790540.000
592.500	41663120.000
593.000	41942884.000
593.500	41874424.000
594.000	41842812.000
594.500	41953076.000
595.000	41779624.000
595.500	41725888.000
596.000	41694500.000
596.500	41681100.000
597.000	41670612.000
597.500	41635920.000
598.000	41701608.000
598.500	41671436.000
599.000	41744336.000
599.500	41484208.000
