t (s)	R (ohm)
0.000	46679272.000
0.500	46571596.000
1.000	46809180.000
1.500	46134544.000
2.000	46280252.000
2.500	46324576.000
3.000	46203488.000
3.500	46388448.000
4.000	46272728.000
4.500	46224216.000
5.000	46237820.000
5.500	45964148.000
6.000	45973928.000
6.500	45912592.000
7.000	46081680.000
7.500	46121392.000
8.000	46025168.000
8.500	45887532.000
9.000	45832484.000
9.500	45693240.000
10.000	45684004.000
10.500	45664760.000
11.000	45716216.000
11.500	45792252.000
12.000	45748436.000
12.500	45707940.000
13.000	45771964.000
13.500	45986512.000
14.000	46015396.000
14.500	46113024.000
15.000	46004648.000
15.500	45675280.000
16.000	45874072.000
16.500	45757216.000
17.000	45952076.000
17.500	45975320.000
18.000	45988352.000
18.500	46037776.000
19.000	45847720.000
19.500	45996736.000
20.000	45837096.000
20.500	45769144.000
21.000	45784872.000
21.500	45719912.000
22.000	45712116.000
22.500	45691892.000
23.000	45776604.000
23.500	45673060.000
24.000	45735104.000
24.500	45799596.000
25.000	45702896.000
25.500	45543908.000
26.000	45701520.000
26.500	45518316.000
27.000	45665220.000
27.500	45581360.000
28.000	45642684.000
28.500	45655108.000
29.000	45679468.000
29.500	45634464.000
30.000	52261472.000
30.500	60372984.000
31.000	63041228.000
31.500	75792944.000
32.000	65031996.000
32.500	65154856.000
33.000	64499752.000
33.500	64377560.000
34.000	64295020.000
34.500	63475660.000
35.000	63167336.000
35.500	63327404.000
36.000	63109372.000
36.500	63331284.000
37.000	63485744.000
37.500	63321000.000
38.000	63177884.000
38.500	63118592.000
39.000	62665696.000
39.500	62564520.000
40.000	62604180.000
40.500	62737064.000
41.000	62524260.000
41.500	62274320.000
42.000	62135924.000
42.500	62132812.000
43.000	62149188.000
43.500	61546320.000
44.000	61739980.000
44.500	61644268.000
45.000	61722504.000
45.500	61662268.000
46.000	61684612.000
46.500	61797268.000
47.000	61859704.000
47.500	61586612.000
48.000	61707032.000
48.500	61678388.000
49.000	61427108.000
49.500	61237304.000
50.000	61416088.000
50.500	61618160.000
51.000	61163256.000
51.500	61237236.000
52.000	61473432.000
52.500	61237252.000
53.000	61347024.000
53.500	61149888.000
54.000	61392000.000
54.500	61333516.000
55.000	61396964.000
55.500	61307920.000
56.000	61365064.000
56.500	61509808.000
57.000	61545668.000
57.500	61384736.000
58.000	61473376.000
58.500	61642340.000
59.000	61663504.000
59.500	61527164.000
60.000	61433936.000
60.500	61352636.000
61.000	61355780.000
61.500	61218252.000
62.000	61579024.000
62.500	61182820.000
63.000	60897948.000
63.500	60897364.000
64.000	61034036.000
64.500	61238468.000
65.000	61143080.000
65.500	60991396.000
66.000	61350140.000
66.500	61285584.000
67.000	61158940.000
67.500	61046696.000
68.000	61026648.000
68.500	61310800.000
69.000	60957496.000
69.500	61066220.000
70.000	61047956.000
70.500	60975080.000
71.000	61029108.000
71.500	60936724.000
72.000	61071168.000
72.500	60660976.000
73.000	60599656.000
73.500	60756116.000
74.000	60752420.000
74.500	60859184.000
75.000	60695820.000
75.500	60526588.000
76.000	60741960.000
76.500	60710180.000
77.000	60587176.000
77.500	60585920.000
78.000	60791020.000
78.500	60864140.000
79.000	60760580.000
79.500	60673472.000
80.000	60765560.000
80.500	61025400.000
81.000	60788596.000
81.500	60974416.000
82.000	61157000.000
82.500	61077348.000
83.000	61163236.000
83.500	60865404.000
84.000	61037116.000
84.500	60920484.000
85.000	60756736.000
85.500	60528356.000
86.000	60490696.000
86.500	60345296.000
87.000	60309092.000
87.500	60543264.000
88.000	60620632.000
88.500	60361888.000
89.000	60602680.000
89.500	60718748.000
90.000	60663452.000
90.500	60772376.000
91.000	60864716.000
91.500	60657260.000
92.000	60527144.000
92.500	60914228.000
93.000	60878544.000
93.500	60735584.000
94.000	60531544.000
94.500	60792828.000
95.000	60722480.000
95.500	60754856.000
96.000	60286988.000
96.500	60624928.000
97.000	60388300.000
97.500	60475812.000
98.000	60751096.000
98.500	60658516.000
99.000	60768584.000
99.500	60715052.000
100.000	60535112.000
100.500	60313964.000
101.000	60535716.000
101.500	60253804.000
102.000	60353224.000
102.500	60220788.000
103.000	60444316.000
103.500	60745380.000
104.000	60559184.000
104.500	60442536.000
105.000	60663452.000
105.500	60363732.000
106.000	60755488.000
106.500	60681484.000
107.000	60424656.000
107.500	60862840.000
108.000	60500492.000
108.500	60160864.000
109.000	60345288.000
109.500	60544424.000
110.000	60699488.000
110.500	60621856.000
111.000	60416716.000
111.500	60287548.000
112.000	60181616.000
112.500	60119416.000
113.000	59724284.000
113.500	59998864.000
114.000	60157192.000
114.500	60052936.000
115.000	60032872.000
115.500	60140676.000
116.000	60083376.000
116.500	60404964.000
117.000	60398804.000
117.500	60628052.000
118.000	60438212.000
118.500	60517168.000
119.000	60281408.000
119.500	60678996.000
120.000	60606388.000
120.500	60585320.000
121.000	60709472.000
121.500	60976224.000
122.000	60649044.000
122.500	60551232.000
123.000	60384004.000
123.500	60642308.000
124.000	60735548.000
124.500	60639256.000
125.000	60494372.000
125.500	60200592.000
126.000	60493152.000
126.500	60608196.000
127.000	60437604.000
127.500	60220148.000
128.000	60326844.000
128.500	60524644.000
129.000	60361240.000
129.500	60639232.000
130.000	60439484.000
130.500	60127920.000
131.000	60357616.000
131.500	60422820.000
132.000	60369908.000
132.500	60198176.000
133.000	59992744.000
133.500	59982420.000
134.000	59803864.000
134.500	59942372.000
135.000	59781560.000
135.500	60307780.000
136.000	59969084.000
136.500	59850372.000
137.000	59883540.000
137.500	59876248.000
138.000	59771200.000
138.500	59649672.000
139.000	59953252.000
139.500	59990288.000
140.000	59993320.000
140.500	60062056.000
141.000	59932068.000
141.500	60160864.000
142.000	60600192.000
142.500	60138852.000
143.000	60046860.000
143.500	60216512.000
144.000	60465408.000
144.500	60578512.000
145.000	60382832.000
145.500	60272844.000
146.000	60794724.000
146.500	60717528.000
147.000	60716252.000
147.500	60885328.000
148.000	60660976.000
148.500	60976820.000
149.000	60595752.000
149.500	60534468.000
150.000	60386380.000
150.500	60625484.000
151.000	60519632.000
151.500	60519004.000
152.000	60632332.000
152.500	60686352.000
153.000	60972232.000
153.500	60723652.000
154.000	60475192.000
154.500	60439460.000
155.000	60014620.000
155.500	60015800.000
156.000	60174324.000
156.500	60015804.000
157.000	60323720.000
157.500	59887236.000
158.000	60051056.000
158.500	60104152.000
159.000	60145556.000
159.500	60275256.000
160.000	60544428.000
160.500	60300416.000
161.000	60387028.000
161.500	60370408.000
162.000	60390140.000
162.500	60312064.000
163.000	60329284.000
163.500	59889676.000
164.000	60290580.000
164.500	59854528.000
165.000	59979340.000
165.500	59927808.000
166.000	59868416.000
166.500	60021260.000
167.000	60179124.000
167.500	60149840.000
168.000	59979964.000
168.500	59769432.000
169.000	59997532.000
169.500	59959960.000
170.000	60102272.000
170.500	60109532.000
171.000	60218856.000
171.500	60353204.000
172.000	60324952.000
172.500	60220732.000
173.000	60024316.000
173.500	60278900.000
174.000	60127872.000
174.500	60018228.000
175.000	60419084.000
175.500	60267312.000
176.000	60642308.000
176.500	60638628.000
177.000	60642932.000
177.500	60698212.000
178.000	60526512.000
178.500	60547536.000
179.000	60340444.000
179.500	60289380.000
180.000	60158992.000
180.500	60251360.000
181.000	60032236.000
181.500	60241544.000
182.000	60054712.000
182.500	60388272.000
183.000	60261204.000
183.500	60277676.000
184.000	60204824.000
184.500	60427052.000
185.000	60035888.000
185.500	59872716.000
186.000	59869064.000
186.500	59685132.000
187.000	59746540.000
187.500	59723592.000
188.000	59299920.000
188.500	59708636.000
189.000	59799600.000
189.500	59690548.000
190.000	59546000.000
190.500	60126672.000
191.000	60018860.000
191.500	60267284.000
192.000	60034124.000
192.500	59758576.000
193.000	59844876.000
193.500	60178540.000
194.000	60032260.000
194.500	60090048.000
195.000	60140696.000
195.500	60049912.000
196.000	59917460.000
196.500	59685152.000
197.000	60139492.000
197.500	60084004.000
198.000	60043764.000
198.500	60053540.000
199.000	60091304.000
199.500	59730340.000
200.000	59984848.000
200.500	59834008.000
201.000	59686348.000
201.500	60217108.000
202.000	60487556.000
202.500	60195096.000
203.000	60099844.000
203.500	60052328.000
204.000	59906660.000
204.500	59919964.000
205.000	59972064.000
205.500	60209140.000
206.000	60174348.000
206.500	60360656.000
207.000	60379752.000
207.500	60527764.000
208.000	60235472.000
208.500	60200556.000
209.000	59974552.000
209.500	60142560.000
210.000	59945976.000
210.500	59852796.000
211.000	60065136.000
211.500	59833396.000
212.000	59938724.000
212.500	59844252.000
213.000	60010952.000
213.500	60247752.000
214.000	60045620.000
214.500	60224456.000
215.000	60169428.000
215.500	60270376.000
216.000	60065708.000
216.500	60237936.000
217.000	60292464.000
217.500	60230580.000
218.000	60140080.000
218.500	60186516.000
219.000	59969628.000
219.500	60030444.000
220.000	59775428.000
220.500	59796596.000
221.000	59688132.000
221.500	59941732.000
222.000	59563392.000
222.500	59888456.000
223.000	59964232.000
223.500	59744112.000
224.000	60255668.000
224.500	59852184.000
225.000	59690568.000
225.500	59944164.000
226.000	59871480.000
226.500	59854580.000
227.000	59895724.000
227.500	59764628.000
228.000	60003732.000
228.500	59830368.000
229.000	59786332.000
229.500	59699632.000
230.000	59641336.000
230.500	59733964.000
231.000	59783964.000
231.500	59587356.000
232.000	59946628.000
232.500	60070548.000
233.000	59601136.000
233.500	60053592.000
234.000	59731540.000
234.500	60091924.000
235.000	60084608.000
235.500	60340380.000
236.000	59933280.000
236.500	60082788.000
237.000	60288764.000
237.500	60179212.000
238.000	60185884.000
238.500	60312744.000
239.000	59974524.000
239.500	60383396.000
240.000	60070580.000
240.500	60110796.000
241.000	60194448.000
241.500	60088240.000
242.000	59925388.000
242.500	60273468.000
243.000	60453076.000
243.500	60363116.000
244.000	60523464.000
244.500	60489484.000
245.000	60437052.000
245.500	60133420.000
246.000	59975144.000
246.500	60121184.000
247.000	59958712.000
247.500	60231796.000
248.000	60051132.000
248.500	60085216.000
249.000	60034084.000
249.500	60055976.000
250.000	60201160.000
250.500	60142560.000
251.000	60401828.000
251.500	59816484.000
252.000	60290648.000
252.500	59867884.000
253.000	59794148.000
253.500	59901740.000
254.000	59938724.000
254.500	60181600.000
255.000	60454244.000
255.500	60332340.000
256.000	60162052.000
256.500	60269796.000
257.000	60344640.000
257.500	60542596.000
258.000	60368040.000
258.500	60379128.000
259.000	60062652.000
259.500	60393864.000
260.000	60344044.000
260.500	60154176.000
261.000	60007312.000
261.500	59849124.000
262.000	60079120.000
262.500	60318284.000
263.000	60280808.000
263.500	59752556.000
264.000	59434912.000
264.500	60046232.000
265.000	59758576.000
265.500	59829796.000
266.000	59979388.000
266.500	60125488.000
267.000	60037116.000
267.500	59941192.000
268.000	60133972.000
268.500	59867868.000
269.000	60102860.000
269.500	60350800.000
270.000	60110200.000
270.500	60035872.000
271.000	60162692.000
271.500	60139512.000
272.000	60166940.000
272.500	60205460.000
273.000	60472756.000
273.500	60363696.000
274.000	60237300.000
274.500	60233012.000
275.000	59956296.000
275.500	59976348.000
276.000	59717576.000
276.500	59812872.000
277.000	59879336.000
277.500	59754372.000
278.000	59956340.000
278.500	59774832.000
279.000	60047428.000
279.500	59779680.000
280.000	60089444.000
280.500	60043704.000
281.000	59615496.000
281.500	59903572.000
282.000	59507120.000
282.500	59764696.000
283.000	59660552.000
283.500	60067500.000
284.000	59924780.000
284.500	59743488.000
285.000	59887764.000
285.500	60016416.000
286.000	59755500.000
286.500	59855208.000
287.000	59742976.000
287.500	59882960.000
288.000	60157184.000
288.500	59873360.000
289.000	59884220.000
289.500	60054200.000
290.000	60052328.000
290.500	59981236.000
291.000	60057836.000
291.500	60179772.000
292.000	60199292.000
292.500	59995796.000
293.000	59621564.000
293.500	59865412.000
294.000	59818904.000
294.500	59640724.000
295.000	59743448.000
295.500	59818320.000
296.000	59852120.000
296.500	59907220.000
297.000	60159604.000
297.500	59963588.000
298.000	59979388.000
298.500	59997608.000
299.000	59691808.000
299.500	59884204.000
