t (s)	R (ohm)
0.000	19220330.000
0.500	19226140.000
1.000	19223686.000
1.500	19245256.000
2.000	19265776.000
2.500	19255730.000
3.000	19259750.000
3.500	19245252.000
4.000	19255920.000
4.500	19287100.000
5.000	19300874.000
5.500	19301852.000
6.000	19305356.000
6.500	19330306.000
7.000	19322474.000
7.500	19347082.000
8.000	19332916.000
8.500	19340748.000
9.000	19331676.000
9.500	19332198.000
10.000	19358518.000
10.500	19370688.000
11.000	19387468.000
11.500	19375866.000
12.000	19415710.000
12.500	19418884.000
13.000	19405984.000
13.500	19418152.000
14.000	19414534.000
14.500	19420202.000
15.000	19468238.000
15.500	19462086.000
16.000	19450648.000
16.500	19501692.000
17.000	19487294.000
17.500	19481332.000
18.000	19470998.000
18.500	19463610.000
19.000	19466716.000
19.500	19494590.000
20.000	19457132.000
20.500	19478818.000
21.000	19489072.000
21.500	19474048.000
22.000	19505006.000
22.500	19478228.000
23.000	19509394.000
23.500	19525364.000
24.000	19492618.000
24.500	19521854.000
25.000	19471880.000
25.500	19491824.000
26.000	19512508.000
26.500	19486308.000
27.000	19489704.000
27.500	19500312.000
28.000	19488374.000
28.500	19524968.000
29.000	19518238.000
29.500	19516314.000
30.000	20209026.000
30.500	25379708.000
31.000	32594154.000
31.500	41233192.000
32.000	50993540.000
32.500	49426288.000
33.000	48562608.000
33.500	47711840.000
34.000	46876744.000
34.500	46321336.000
35.000	45636060.000
35.500	45454344.000
36.000	44776184.000
36.500	44577856.000
37.000	44204608.000
37.500	43905388.000
38.000	43615428.000
38.500	43341892.000
39.000	43012480.000
39.500	42745640.000
40.000	42496080.000
40.500	42178120.000
41.000	41839100.000
41.500	41581604.000
42.000	41445816.000
42.500	41226676.000
43.000	41164876.000
43.500	41010880.000
44.000	40795056.000
44.500	40924848.000
45.000	40734104.000
45.500	40556860.000
46.000	40431968.000
46.500	40283560.000
47.000	40176652.000
47.500	40177464.000
48.000	40054464.000
48.500	39972616.000
49.000	39854512.000
49.500	39847236.000
50.000	39677612.000
50.500	39807872.000
51.000	39675188.000
51.500	39666800.000
52.000	39497468.000
52.500	39419440.000
53.000	39425324.000
53.500	39426112.000
54.000	39389612.000
54.500	39147648.000
55.000	39261144.000
55.500	39186452.000
56.000	39122780.000
56.500	39110848.000
57.000	39103512.000
57.500	39009676.000
58.000	38991352.000
58.500	39010856.000
59.000	38864260.000
59.500	38861888.000
60.000	38835664.000
60.500	38811192.000
61.000	38756328.000
61.500	38727488.000
62.000	38635084.000
62.500	38626356.000
63.000	38668060.000
63.500	38699924.000
64.000	38659304.000
64.500	38539044.000
65.000	38475096.000
65.500	38425056.000
66.000	38493988.000
66.500	38545780.000
67.000	38510556.000
67.500	38395964.000
68.000	38497108.000
68.500	38380636.000
69.000	38307408.000
69.500	38335200.000
70.000	38460900.000
70.500	38382588.000
71.000	38325372.000
71.500	38265200.000
72.000	38302684.000
72.500	38269516.000
73.000	38262508.000
73.500	38211080.000
74.000	38136156.000
74.500	38140028.000
75.000	38247648.000
75.500	38178404.000
76.000	38248060.000
76.500	38160184.000
77.000	38168704.000
77.500	38136916.000
78.000	38214184.000
78.500	38246092.000
79.000	38309348.000
79.500	38239472.000
80.000	38375520.000
80.500	38179572.000
81.000	38167172.000
81.500	38157472.000
82.000	38211476.000
82.500	38194724.000
83.000	38290952.000
83.500	38253492.000
84.000	38448240.000
84.500	38323828.000
85.000	38215344.000
85.500	38167540.000
86.000	38124924.000
86.500	38087392.000
87.000	37987192.000
87.500	38126836.000
88.000	37992172.000
88.500	37944172.000
89.000	38174520.000
89.500	38174916.000
90.000	38164832.000
90.500	38114456.000
91.000	38105948.000
91.500	38095884.000
92.000	38065748.000
92.500	37920420.000
93.000	37978732.000
93.500	37974884.000
94.000	37876428.000
94.500	37823016.000
95.000	37859632.000
95.500	38011020.000
96.000	37959528.000
96.500	37904720.000
97.000	37824888.000
97.500	37884836.000
98.000	37887096.000
98.500	37865328.000
99.000	37804732.000
99.500	37829848.000
100.000	37859984.000
100.500	37861536.000
101.000	37811192.000
101.500	37886328.000
102.000	37691932.000
102.500	37762060.000
103.000	37780360.000
103.500	37853116.000
104.000	37779964.000
104.500	37767440.000
105.000	37707924.000
105.500	37706708.000
106.000	37709380.000
106.500	37726076.000
107.000	37556280.000
107.500	37608588.000
108.000	37684052.000
108.500	37632296.000
109.000	37564476.000
109.500	37594208.000
110.000	37688200.000
110.500	37671136.000
111.000	37772356.000
111.500	37743888.000
112.000	37863064.000
112.500	37804732.000
113.000	37729836.000
113.500	37674968.000
114.000	37590856.000
114.500	37645484.000
115.000	37610404.000
115.500	37482368.000
116.000	37616820.000
116.500	37593068.000
117.000	37579916.000
117.500	37593832.000
118.000	37699532.000
118.500	37623984.000
119.000	37641676.000
119.500	37578000.000
120.000	37591908.000
120.500	37675656.000
121.000	37762096.000
121.500	37605088.000
122.000	37691576.000
122.500	37620176.000
123.000	37628464.000
123.500	37558856.000
124.000	37608140.000
124.500	37586676.000
125.000	37676108.000
125.500	37596880.000
126.000	37528784.000
126.500	37629252.000
127.000	37630408.000
127.500	37608136.000
128.000	37682148.000
128.500	37599548.000
129.000	37412160.000
129.500	37350288.000
130.000	37419504.000
130.500	37387512.000
131.000	37454716.000
131.500	37506652.000
132.000	37481244.000
132.500	37544972.000
133.000	37553896.000
133.500	37556192.000
134.000	37395352.000
134.500	37396108.000
135.000	37395724.000
135.500	37403452.000
136.000	37379304.000
136.500	37364032.000
137.000	37456132.000
137.500	37393848.000
138.000	37535932.000
138.500	37372996.000
139.000	37405088.000
139.500	37245788.000
140.000	37223992.000
140.500	32864942.000
141.000	37471092.000
141.500	37504004.000
142.000	37569336.000
142.500	37341336.000
143.000	38004508.000
143.500	38053040.000
144.000	41939780.000
144.500	44680508.000
145.000	40023248.000
145.500	37024876.000
146.000	37102520.000
146.500	37040268.000
147.000	37201828.000
147.500	37150212.000
148.000	37175344.000
148.500	37164576.000
149.000	37158340.000
149.500	37117208.000
150.000	37077664.000
150.500	53272148.000
151.000	58530844.000
151.500	61845932.000
152.000	64793064.000
152.500	64301424.000
153.000	63891288.000
153.500	63703936.000
154.000	63848684.000
154.500	63193892.000
155.000	63292496.000
155.500	62811392.000
156.000	62321756.000
156.500	62408828.000
157.000	62026956.000
157.500	61985520.000
158.000	61520392.000
158.500	61620004.000
159.000	61230556.000
159.500	61196356.000
160.000	61168704.000
160.500	61360576.000
161.000	61384020.000
161.500	61020616.000
162.000	61043800.000
162.500	60887716.000
163.000	60780860.000
163.500	60739816.000
164.000	60683156.000
164.500	60757224.000
165.000	60680724.000
165.500	60608684.000
166.000	60479376.000
166.500	60523248.000
167.000	60084432.000
167.500	60267152.000
168.000	60301552.000
168.500	59829104.000
169.000	60099064.000
169.500	60257988.000
170.000	60128376.000
170.500	59928336.000
171.000	60218796.000
171.500	60169296.000
172.000	60186976.000
172.500	60225496.000
173.000	59972580.000
173.500	59982912.000
174.000	59894364.000
174.500	59972608.000
175.000	59752452.000
175.500	59922868.000
176.000	59884740.000
176.500	60198592.000
177.000	60082036.000
177.500	60012040.000
178.000	60029052.000
178.500	59832176.000
179.000	59760952.000
179.500	60097832.000
180.000	59570448.000
180.500	42085736.000
181.000	33641844.000
181.500	28241998.000
182.000	23871446.000
182.500	23468976.000
183.000	23640342.000
183.500	23873626.000
184.000	23972356.000
184.500	24144722.000
185.000	24292438.000
185.500	24386084.000
186.000	24444246.000
186.500	24573456.000
187.000	24626272.000
187.500	24720554.000
188.000	24820438.000
188.500	24910334.000
189.000	24947830.000
189.500	24966994.000
190.000	25065190.000
190.500	25141362.000
191.000	25156218.000
191.500	25285004.000
192.000	25310664.000
192.500	25377744.000
193.000	25417178.000
193.500	25497818.000
194.000	25479384.000
194.500	25521204.000
195.000	25549876.000
195.500	25596740.000
196.000	25662200.000
196.500	25760024.000
197.000	25788226.000
197.500	25652720.000
198.000	25719512.000
198.500	25780936.000
199.000	25811258.000
199.500	25828918.000
200.000	25836986.000
200.500	25853106.000
201.000	25842170.000
201.500	25931680.000
202.000	25894554.000
202.500	25952380.000
203.000	25959462.000
203.500	25972856.000
204.000	26022066.000
204.500	26047920.000
205.000	26084706.000
205.500	26084706.000
206.000	26129558.000
206.500	26161760.000
207.000	26183366.000
207.500	26215704.000
208.000	26165224.000
208.500	26270666.000
209.000	26226690.000
209.500	26184708.000
210.000	26219194.000
210.500	26212764.000
211.000	26279020.000
211.500	26202332.000
212.000	26213860.000
212.500	26210912.000
213.000	26225626.000
213.500	26253768.000
214.000	26251320.000
214.500	26345294.000
215.000	26325080.000
215.500	26401684.000
216.000	26385384.000
216.500	26445174.000
217.000	26400618.000
217.500	26435672.000
218.000	26440552.000
218.500	26455522.000
219.000	26446558.000
219.500	26458530.000
220.000	26468684.000
220.500	26450100.000
221.000	26395212.000
221.500	26363998.000
222.000	26369692.000
222.500	26423142.000
223.000	26353440.000
223.500	26427204.000
224.000	26348858.000
224.500	26435086.000
225.000	26464476.000
225.500	26468026.000
226.000	26471560.000
226.500	26496688.000
227.000	26471838.000
227.500	26537790.000
228.000	26546530.000
228.500	26558316.000
229.000	26545458.000
229.500	26536640.000
230.000	26505412.000
230.500	26503800.000
231.000	26497498.000
231.500	26511456.000
232.000	26473778.000
232.500	26489046.000
233.000	26518100.000
233.500	26543034.000
234.000	26544116.000
234.500	26519448.000
235.000	26461264.000
235.500	26494268.000
236.000	26490716.000
236.500	26432938.000
237.000	26585562.000
237.500	26567152.000
238.000	26512592.000
238.500	26513728.000
239.000	26522186.000
239.500	26545528.000
240.000	26562840.000
240.500	26582868.000
241.000	26561156.000
241.500	26582056.000
242.000	26617880.000
242.500	26540276.000
243.000	26579820.000
243.500	26599608.000
244.000	26554548.000
244.500	26509026.000
245.000	26509364.000
245.500	26572340.000
246.000	26557580.000
246.500	26514270.000
247.000	26537790.000
247.500	26565796.000
248.000	26519976.000
248.500	26525952.000
249.000	26603182.000
249.500	26659812.000
250.000	26624694.000
250.500	26666202.000
251.000	26676466.000
251.500	26621728.000
252.000	26649022.000
252.500	26656034.000
253.000	26615378.000
253.500	26640764.000
254.000	26630180.000
254.500	26611780.000
255.000	26675568.000
255.500	26625522.000
256.000	26620486.000
256.500	26578072.000
257.000	26593520.000
257.500	26589324.000
258.000	26590400.000
258.500	26582168.000
259.000	26655324.000
259.500	26588248.000
260.000	26618332.000
260.500	26659002.000
261.000	26708290.000
261.500	26657568.000
262.000	26664218.000
262.500	26683664.000
263.000	26638258.000
263.500	26660164.000
264.000	26672862.000
264.500	26673488.000
265.000	26678716.000
265.500	26759036.000
266.000	26754222.000
266.500	26750878.000
267.000	26725548.000
267.500	26660358.000
268.000	26711626.000
268.500	26701620.000
269.000	26661974.000
269.500	26728334.000
270.000	26685564.000
270.500	26676384.000
271.000	26715786.000
271.500	26675210.000
272.000	26697736.000
272.500	26790778.000
273.000	26769904.000
273.500	26770632.000
274.000	26798048.000
274.500	26769540.000
275.000	26794406.000
275.500	26759582.000
276.000	26721384.000
276.500	26675030.000
277.000	26690524.000
277.500	26758122.000
278.000	26718220.000
278.500	26730782.000
279.000	26741646.000
279.500	26803680.000
280.000	26812860.000
280.500	26731866.000
281.000	26712984.000
281.500	26742180.000
282.000	26817312.000
282.500	26719938.000
283.000	26707754.000
283.500	26758934.000
284.000	26723292.000
284.500	26769280.000
285.000	26775064.000
285.500	26753042.000
286.000	26790950.000
286.500	26794032.000
287.000	26785144.000
287.500	26837164.000
288.000	26829066.000
288.500	26843640.000
289.000	26833790.000
289.500	26784602.000
290.000	26810418.000
290.500	29073634.000
291.000	26746434.000
291.500	26759746.000
292.000	26767910.000
292.500	26764020.000
293.000	26834182.000
293.500	27946372.000
294.000	30678344.000
294.500	30714738.000
295.000	31462042.000
295.500	26653698.000
296.000	26682772.000
296.500	26653168.000
297.000	26655868.000
297.500	27367096.000
298.000	26731866.000
298.500	26684664.000
299.000	26715792.000
299.500	26762836.000
300.000	25075758.000
300.500	20189196.000
301.000	19719098.000
301.500	18830036.000
302.000	18076878.000
302.500	18223036.000
303.000	18341078.000
303.500	18458008.000
304.000	18563480.000
304.500	18625630.000
305.000	18733550.000
305.500	18772328.000
306.000	18842426.000
306.500	18881770.000
307.000	18908688.000
307.500	19006050.000
308.000	19036798.000
308.500	19069574.000
309.000	19100940.000
309.500	19127210.000
310.000	19122816.000
310.500	19140960.000
311.000	19155306.000
311.500	19176842.000
312.000	19229502.000
312.500	19266484.000
313.000	19281918.000
313.500	19296198.000
314.000	19304654.000
314.500	19335598.000
315.000	19341864.000
315.500	19386632.000
316.000	19395622.000
316.500	19409682.000
317.000	19421528.000
317.500	19441822.000
318.000	19486262.000
318.500	19470308.000
319.000	19490450.000
319.500	19467940.000
320.000	19462044.000
320.500	19479316.000
321.000	19490652.000
321.500	19499876.000
322.000	19495632.000
322.500	19523640.000
323.000	19540970.000
323.500	19529622.000
324.000	19538494.000
324.500	19553172.000
325.000	19539240.000
325.500	19504128.000
326.000	19520868.000
326.500	19528246.000
327.000	19531910.000
327.500	19532304.000
328.000	19550142.000
328.500	19472080.000
329.000	19559576.000
329.500	19556844.000
330.000	22259022.000
330.500	31806736.000
331.000	35347012.000
331.500	43368708.000
332.000	50424484.000
332.500	48910360.000
333.000	48171872.000
333.500	47510548.000
334.000	46689860.000
334.500	46373900.000
335.000	45824816.000
335.500	45334268.000
336.000	44890436.000
336.500	44374376.000
337.000	44096584.000
337.500	43499044.000
338.000	43028652.000
338.500	42819792.000
339.000	42603392.000
339.500	42495708.000
340.000	42152000.000
340.500	41811728.000
341.000	41775092.000
341.500	41565844.000
342.000	41486004.000
342.500	41329788.000
343.000	41017112.000
343.500	40888960.000
344.000	40775760.000
344.500	40627032.000
345.000	40445272.000
345.500	40531112.000
346.000	40510276.000
346.500	40317708.000
347.000	40229840.000
347.500	40097580.000
348.000	40048812.000
348.500	39942336.000
349.000	39862176.000
349.500	39800340.000
350.000	39712756.000
350.500	39844072.000
351.000	39734668.000
351.500	39652932.000
352.000	39592196.000
352.500	39476620.000
353.000	39457760.000
353.500	39402672.000
354.000	39462444.000
354.500	39360240.000
355.000	39311792.000
355.500	39182292.000
356.000	39155020.000
356.500	39139496.000
357.000	39146060.000
357.500	39071436.000
358.000	39095016.000
358.500	39062524.000
359.000	38947800.000
359.500	38980496.000
360.000	38917492.000
360.500	38769076.000
361.000	38848616.000
361.500	38790344.000
362.000	38856640.000
362.500	38791516.000
363.000	38684400.000
363.500	38660128.000
364.000	38527184.000
364.500	38494788.000
365.000	38392408.000
365.500	38443148.000
366.000	38445872.000
366.500	38306660.000
367.000	38351264.000
367.500	38350488.000
368.000	38418388.000
368.500	38347384.000
369.000	38252776.000
369.500	38276560.000
370.000	38355992.000
370.500	38282444.000
371.000	38297280.000
371.500	38271544.000
372.000	38237196.000
372.500	38263292.000
373.000	38256280.000
373.500	38381064.000
374.000	38284372.000
374.500	38346924.000
375.000	38379888.000
375.500	38234472.000
376.000	38239116.000
376.500	38339488.000
377.000	38385724.000
377.500	38255888.000
378.000	38290236.000
378.500	38302328.000
379.000	38291792.000
379.500	38135788.000
380.000	38169516.000
380.500	38143540.000
381.000	38114884.000
381.500	38187000.000
382.000	38100588.000
382.500	38028772.000
383.000	37911248.000
383.500	37930024.000
384.000	38029544.000
384.500	38122600.000
385.000	38095916.000
385.500	38171832.000
386.000	38197448.000
386.500	38188544.000
387.000	38155936.000
387.500	38088192.000
388.000	38123000.000
388.500	38177652.000
389.000	38082396.000
389.500	38033404.000
390.000	38089736.000
390.500	38006048.000
391.000	38078924.000
391.500	38132688.000
392.000	38206796.000
392.500	38093212.000
393.000	38044960.000
393.500	38078944.000
394.000	38072736.000
394.500	37969140.000
395.000	38085868.000
395.500	38011824.000
396.000	38026080.000
396.500	38027996.000
397.000	38058064.000
397.500	38043404.000
398.000	37932692.000
398.500	38001448.000
399.000	37984516.000
399.500	38047268.000
400.000	37930404.000
400.500	38064232.000
401.000	37900896.000
401.500	37930012.000
402.000	37944220.000
402.500	38002192.000
403.000	37967220.000
403.500	37918516.000
404.000	37954172.000
404.500	37889436.000
405.000	37967972.000
405.500	37935000.000
406.000	37897472.000
406.500	37895968.000
407.000	37842076.000
407.500	37874500.000
408.000	37971060.000
408.500	37921968.000
409.000	37853108.000
409.500	37816508.000
410.000	37835176.000
410.500	37847408.000
411.000	37867656.000
411.500	37773148.000
412.000	37845872.000
412.500	37626280.000
413.000	37704872.000
413.500	37661004.000
414.000	37669688.000
414.500	37747308.000
415.000	37651220.000
415.500	37669700.000
416.000	37696912.000
416.500	37673508.000
417.000	37669700.000
417.500	37706020.000
418.000	37798648.000
418.500	37652372.000
419.000	37718524.000
419.500	37792184.000
420.000	37852008.000
420.500	37834456.000
421.000	37722316.000
421.500	37526996.000
422.000	37671224.000
422.500	37584112.000
423.000	37576572.000
423.500	37559624.000
424.000	37623984.000
424.500	37579136.000
425.000	37513404.000
425.500	37464748.000
426.000	37449780.000
426.500	37309100.000
427.000	37352940.000
427.500	37411412.000
428.000	37403188.000
428.500	37435996.000
429.000	37362900.000
429.500	37373764.000
430.000	37335424.000
430.500	37428140.000
431.000	37443084.000
431.500	37356976.000
432.000	37356604.000
432.500	37405736.000
433.000	37388668.000
433.500	37314268.000
434.000	37418380.000
434.500	37364040.000
435.000	37272412.000
435.500	37373772.000
436.000	37398784.000
436.500	37520532.000
437.000	37436760.000
437.500	37366948.000
438.000	37473652.000
438.500	37422944.000
439.000	37590024.000
439.500	37583224.000
440.000	37507440.000
440.500	34320836.000
441.000	45415784.000
441.500	37301672.000
442.000	37374136.000
442.500	41435776.000
443.000	40233540.000
443.500	39692360.000
444.000	42669648.000
444.500	43178676.000
445.000	36574228.000
445.500	36825700.000
446.000	36899480.000
446.500	36885348.000
447.000	36881076.000
447.500	36957320.000
448.000	37135292.000
448.500	36907132.000
449.000	36892596.000
449.500	41563288.000
450.000	52371448.000
450.500	69364544.000
451.000	62975432.000
451.500	64283076.000
452.000	64827736.000
452.500	65214264.000
453.000	63810036.000
453.500	63577076.000
454.000	63232360.000
454.500	62673808.000
455.000	62912028.000
455.500	62711708.000
456.000	62848196.000
456.500	62593152.000
457.000	62083552.000
457.500	61851544.000
458.000	61799164.000
458.500	61620048.000
459.000	61912172.000
459.500	61662888.000
460.000	61357064.000
460.500	61219012.000
461.000	60878216.000
461.500	61051840.000
462.000	61065768.000
462.500	60801392.000
463.000	60953960.000
463.500	61102904.000
464.000	60759684.000
464.500	60651448.000
465.000	60634608.000
465.500	60370360.000
466.000	60444844.000
466.500	60495484.000
467.000	60462124.000
467.500	60476336.000
468.000	60353720.000
468.500	60375232.000
469.000	60278232.000
469.500	60627864.000
470.000	60404192.000
470.500	60187000.000
471.000	60136268.000
471.500	60171104.000
472.000	60024828.000
472.500	60072280.000
473.000	60038192.000
473.500	60214512.000
474.000	60455352.000
474.500	60478180.000
475.000	59998076.000
475.500	59953188.000
476.000	60110048.000
476.500	60105816.000
477.000	60031516.000
477.500	60273320.000
478.000	60213324.000
478.500	60220640.000
479.000	60077144.000
479.500	60494192.000
480.000	59788644.000
480.500	45420212.000
481.000	36277704.000
481.500	29939100.000
482.000	24814058.000
482.500	23452496.000
483.000	23676686.000
483.500	23861606.000
484.000	24006098.000
484.500	24107896.000
485.000	24228854.000
485.500	24353558.000
486.000	24455070.000
486.500	24522346.000
487.000	24659578.000
487.500	24714368.000
488.000	24847780.000
488.500	24882358.000
489.000	24988602.000
489.500	25039394.000
490.000	24778872.000
490.500	25198438.000
491.000	25174790.000
491.500	25181724.000
492.000	25274884.000
492.500	25330390.000
493.000	25455506.000
493.500	25435010.000
494.000	25471666.000
494.500	25544052.000
495.000	25474362.000
495.500	25547090.000
496.000	25541260.000
496.500	25666838.000
497.000	25739916.000
497.500	25710262.000
498.000	25767784.000
498.500	25790320.000
499.000	25824552.000
499.500	25909976.000
500.000	25899262.000
500.500	25929064.000
501.000	25958148.000
501.500	26001780.000
502.000	26066964.000
502.500	26115182.000
503.000	26130332.000
503.500	26135144.000
504.000	26182544.000
504.500	26220782.000
505.000	26214100.000
505.500	26157742.000
506.000	26255900.000
506.500	26223736.000
507.000	26303510.000
507.500	26321040.000
508.000	26344010.000
508.500	26355606.000
509.000	26326144.000
509.500	26326678.000
510.000	26302678.000
510.500	26336946.000
511.000	26400876.000
511.500	26360206.000
512.000	26379942.000
512.500	26423082.000
513.000	26435612.000
513.500	26438562.000
514.000	26420886.000
514.500	26478608.000
515.000	26451376.000
515.500	26483292.000
516.000	26449714.000
516.500	26478666.000
517.000	26478940.000
517.500	26496160.000
518.000	26559462.000
518.500	26546274.000
519.000	26525958.000
519.500	26542360.000
520.000	26556442.000
520.500	26574836.000
521.000	26530336.000
521.500	26547070.000
522.000	26597370.000
522.500	26592722.000
523.000	26650656.000
523.500	26649030.000
524.000	26579756.000
524.500	26581096.000
525.000	26587440.000
525.500	26558318.000
526.000	26593530.000
526.500	26597370.000
527.000	26604460.000
527.500	26534768.000
528.000	26584406.000
528.500	26572070.000
529.000	26592722.000
529.500	26568226.000
530.000	26535308.000
530.500	26524878.000
531.000	26551184.000
531.500	26571530.000
532.000	26592450.000
532.500	26555016.000
533.000	26539072.000
533.500	26619416.000
534.000	26574220.000
534.500	26598718.000
535.000	26608388.000
535.500	26583332.000
536.000	26605618.000
536.500	26659820.000
537.000	26635468.000
537.500	26634920.000
538.000	26625236.000
538.500	26668906.000
539.000	26664776.000
539.500	26679712.000
540.000	26647060.000
540.500	26642308.000
541.000	26633230.000
541.500	26640406.000
542.000	26702152.000
542.500	26670804.000
543.000	26753320.000
543.500	26697484.000
544.000	26750878.000
544.500	26744184.000
545.000	26827160.000
545.500	26816230.000
546.000	26843228.000
546.500	26749524.000
547.000	26762668.000
547.500	26822978.000
548.000	26799242.000
548.500	26798688.000
549.000	26769270.000
549.500	26763756.000
550.000	26743906.000
550.500	26769812.000
551.000	26771006.000
551.500	26819332.000
552.000	26814336.000
552.500	26770190.000
553.000	26738672.000
553.500	26764120.000
554.000	26748714.000
554.500	26768190.000
555.000	26728798.000
555.500	26776800.000
556.000	26784168.000
556.500	26723292.000
557.000	26719506.000
557.500	26751690.000
558.000	26749522.000
558.500	26757304.000
559.000	26720858.000
559.500	26703700.000
560.000	26753516.000
560.500	26805322.000
561.000	26796700.000
561.500	26818790.000
562.000	26790248.000
562.500	26750338.000
563.000	26739204.000
563.500	26728722.000
564.000	26753960.000
564.500	26774910.000
565.000	26764562.000
565.500	26774260.000
566.000	26862000.000
566.500	26784066.000
567.000	26747254.000
567.500	26751242.000
568.000	26660906.000
568.500	26752780.000
569.000	26788608.000
569.500	26776536.000
570.000	26801412.000
570.500	26802066.000
571.000	26852686.000
571.500	26809884.000
572.000	26808144.000
572.500	26845782.000
573.000	26836084.000
573.500	26831890.000
574.000	26775182.000
574.500	26839844.000
575.000	26886240.000
575.500	26875802.000
576.000	26778530.000
576.500	26849306.000
577.000	26812874.000
577.500	26848768.000
578.000	26849966.000
578.500	26765478.000
579.000	26808528.000
579.500	26810804.000
580.000	26841304.000
580.500	26740930.000
581.000	26837396.000
581.500	26828634.000
582.000	26872424.000
582.500	26864574.000
583.000	26874328.000
583.500	26841466.000
584.000	26893440.000
584.500	26874066.000
585.000	26925880.000
585.500	26874058.000
586.000	26818808.000
586.500	26907540.000
587.000	26844852.000
587.500	26853888.000
588.000	26967806.000
588.500	26895890.000
589.000	26952954.000
589.500	26952410.000
590.000	26912298.000
590.500	26942208.000
591.000	26972844.000
591.500	26958950.000
592.000	26980364.000
592.500	26940016.000
593.000	26944514.000
593.500	26979410.000
594.000	27006316.000
594.500	26952954.000
595.000	26978996.000
595.500	26947098.000
596.000	26969986.000
596.500	26993462.000
597.000	26969040.000
597.500	26951046.000
598.000	26967406.000
598.500	26918156.000
599.000	26971632.000
599.500	26976526.000
