Conductance   	Vg		Resistance
2.005655E-8	-0.000946	4.985903E+7
1.899787E-8	0.498213	5.263748E+7
1.838403E-8	0.998584	5.439504E+7
1.779508E-8	1.499402	5.619529E+7
1.728852E-8	1.998824	5.784184E+7
1.710709E-8	2.498508	5.845529E+7
1.690539E-8	2.998210	5.915275E+7
1.660975E-8	3.499250	6.020562E+7
1.641855E-8	3.998857	6.090672E+7
1.632750E-8	4.498078	6.124636E+7
1.626692E-8	4.997527	6.147444E+7
1.618729E-8	5.498404	6.177686E+7
1.619332E-8	5.998483	6.175384E+7
1.605650E-8	6.497953	6.228006E+7
1.593564E-8	6.997483	6.275242E+7
1.591120E-8	7.498876	6.284882E+7
1.593221E-8	7.998461	6.276594E+7
1.574897E-8	8.498308	6.349622E+7
1.572403E-8	8.998821	6.359693E+7
1.564512E-8	9.498587	6.391768E+7
1.559164E-8	9.998451	6.413693E+7
