Conductance   	Vg		Resistance
2.509465E-8	-0.000900	3.984913E+7
2.669826E-8	0.498685	3.745563E+7
2.788559E-8	0.998554	3.586081E+7
2.928317E-8	1.499350	3.414931E+7
3.058157E-8	1.999197	3.269943E+7
3.172168E-8	2.498723	3.152418E+7
3.289214E-8	2.998446	3.040241E+7
3.373098E-8	3.499426	2.964634E+7
3.487693E-8	3.998819	2.867225E+7
3.584771E-8	4.498726	2.789579E+7
3.681178E-8	4.998042	2.716521E+7
3.773580E-8	5.498305	2.650003E+7
3.853903E-8	5.998496	2.594772E+7
3.920864E-8	6.498310	2.550458E+7
4.011263E-8	6.997659	2.492980E+7
4.081395E-8	7.498893	2.450142E+7
4.136297E-8	7.998049	2.417622E+7
4.199367E-8	8.498076	2.381311E+7
4.268320E-8	8.998572	2.342842E+7
4.335620E-8	9.498128	2.306475E+7
4.387975E-8	9.997787	2.278956E+7
