t (s)	R (ohm)
0.000	33293572.000
0.500	33205834.000
1.000	33207176.000
1.500	33166198.000
2.000	33264228.000
2.500	33263214.000
3.000	33339814.000
3.500	33313294.000
4.000	33303756.000
4.500	33285264.000
5.000	33357552.000
5.500	33387070.000
6.000	33342042.000
6.500	33403628.000
7.000	33434216.000
7.500	33434238.000
8.000	33444202.000
8.500	33299162.000
9.000	33361144.000
9.500	33298504.000
10.000	33359244.000
10.500	33368806.000
11.000	33315862.000
11.500	33355978.000
12.000	33318208.000
12.500	33327424.000
13.000	33168718.000
13.500	33258618.000
14.000	33285948.000
14.500	33274388.000
15.000	33346290.000
15.500	32996542.000
16.000	32914180.000
16.500	33299028.000
17.000	33244740.000
17.500	33536586.000
18.000	33038120.000
18.500	31778644.000
19.000	31825954.000
19.500	31784056.000
20.000	31891676.000
20.500	32487464.000
21.000	32193996.000
21.500	32351622.000
22.000	32787578.000
22.500	30794194.000
23.000	32086950.000
23.500	33009202.000
24.000	33857632.000
24.500	34829652.000
25.000	34719956.000
25.500	34705556.000
26.000	34593176.000
26.500	34430264.000
27.000	34426012.000
27.500	34383084.000
28.000	34272368.000
28.500	34191192.000
29.000	34142936.000
29.500	34051340.000
