t (s)	R (ohm)
0.000	65096128.000
0.500	64923964.000
1.000	65038496.000
1.500	65028628.000
2.000	65030632.000
2.500	65165060.000
3.000	64907200.000
3.500	64967796.000
4.000	65012520.000
4.500	65012524.000
5.000	65114308.000
5.500	64840068.000
6.000	65102032.000
6.500	65118228.000
7.000	65157128.000
7.500	64921912.000
8.000	64609056.000
8.500	64949776.000
9.000	64990460.000
9.500	65114240.000
10.000	65075324.000
10.500	65019692.000
11.000	65223520.000
11.500	65268596.000
12.000	65179920.000
12.500	65136964.000
13.000	65155168.000
13.500	65397432.000
14.000	65375056.000
14.500	65522800.000
15.000	65398712.000
15.500	65522048.000
16.000	65189172.000
16.500	65265900.000
17.000	65346892.000
17.500	65053224.000
18.000	64907116.000
18.500	65437984.000
19.000	65048664.000
19.500	65047296.000
20.000	65328536.000
20.500	64796800.000
21.000	64947732.000
21.500	65179864.000
22.000	65033832.000
22.500	65016368.000
23.000	65092096.000
23.500	64947108.000
24.000	64963804.000
24.500	65118796.000
25.000	65051248.000
25.500	65259888.000
26.000	64923128.000
26.500	64774268.000
27.000	65092780.000
27.500	65290756.000
28.000	65116776.000
28.500	65285468.000
29.000	64994580.000
29.500	64834064.000
