t (s)	R (ohm)
0.000	47294944.000
0.500	47373816.000
1.000	47443476.000
1.500	47263912.000
2.000	47287472.000
2.500	47274728.000
3.000	47229084.000
3.500	46926816.000
4.000	47053032.000
4.500	47262948.000
5.000	46583612.000
5.500	47397976.000
6.000	47183512.000
6.500	47183028.000
7.000	47197152.000
7.500	47227176.000
8.000	47184472.000
8.500	47138992.000
9.000	47252568.000
9.500	47161952.000
10.000	47126796.000
10.500	47175120.000
11.000	47175584.000
11.500	47095492.000
12.000	47309608.000
12.500	47333720.000
13.000	47283180.000
13.500	47273780.000
14.000	47314720.000
14.500	47404540.000
15.000	47249720.000
15.500	47458196.000
16.000	47545708.000
16.500	47363444.000
17.000	47475728.000
17.500	47406456.000
18.000	47375716.000
18.500	47330828.000
19.000	47352096.000
19.500	47340256.000
20.000	47215884.000
20.500	47460476.000
21.000	47622004.000
21.500	47450556.000
22.000	47317116.000
22.500	47293976.000
23.000	47213488.000
23.500	47459020.000
24.000	47484236.000
24.500	47481352.000
25.000	47175344.000
25.500	47239180.000
26.000	47404028.000
26.500	47268956.000
27.000	47369948.000
27.500	47298584.000
28.000	47594720.000
28.500	47621028.000
29.000	47475728.000
29.500	47785080.000
30.000	47420692.000
30.500	47228588.000
31.000	47558548.000
31.500	47579520.000
32.000	47713472.000
32.500	47546648.000
33.000	47568544.000
33.500	47808232.000
34.000	47760068.000
34.500	47567576.000
35.000	47683268.000
35.500	47534680.000
36.000	47511380.000
36.500	47681356.000
37.000	47657380.000
37.500	47723028.000
38.000	47679960.000
38.500	47725936.000
39.000	47599516.000
39.500	47783624.000
40.000	47773492.000
40.500	47639724.000
41.000	47731280.000
41.500	47849216.000
42.000	47636824.000
42.500	47747512.000
43.000	47499952.000
43.500	47363868.000
44.000	47729832.000
44.500	47775928.000
45.000	47808624.000
45.500	47605300.000
46.000	47602892.000
46.500	47651676.000
47.000	47602908.000
47.500	47576572.000
48.000	47760984.000
48.500	47730752.000
49.000	47559004.000
49.500	47729788.000
50.000	47628224.000
50.500	47409780.000
51.000	47413612.000
51.500	47456700.000
52.000	47255428.000
52.500	47252544.000
53.000	47370868.000
53.500	47237456.000
54.000	47414876.000
54.500	47360944.000
55.000	47432504.000
55.500	47503620.000
56.000	47470996.000
56.500	47423524.000
57.000	47634380.000
57.500	47578992.000
58.000	47452876.000
58.500	47609612.000
59.000	47696716.000
59.500	47728324.000
60.000	47656008.000
60.500	47558012.000
61.000	47537612.000
61.500	47535616.000
62.000	47554672.000
62.500	47520908.000
63.000	47686160.000
63.500	47706260.000
64.000	47653124.000
64.500	47650204.000
65.000	47650668.000
65.500	47447724.000
66.000	47467152.000
66.500	47569456.000
67.000	47466164.000
67.500	47365252.000
68.000	47278472.000
68.500	47354420.000
69.000	47516144.000
69.500	47502276.000
70.000	47496200.000
70.500	47529996.000
71.000	47539468.000
71.500	47486700.000
72.000	47435376.000
72.500	47412604.000
73.000	47286920.000
73.500	47512276.000
74.000	47253472.000
74.500	47721100.000
75.000	47336000.000
75.500	47423488.000
76.000	47464688.000
76.500	47433440.000
77.000	47373252.000
77.500	47340188.000
78.000	47329796.000
78.500	47510344.000
79.000	47474208.000
79.500	47239316.000
80.000	47598112.000
80.500	47523696.000
81.000	47590888.000
81.500	47677900.000
82.000	47598512.000
82.500	47353420.000
83.000	47353912.000
83.500	47343528.000
84.000	47392748.000
84.500	47492332.000
85.000	47557476.000
85.500	47519348.000
86.000	47685636.000
86.500	47661172.000
87.000	47750360.000
87.500	47561368.000
88.000	47637240.000
88.500	47572852.000
89.000	47764808.000
89.500	47610056.000
90.000	47479460.000
90.500	47469996.000
91.000	47481880.000
91.500	46809288.000
92.000	47583280.000
92.500	47389364.000
93.000	47256336.000
93.500	47461964.000
94.000	47320852.000
94.500	47528504.000
95.000	46628364.000
95.500	48069208.000
96.000	47538492.000
96.500	47583796.000
97.000	47604744.000
97.500	47676016.000
98.000	47647736.000
98.500	47754700.000
99.000	47857788.000
99.500	47530756.000
100.000	47568972.000
100.500	47605708.000
101.000	47727784.000
101.500	47571824.000
102.000	47378036.000
102.500	47586156.000
103.000	47662616.000
103.500	47735528.000
104.000	47766268.000
104.500	47839532.000
105.000	47691884.000
105.500	47895468.000
106.000	47655036.000
106.500	47767692.000
107.000	47632992.000
107.500	47715384.000
108.000	47848144.000
108.500	47816360.000
109.000	47879076.000
109.500	47854936.000
110.000	47844792.000
110.500	66024540.000
111.000	65893180.000
111.500	63006600.000
112.000	56572484.000
112.500	65794804.000
113.000	65533068.000
113.500	65669640.000
114.000	67095968.000
114.500	89466056.000
115.000	65295640.000
115.500	63130496.000
116.000	61212488.000
116.500	61304836.000
117.000	61265008.000
117.500	61570884.000
118.000	61211180.000
118.500	61233896.000
119.000	61535164.000
119.500	61558656.000
120.000	61552420.000
120.500	66773344.000
121.000	66617804.000
121.500	67156840.000
122.000	66728176.000
122.500	66733008.000
123.000	67071176.000
123.500	66594028.000
124.000	66974876.000
124.500	66841696.000
125.000	67039592.000
125.500	66720768.000
126.000	66703012.000
126.500	67018900.000
127.000	67130680.000
127.500	67060300.000
128.000	66969428.000
128.500	66928104.000
129.000	67168792.000
129.500	66924116.000
130.000	67054840.000
130.500	66900764.000
131.000	66739896.000
131.500	66785012.000
132.000	66811648.000
132.500	67106476.000
133.000	66811672.000
133.500	66879452.000
134.000	66966636.000
134.500	66862276.000
135.000	66900684.000
135.500	66766520.000
136.000	66810960.000
136.500	66790356.000
137.000	66631464.000
137.500	66520016.000
138.000	66551852.000
138.500	66499660.000
139.000	66782864.000
139.500	66292840.000
140.000	66227624.000
140.500	66183972.000
141.000	66120212.000
141.500	66347456.000
142.000	66098764.000
142.500	65788092.000
143.000	66292896.000
143.500	66198068.000
144.000	66269328.000
144.500	66269328.000
145.000	66449520.000
145.500	66405540.000
146.000	66449452.000
146.500	66694812.000
147.000	66290192.000
147.500	66521344.000
148.000	66537688.000
148.500	66394696.000
149.000	66564840.000
149.500	66564788.000
150.000	66392696.000
150.500	66274692.000
151.000	66453624.000
151.500	66474552.000
152.000	66840300.000
152.500	66591920.000
153.000	66145652.000
153.500	66538996.000
154.000	66694824.000
154.500	66613696.000
155.000	66885476.000
155.500	66928708.000
156.000	66569524.000
156.500	66610304.000
157.000	66157716.000
157.500	66541728.000
158.000	66609608.000
158.500	66400828.000
159.000	66517292.000
159.500	66412252.000
160.000	66560076.000
160.500	66446168.000
161.000	66220880.000
161.500	66561400.000
162.000	66560036.000
162.500	66470540.000
163.000	66443496.000
163.500	66329944.000
164.000	66846608.000
164.500	66582468.000
165.000	66871892.000
165.500	66609640.000
166.000	66535620.000
166.500	66742504.000
167.000	66607620.000
167.500	66715272.000
168.000	66630044.000
168.500	66450164.000
169.000	66537588.000
169.500	66358256.000
170.000	66566148.000
170.500	66742456.000
171.000	66543680.000
171.500	66430488.000
172.000	66564128.000
172.500	66593260.000
173.000	66765084.000
173.500	66582456.000
174.000	66830764.000
174.500	66652540.000
175.000	66542360.000
175.500	66323796.000
176.000	66676988.000
176.500	66538984.000
177.000	66336672.000
177.500	66539660.000
178.000	66386584.000
178.500	66250416.000
179.000	66608256.000
179.500	66479204.000
180.000	66560628.000
180.500	66608256.000
181.000	66359592.000
181.500	66558004.000
182.000	66473180.000
182.500	66687980.000
183.000	66450840.000
183.500	66578316.000
184.000	66647768.000
184.500	66450816.000
185.000	66788908.000
185.500	66604172.000
186.000	66986628.000
186.500	66423804.000
187.000	66418356.000
187.500	67126400.000
188.000	66673608.000
188.500	66791644.000
189.000	66676300.000
189.500	66877236.000
190.000	66603464.000
190.500	66606836.000
191.000	66836832.000
191.500	66698796.000
192.000	66744500.000
192.500	66047776.000
193.000	66267940.000
193.500	66314368.000
194.000	66158992.000
194.500	66304272.000
195.000	66438040.000
195.500	66442012.000
196.000	66641732.000
196.500	66512496.000
197.000	66329212.000
197.500	66240964.000
198.000	66259196.000
198.500	66465680.000
199.000	66486780.000
199.500	66264492.000
200.000	66179192.000
200.500	66331892.000
201.000	66462276.000
201.500	66512484.000
202.000	66464392.000
202.500	66375752.000
203.000	66131524.000
203.500	66331832.000
204.000	66383848.000
204.500	66490096.000
205.000	66070540.000
205.500	66317004.000
206.000	66100636.000
206.500	66091916.000
207.000	65811232.000
207.500	66101336.000
208.000	66183120.000
208.500	66357468.000
209.000	66266520.000
209.500	66325792.000
210.000	66373744.000
210.500	66575616.000
211.000	66395340.000
211.500	66381156.000
212.000	66261808.000
212.500	66391260.000
213.000	66337952.000
213.500	66693340.000
214.000	66578984.000
214.500	66309624.000
215.000	66105976.000
215.500	66152936.000
216.000	66359516.000
216.500	66286732.000
217.000	66286004.000
217.500	66248288.000
218.000	66251028.000
218.500	66509024.000
219.000	66336564.000
219.500	66182416.000
220.000	65991628.000
220.500	66094568.000
221.000	66430428.000
221.500	66422340.000
222.000	66342600.000
222.500	66207260.000
223.000	66522520.000
223.500	66370908.000
224.000	66450704.000
224.500	66011660.000
225.000	66032968.000
225.500	66270480.000
226.000	66719844.000
226.500	66410108.000
227.000	66388500.000
227.500	66359500.000
228.000	66466952.000
228.500	66515116.000
229.000	66339880.000
229.500	66272492.000
230.000	66328444.000
230.500	66471088.000
231.000	66629896.000
231.500	66330488.000
232.000	66269844.000
232.500	65874292.000
233.000	65853704.000
233.500	67007768.000
234.000	66884656.000
234.500	66139460.000
235.000	51323204.000
235.500	52187780.000
236.000	50718988.000
236.500	52633968.000
237.000	54731932.000
237.500	52519972.000
238.000	52841296.000
238.500	53117504.000
239.000	53587824.000
239.500	51574504.000
240.000	51642884.000
240.500	51571888.000
241.000	52956708.000
241.500	53070448.000
242.000	52798964.000
242.500	52924048.000
243.000	46088508.000
243.500	46765504.000
244.000	47109092.000
244.500	47143788.000
245.000	47107184.000
245.500	47232440.000
246.000	46951496.000
246.500	48084172.000
247.000	47394340.000
247.500	47402860.000
248.000	47264896.000
248.500	47179452.000
249.000	47324836.000
249.500	47369720.000
250.000	47336176.000
250.500	47493488.000
251.000	47598324.000
251.500	47401388.000
252.000	47416116.000
252.500	47470672.000
253.000	47256020.000
253.500	47232452.000
254.000	47317136.000
254.500	47338092.000
255.000	47382012.000
255.500	47337116.000
256.000	47256444.000
256.500	47356944.000
257.000	47198600.000
257.500	47331840.000
258.000	47540616.000
258.500	47332804.000
259.000	47470660.000
259.500	47495412.000
260.000	47437460.000
260.500	47657660.000
261.000	47399624.000
261.500	47507768.000
262.000	47426540.000
262.500	47495380.000
263.000	47481608.000
263.500	47424600.000
264.000	47281944.000
264.500	47419944.000
265.000	47404764.000
265.500	47505360.000
266.000	47704592.000
266.500	47623688.000
267.000	47476412.000
267.500	47612232.000
268.000	47603632.000
268.500	47476896.000
269.000	47443192.000
269.500	47394348.000
270.000	47511120.000
270.500	47487340.000
271.000	47644684.000
271.500	47720364.000
272.000	47472568.000
272.500	47414196.000
273.000	47561052.000
273.500	47666216.000
274.000	47698788.000
274.500	47582996.000
275.000	47639400.000
275.500	47814180.000
276.000	47932580.000
276.500	47915100.000
277.000	47939792.000
277.500	47824776.000
278.000	47935908.000
278.500	47897224.000
279.000	47895280.000
279.500	47835384.000
280.000	47989276.000
280.500	47824776.000
281.000	47856128.000
281.500	47915588.000
282.000	47825756.000
282.500	47948504.000
283.000	47771336.000
283.500	47886580.000
284.000	47823812.000
284.500	47950936.000
285.000	47870644.000
285.500	47811240.000
286.000	47611208.000
286.500	47672480.000
287.000	47727612.000
287.500	47886092.000
288.000	47901108.000
288.500	47796852.000
289.000	47840696.000
289.500	47768912.000
290.000	47898176.000
290.500	47779088.000
291.000	48109984.000
291.500	47784812.000
292.000	47751672.000
292.500	47790140.000
293.000	47807432.000
293.500	47676724.000
294.000	47867248.000
294.500	47858108.000
295.000	47936916.000
295.500	47923336.000
296.000	47841676.000
296.500	47827172.000
297.000	47772288.000
297.500	47853256.000
298.000	47713668.000
298.500	47712700.000
299.000	47762660.000
299.500	47769380.000
300.000	47756392.000
300.500	48020836.000
301.000	47902480.000
301.500	47752992.000
302.000	47813188.000
302.500	47885596.000
303.000	47905896.000
303.500	47823840.000
304.000	47795404.000
304.500	47625572.000
305.000	47842616.000
305.500	47725196.000
306.000	47713664.000
306.500	47830100.000
307.000	47757824.000
307.500	47897680.000
308.000	47881692.000
308.500	47887036.000
309.000	47864336.000
309.500	48059728.000
310.000	48127992.000
310.500	47972804.000
311.000	47715584.000
311.500	47965960.000
312.000	47981016.000
312.500	47951900.000
313.000	47913156.000
313.500	47948504.000
314.000	47910752.000
314.500	47773288.000
315.000	48003796.000
315.500	47843608.000
316.000	47909784.000
316.500	47910280.000
317.000	48049552.000
317.500	47960188.000
318.000	48080208.000
318.500	47825700.000
319.000	47862876.000
319.500	47991672.000
320.000	47839716.000
320.500	47943184.000
321.000	47791980.000
321.500	47940244.000
322.000	48034912.000
322.500	48083140.000
323.000	48056832.000
323.500	47919900.000
324.000	47941716.000
324.500	47980992.000
325.000	48094828.000
325.500	47887520.000
326.000	48033960.000
326.500	47861908.000
327.000	47832484.000
327.500	47757824.000
328.000	47732808.000
328.500	47955284.000
329.000	47997980.000
329.500	47885092.000
330.000	47908320.000
330.500	47931552.000
331.000	47952840.000
331.500	47896688.000
332.000	47827660.000
332.500	47923784.000
333.000	48077752.000
333.500	47878820.000
334.000	47889936.000
334.500	47958680.000
335.000	47789640.000
335.500	47878340.000
336.000	47996508.000
336.500	48099668.000
337.000	47956256.000
337.500	47945596.000
338.000	47771780.000
338.500	47863844.000
339.000	48086988.000
339.500	47932984.000
340.000	47734260.000
340.500	47883612.000
341.000	47917960.000
341.500	47964460.000
342.000	47736684.000
342.500	48064604.000
343.000	48118204.000
343.500	48087500.000
344.000	48092356.000
344.500	48201816.000
345.000	47896196.000
345.500	48227784.000
346.000	48155352.000
346.500	48086036.000
347.000	48258712.000
347.500	48199852.000
348.000	48076760.000
348.500	48024692.000
349.000	48087484.000
349.500	48200828.000
350.000	47979996.000
350.500	66359988.000
351.000	66225836.000
351.500	64202532.000
352.000	64545140.000
352.500	65787696.000
353.000	65753272.000
353.500	65314180.000
354.000	65289324.000
354.500	64667904.000
355.000	66271572.000
355.500	65848796.000
356.000	65483900.000
356.500	65432640.000
357.000	65698252.000
357.500	65371120.000
358.000	65349416.000
358.500	65411616.000
359.000	65714140.000
359.500	65461576.000
360.000	67412184.000
360.500	67091056.000
361.000	67182368.000
361.500	67114560.000
362.000	67050300.000
362.500	66712192.000
363.000	66822932.000
363.500	66879700.000
364.000	67117896.000
364.500	66804536.000
365.000	66874988.000
365.500	66536588.000
366.000	66803728.000
366.500	66533220.000
367.000	66710168.000
367.500	66599752.000
368.000	66582736.000
368.500	67012320.000
369.000	66686988.000
369.500	66631032.000
370.000	66420072.000
370.500	66645412.000
371.000	66647400.000
371.500	66857032.000
372.000	66742784.000
372.500	66485084.000
373.000	66557652.000
373.500	67192504.000
374.000	67122744.000
374.500	66601872.000
375.000	66800368.000
375.500	66640600.000
376.000	67026852.000
376.500	66760604.000
377.000	66779808.000
377.500	66916760.000
378.000	66644680.000
378.500	66829012.000
379.000	66894872.000
379.500	66807104.000
380.000	66783856.000
380.500	66805772.000
381.000	67008916.000
381.500	66560288.000
382.000	66606552.000
382.500	66854960.000
383.000	66580020.000
383.500	66510148.000
384.000	66359852.000
384.500	66443740.000
385.000	66489728.000
385.500	66357844.000
386.000	66268848.000
386.500	66026680.000
387.000	66117764.000
387.500	66272228.000
388.000	65875444.000
388.500	65826140.000
389.000	66094968.000
389.500	65919252.000
390.000	66227112.000
390.500	66252708.000
391.000	66403816.000
391.500	66001968.000
392.000	66109012.000
392.500	66219752.000
393.000	66200276.000
393.500	65934588.000
394.000	66213680.000
394.500	66200908.000
395.000	66347812.000
395.500	66334212.000
396.000	66489084.000
396.500	66287040.000
397.000	66239952.000
397.500	66001968.000
398.000	66011332.000
398.500	65996016.000
399.000	66433552.000
399.500	66280964.000
400.000	66200920.000
400.500	66195540.000
401.000	65844084.000
401.500	65806860.000
402.000	65908624.000
402.500	66084228.000
403.000	66156616.000
403.500	66332196.000
404.000	66291084.000
404.500	66239980.000
405.000	66324820.000
405.500	66575956.000
406.000	66347752.000
406.500	66197568.000
407.000	66146572.000
407.500	65948556.000
408.000	66309940.000
408.500	66239256.000
409.000	66080192.000
409.500	66246712.000
410.000	66318688.000
410.500	66111708.000
411.000	66017320.000
411.500	66596392.000
412.000	65979968.000
412.500	66214376.000
413.000	66708768.000
413.500	66291008.000
414.000	66335520.000
414.500	66377428.000
415.000	66223728.000
415.500	66463956.000
416.000	66353052.000
416.500	66398376.000
417.000	66508712.000
417.500	66445744.000
418.000	66311956.000
418.500	66311320.000
419.000	66250672.000
419.500	66306556.000
420.000	66023976.000
420.500	66484324.000
421.000	66218372.000
421.500	66328784.000
422.000	66126396.000
422.500	66393692.000
423.000	66395708.000
423.500	66390848.000
424.000	66529052.000
424.500	66347724.000
425.000	66380060.000
425.500	66328828.000
426.000	65910564.000
426.500	65961960.000
427.000	66106252.000
427.500	65632068.000
428.000	65457532.000
428.500	65851364.000
429.000	65679004.000
429.500	65631352.000
430.000	65913860.000
430.500	65711376.000
431.000	65649132.000
431.500	65433836.000
432.000	65697444.000
432.500	65632020.000
433.000	65702112.000
433.500	65874616.000
434.000	65399116.000
434.500	65672304.000
435.000	65680300.000
435.500	65872596.000
436.000	65692744.000
436.500	65919824.000
437.000	65679596.000
437.500	65700788.000
438.000	65853936.000
438.500	65680876.000
439.000	65939824.000
439.500	65809452.000
440.000	65720588.000
440.500	66075420.000
441.000	65830056.000
441.500	66064728.000
442.000	65955200.000
442.500	65893200.000
443.000	66068068.000
443.500	66003204.000
444.000	65895876.000
444.500	66361112.000
445.000	65872560.000
445.500	66093476.000
446.000	66007948.000
446.500	65963148.000
447.000	66161852.000
447.500	66070092.000
448.000	65897180.000
448.500	65961164.000
449.000	65986536.000
449.500	66317908.000
450.000	66098156.000
450.500	66180668.000
451.000	66186036.000
451.500	66307836.000
452.000	66335440.000
452.500	66355020.000
453.000	66867324.000
453.500	66850796.000
454.000	66486972.000
454.500	66938624.000
455.000	66817364.000
455.500	66822796.000
456.000	67043964.000
456.500	66592900.000
457.000	66819412.000
457.500	66843312.000
458.000	66753040.000
458.500	66571184.000
459.000	66776252.000
459.500	66936632.000
460.000	66894636.000
460.500	66353028.000
461.000	66245196.000
461.500	66547996.000
462.000	66571812.000
462.500	66958588.000
463.000	66572548.000
463.500	67068132.000
464.000	66712732.000
464.500	66729156.000
465.000	66645352.000
465.500	66390888.000
466.000	66368672.000
466.500	67209120.000
467.000	66393616.000
467.500	66393592.000
468.000	66541292.000
468.500	66043320.000
469.000	66260688.000
469.500	66468620.000
470.000	66243184.000
470.500	52118692.000
471.000	52682904.000
471.500	52714784.000
472.000	49065644.000
472.500	52359244.000
473.000	57073964.000
473.500	56294236.000
474.000	55866352.000
474.500	55943684.000
475.000	55692020.000
475.500	54707660.000
476.000	57158872.000
476.500	61200100.000
477.000	63411800.000
477.500	62991328.000
478.000	54541580.000
478.500	54635348.000
479.000	54471384.000
479.500	54647184.000
480.000	54807576.000
480.500	46564136.000
481.000	46911496.000
481.500	47109376.000
482.000	47370016.000
482.500	47444788.000
483.000	47369020.000
483.500	47337896.000
484.000	47326056.000
484.500	47506596.000
485.000	47332604.000
485.500	47304860.000
486.000	47338372.000
486.500	47236056.000
487.000	47316172.000
487.500	47384680.000
488.000	47254340.000
488.500	47369028.000
489.000	47371916.000
489.500	47461948.000
490.000	47316176.000
490.500	47484732.000
491.000	47280284.000
491.500	47418316.000
492.000	47336920.000
492.500	47597664.000
493.000	47713036.000
493.500	47634448.000
494.000	47657424.000
494.500	47763944.000
495.000	47726944.000
495.500	47644016.000
496.000	47726004.000
496.500	47965808.000
497.000	48068360.000
497.500	47976472.000
498.000	47941088.000
498.500	47882016.000
499.000	48038660.000
499.500	47860288.000
500.000	47871916.000
500.500	47781728.000
501.000	47643540.000
501.500	47704876.000
502.000	47772116.000
502.500	47669376.000
503.000	47577612.000
503.500	47748536.000
504.000	47700996.000
504.500	47854500.000
505.000	47666504.000
505.500	47688040.000
506.000	47823584.000
506.500	47753764.000
507.000	47779304.000
507.500	47745148.000
508.000	47544232.000
508.500	47566528.000
509.000	47611032.000
509.500	47614268.000
510.000	47756216.000
510.500	47787420.000
511.000	47784128.000
511.500	47815920.000
512.000	47891200.000
512.500	47724988.000
513.000	47756208.000
513.500	47778832.000
514.000	47906212.000
514.500	47607164.000
515.000	47768716.000
515.500	47677516.000
516.000	47665060.000
516.500	47765328.000
517.000	47590880.000
517.500	47712044.000
518.000	47710572.000
518.500	47845788.000
519.000	47769192.000
519.500	47678468.000
520.000	47707676.000
520.500	47756660.000
521.000	47735556.000
521.500	47655520.000
522.000	47727804.000
522.500	47498396.000
523.000	47393956.000
523.500	47443828.000
524.000	47622856.000
524.500	47772040.000
525.000	47844804.000
525.500	47704296.000
526.000	47674124.000
526.500	47729268.000
527.000	47718248.000
527.500	47698480.000
528.000	47513672.000
528.500	47505144.000
529.000	47523172.000
529.500	47722564.000
530.000	47674604.000
530.500	47769616.000
531.000	47671712.000
531.500	47823592.000
532.000	47744196.000
532.500	47704776.000
533.000	47823608.000
533.500	47775896.000
534.000	47694708.000
534.500	47578440.000
535.000	47627208.000
535.500	47682240.000
536.000	47603284.000
536.500	47732168.000
537.000	47795620.000
537.500	47675616.000
538.000	47592796.000
538.500	47721616.000
539.000	47789396.000
539.500	47833700.000
540.000	47741776.000
540.500	47909560.000
541.000	47801460.000
541.500	47926024.000
542.000	47763908.000
542.500	47815832.000
543.000	47967704.000
543.500	48050808.000
544.000	47789888.000
544.500	47751384.000
545.000	47772996.000
545.500	47855928.000
546.000	47854456.000
546.500	47949760.000
547.000	47684636.000
547.500	47650168.000
548.000	47789876.000
548.500	47903708.000
549.000	47762012.000
549.500	47778768.000
550.000	47858316.000
550.500	47790324.000
551.000	47723524.000
551.500	47838540.000
552.000	47597124.000
552.500	47670700.000
553.000	47621864.000
553.500	47765764.000
554.000	47698056.000
554.500	47585160.000
555.000	47633464.000
555.500	47760064.000
556.000	47672172.000
556.500	47916840.000
557.000	47646760.000
557.500	47853952.000
558.000	47605216.000
558.500	47615228.000
559.000	47526032.000
559.500	47588044.000
560.000	47551784.000
560.500	47651116.000
561.000	47812484.000
561.500	47693336.000
562.000	47491396.000
562.500	47515564.000
563.000	47811500.000
563.500	47687532.000
564.000	47638184.000
564.500	47772992.000
565.000	47717248.000
565.500	47606164.000
566.000	47671732.000
566.500	47701940.000
567.000	47703888.000
567.500	47700008.000
568.000	47714416.000
568.500	47884892.000
569.000	47795656.000
569.500	47776356.000
570.000	47884408.000
570.500	47582760.000
571.000	47753260.000
571.500	47902756.000
572.000	47917776.000
572.500	47832216.000
573.000	47823580.000
573.500	47800916.000
574.000	47727788.000
574.500	47736900.000
575.000	47745112.000
575.500	47753272.000
576.000	47854912.000
576.500	47859768.000
577.000	47791304.000
577.500	48052216.000
578.000	48025944.000
578.500	47881460.000
579.000	48050772.000
579.500	48033248.000
580.000	48026928.000
580.500	48140004.000
581.000	47870380.000
581.500	47935180.000
582.000	48010412.000
582.500	48146860.000
583.000	48123456.000
583.500	47865048.000
584.000	48050288.000
584.500	47854408.000
585.000	47966688.000
585.500	47939072.000
586.000	47580800.000
586.500	47580796.000
587.000	47656888.000
587.500	48083376.000
588.000	48024472.000
588.500	47693664.000
589.000	47892104.000
589.500	47975920.000
590.000	47791280.000
590.500	47848124.000
591.000	48024004.000
591.500	47767228.000
592.000	47809536.000
592.500	48001168.000
593.000	47929872.000
593.500	47915808.000
594.000	47853980.000
594.500	48032288.000
595.000	48113140.000
595.500	47875644.000
596.000	47730684.000
596.500	47890144.000
597.000	47950224.000
597.500	47776864.000
598.000	47767216.000
598.500	47832716.000
599.000	47891148.000
599.500	47856356.000
