t (s)	R (ohm)
0.000	47681912.000
0.500	47657960.000
1.000	47833312.000
1.500	47705408.000
2.000	47702020.000
2.500	47838164.000
3.000	47970128.000
3.500	48078540.000
4.000	47970636.000
4.500	47830420.000
5.000	47930868.000
5.500	47795228.000
6.000	47889340.000
6.500	47877680.000
7.000	47684308.000
7.500	47852084.000
8.000	47807744.000
8.500	47967708.000
9.000	47610580.000
9.500	48070724.000
10.000	47635976.000
10.500	47757696.000
11.000	47745656.000
11.500	47661216.000
12.000	47690492.000
12.500	47724548.000
13.000	47848212.000
13.500	47848200.000
14.000	47653596.000
14.500	47689984.000
15.000	47678008.000
15.500	47536104.000
16.000	47513248.000
16.500	47536584.000
17.000	47471460.000
17.500	47513248.000
18.000	47593312.000
18.500	47518544.000
19.000	47629192.000
19.500	47595292.000
20.000	47675120.000
20.500	47617704.000
21.000	47549464.000
21.500	47767252.000
22.000	47706736.000
22.500	47582808.000
23.000	47709132.000
23.500	47600920.000
24.000	47569440.000
24.500	47558508.000
25.000	47605276.000
25.500	47715828.000
26.000	47931764.000
26.500	47922616.000
27.000	47879084.000
27.500	47557524.000
28.000	48043952.000
28.500	48127260.000
29.000	47899360.000
29.500	47998740.000
30.000	47799960.000
30.500	48896116.000
31.000	53303484.000
31.500	62581772.000
32.000	64914272.000
32.500	76062576.000
33.000	66655264.000
33.500	66408208.000
34.000	66481276.000
34.500	66277972.000
35.000	66230868.000
35.500	66162416.000
36.000	65960336.000
36.500	66187900.000
37.000	66039136.000
37.500	65728396.000
38.000	65729208.000
38.500	65680656.000
39.000	65711228.000
39.500	65794624.000
40.000	65581124.000
40.500	65752244.000
41.000	65536988.000
41.500	66036408.000
42.000	65989652.000
42.500	65861768.000
43.000	66102624.000
43.500	65494144.000
44.000	65867752.000
44.500	65827212.000
45.000	65670208.000
45.500	65469172.000
46.000	65152856.000
46.500	65935020.000
47.000	66132800.000
47.500	65647072.000
48.000	65891112.000
48.500	66152308.000
49.000	65475800.000
49.500	65710488.000
50.000	65891012.000
50.500	65627244.000
51.000	65734328.000
51.500	65555244.000
52.000	65172948.000
52.500	64939472.000
53.000	64996900.000
53.500	65176236.000
54.000	65253032.000
54.500	65236796.000
55.000	64998892.000
55.500	65191792.000
56.000	64988772.000
56.500	64827708.000
57.000	64635684.000
57.500	64809708.000
58.000	64821804.000
58.500	64996288.000
59.000	65091804.000
59.500	64740872.000
60.000	64616492.000
60.500	64320896.000
61.000	65014940.000
61.500	64641508.000
62.000	64826368.000
62.500	64662736.000
63.000	64638236.000
63.500	64423660.000
64.000	64367924.000
64.500	64615168.000
65.000	64654808.000
65.500	64444688.000
66.000	64438232.000
66.500	64530152.000
67.000	64740820.000
67.500	64634312.000
68.000	64677252.000
68.500	64760644.000
69.000	64551908.000
69.500	64274432.000
70.000	64275124.000
70.500	64280304.000
71.000	64322788.000
71.500	64535352.000
72.000	65056344.000
72.500	65040924.000
73.000	64784512.000
73.500	64641504.000
74.000	64553820.000
74.500	64761352.000
75.000	64888216.000
75.500	64468960.000
76.000	64578816.000
76.500	64683848.000
77.000	64600580.000
77.500	64828944.000
78.000	64428868.000
78.500	64687720.000
79.000	64559024.000
79.500	64749296.000
80.000	64918720.000
80.500	65079088.000
81.000	64791048.000
81.500	64663916.000
82.000	64830264.000
82.500	64626272.000
83.000	64643428.000
83.500	64553120.000
84.000	64553768.000
84.500	64595292.000
85.000	64578764.000
85.500	64697688.000
86.000	64556380.000
86.500	64258064.000
87.000	64173356.000
87.500	64801736.000
88.000	64454408.000
88.500	64573580.000
89.000	64824256.000
89.500	64636184.000
90.000	64908136.000
90.500	64530716.000
91.000	64706848.000
91.500	64557036.000
92.000	64368532.000
92.500	64642064.000
93.000	64490552.000
93.500	64934676.000
94.000	64174600.000
94.500	64384872.000
95.000	64476080.000
95.500	64264540.000
96.000	65028740.000
96.500	64516788.000
97.000	65045416.000
97.500	64607044.000
98.000	64179140.000
98.500	64654664.000
99.000	64218880.000
99.500	64516152.000
100.000	64747292.000
100.500	64663840.000
101.000	64915304.000
101.500	64915352.000
102.000	64958628.000
102.500	64804996.000
103.000	64726048.000
103.500	64704200.000
104.000	64554992.000
104.500	64580020.000
105.000	64373688.000
105.500	64723352.000
106.000	64832084.000
106.500	64791704.000
107.000	64350080.000
107.500	64728004.000
108.000	64839384.000
108.500	64453692.000
109.000	64622236.000
109.500	64442544.000
110.000	64436600.000
110.500	64728640.000
111.000	64242316.000
111.500	64669012.000
112.000	64397904.000
112.500	64495708.000
113.000	64518744.000
113.500	64583916.000
114.000	65068124.000
114.500	64558228.000
115.000	64766444.000
115.500	64688280.000
116.000	64663816.000
116.500	64838700.000
117.000	64457556.000
117.500	64526576.000
118.000	64774992.000
118.500	64440496.000
119.000	64479904.000
119.500	64499000.000
120.000	65133700.000
120.500	64757024.000
121.000	64859328.000
121.500	65222972.000
122.000	64939184.000
122.500	64694116.000
123.000	65005240.000
123.500	63899068.000
124.000	65615884.000
124.500	64883200.000
125.000	65285612.000
125.500	65308492.000
126.000	65114960.000
126.500	65221632.000
127.000	66133160.000
127.500	65245152.000
128.000	65304524.000
128.500	65202824.000
129.000	65134376.000
129.500	65546600.000
130.000	65268692.000
130.500	65432860.000
131.000	65451912.000
131.500	65365316.000
132.000	64961228.000
132.500	64894600.000
133.000	65366632.000
133.500	65088240.000
134.000	64832748.000
134.500	64846780.000
135.000	65712912.000
135.500	65109004.000
136.000	64783012.000
136.500	64824856.000
137.000	64740576.000
137.500	65081588.000
138.000	64809512.000
138.500	64621488.000
139.000	64387420.000
139.500	64535164.000
140.000	64433928.000
140.500	64765676.000
141.000	64515404.000
141.500	64677672.000
142.000	64428064.000
142.500	52549992.000
143.000	51996676.000
143.500	65260048.000
144.000	64861212.000
144.500	64733788.000
145.000	65369880.000
145.500	66329468.000
146.000	65997356.000
146.500	65043364.000
147.000	65237820.000
147.500	63619456.000
148.000	63970052.000
148.500	64199188.000
149.000	64048420.000
149.500	64069820.000
150.000	64212904.000
150.500	64156236.000
151.000	65495184.000
151.500	66870584.000
152.000	66920616.000
152.500	78661976.000
153.000	66928032.000
153.500	66647896.000
154.000	67163888.000
154.500	66644508.000
155.000	66850028.000
155.500	67839024.000
156.000	66943952.000
156.500	67188048.000
157.000	67048608.000
157.500	67210888.000
158.000	66983896.000
158.500	67281544.000
159.000	66938516.000
159.500	67003852.000
160.000	67301000.000
160.500	67229648.000
161.000	67369824.000
161.500	67049304.000
162.000	67440136.000
162.500	67145160.000
163.000	67074084.000
163.500	67751368.000
164.000	67210184.000
164.500	66978428.000
165.000	66888464.000
165.500	67139688.000
166.000	67072748.000
166.500	66937844.000
167.000	67091348.000
167.500	67163872.000
168.000	67271280.000
168.500	67530168.000
169.000	67188752.000
169.500	67208816.000
170.000	67145800.000
170.500	67069952.000
171.000	66959136.000
171.500	67346888.000
172.000	66911784.000
172.500	66732428.000
173.000	66952944.000
173.500	66938468.000
174.000	67077452.000
174.500	67007860.000
175.000	67077440.000
175.500	67344136.000
176.000	67074032.000
176.500	67350248.000
177.000	67438032.000
177.500	67348920.000
178.000	67235080.000
178.500	67036016.000
179.000	67307776.000
179.500	67259312.000
180.000	67050644.000
180.500	67236376.000
181.000	65917312.000
181.500	59881812.000
182.000	56155196.000
182.500	47540172.000
183.000	51959812.000
183.500	52124740.000
184.000	52222180.000
184.500	52222692.000
185.000	52345020.000
185.500	52321044.000
186.000	52418652.000
186.500	52239148.000
187.000	52604224.000
187.500	52515604.000
188.000	52612912.000
188.500	52546692.000
189.000	52502200.000
189.500	52547272.000
190.000	52706092.000
190.500	52719612.000
191.000	52829640.000
191.500	52548852.000
192.000	52816064.000
192.500	52999600.000
193.000	52656512.000
193.500	52880256.000
194.000	52611296.000
194.500	52629020.000
195.000	52646252.000
195.500	52559608.000
196.000	52432536.000
196.500	52478016.000
197.000	52771088.000
197.500	52951052.000
198.000	52825864.000
198.500	52941152.000
199.000	52927540.000
199.500	52640896.000
200.000	53206480.000
200.500	53078468.000
201.000	53025312.000
201.500	52813372.000
202.000	52958044.000
202.500	53123948.000
203.000	52870928.000
203.500	53199724.000
204.000	53195384.000
204.500	53229436.000
205.000	53059664.000
205.500	52906160.000
206.000	52910688.000
206.500	52966856.000
207.000	53104268.000
207.500	53022052.000
208.000	52757544.000
208.500	53074692.000
209.000	53073628.000
209.500	53130136.000
210.000	53046764.000
210.500	53035192.000
211.000	53294680.000
211.500	53167868.000
212.000	53255412.000
212.500	53077924.000
213.000	53035736.000
213.500	53122328.000
214.000	53017736.000
214.500	53064208.000
215.000	53053192.000
215.500	52925396.000
216.000	52921060.000
216.500	52810664.000
217.000	52951036.000
217.500	52810672.000
218.000	52838908.000
218.500	53192144.000
219.000	52963060.000
219.500	53094832.000
220.000	53090000.000
220.500	52977800.000
221.000	53253740.000
221.500	53052092.000
222.000	53010508.000
222.500	53228312.000
223.000	53200220.000
223.500	53570680.000
224.000	53250008.000
224.500	53036776.000
225.000	53412560.000
225.500	53235616.000
226.000	53409312.000
226.500	53338856.000
227.000	53278148.000
227.500	53624400.000
228.000	53264868.000
228.500	53253812.000
229.000	53225616.000
229.500	53253204.000
230.000	53518060.000
230.500	53456992.000
231.000	53075440.000
231.500	53227780.000
232.000	53722704.000
232.500	53487492.000
233.000	53355420.000
233.500	53452084.000
234.000	53513220.000
234.500	53612064.000
235.000	53569620.000
235.500	53482612.000
236.000	53361712.000
236.500	53334000.000
237.000	53393256.000
237.500	53077356.000
238.000	53377752.000
238.500	53334540.000
239.000	53366564.000
239.500	53402824.000
240.000	53405564.000
240.500	53550160.000
241.000	53509376.000
241.500	53424808.000
242.000	53437060.000
242.500	53815808.000
243.000	53601320.000
243.500	53498692.000
244.000	53573352.000
244.500	53574428.000
245.000	53756180.000
245.500	53768580.000
246.000	53669176.000
246.500	53765876.000
247.000	53717160.000
247.500	53690148.000
248.000	53429504.000
248.500	53502896.000
249.000	53432760.000
249.500	53480420.000
250.000	53505024.000
250.500	53187800.000
251.000	53536180.000
251.500	53675568.000
252.000	53333444.000
252.500	53401684.000
253.000	53608204.000
253.500	53366560.000
254.000	53622220.000
254.500	53447724.000
255.000	53466500.000
255.500	53696684.000
256.000	53755648.000
256.500	53596432.000
257.000	53495984.000
257.500	53465964.000
258.000	53631448.000
258.500	53669144.000
259.000	53701036.000
259.500	53936480.000
260.000	53710164.000
260.500	53964848.000
261.000	53951216.000
261.500	53957188.000
262.000	54065428.000
262.500	53817932.000
263.000	53919076.000
263.500	53817944.000
264.000	53441884.000
264.500	53949600.000
265.000	54200492.000
265.500	54171872.000
266.000	54135620.000
266.500	54167448.000
267.000	53973580.000
267.500	54039692.000
268.000	54526592.000
268.500	54118036.000
269.000	54064296.000
269.500	54070872.000
270.000	54157552.000
270.500	54464264.000
271.000	53975180.000
271.500	53829388.000
272.000	53798920.000
272.500	53919596.000
273.000	54335612.000
273.500	53676608.000
274.000	53770188.000
274.500	53699336.000
275.000	53798372.000
275.500	53687492.000
276.000	53833084.000
276.500	54264852.000
277.000	53612516.000
277.500	53470752.000
278.000	53410308.000
278.500	53524872.000
279.000	53512568.000
279.500	53308408.000
280.000	53195288.000
280.500	53118432.000
281.000	53296748.000
281.500	53110628.000
282.000	53097980.000
282.500	53246632.000
283.000	53253656.000
283.500	53639956.000
284.000	53641604.000
284.500	53905972.000
285.000	53384652.000
285.500	53872776.000
286.000	53639444.000
286.500	53716620.000
287.000	53918424.000
287.500	53928876.000
288.000	54010688.000
288.500	53923908.000
289.000	54066380.000
289.500	53791880.000
290.000	53673440.000
290.500	53569444.000
291.000	49644888.000
291.500	60489784.000
292.000	59528240.000
292.500	61889692.000
293.000	59562288.000
293.500	59956024.000
294.000	53023508.000
294.500	50505728.000
295.000	50311924.000
295.500	59270572.000
296.000	59092224.000
296.500	59559884.000
297.000	59447000.000
297.500	59073416.000
298.000	59015120.000
298.500	59033328.000
299.000	59052772.000
299.500	59126996.000
300.000	58542016.000
300.500	58167172.000
301.000	58512680.000
301.500	50980372.000
302.000	48740932.000
302.500	47627284.000
303.000	47129120.000
303.500	46409040.000
304.000	46311220.000
304.500	47197112.000
305.000	47009700.000
305.500	46916128.000
306.000	47109560.000
306.500	46851816.000
307.000	47066588.000
307.500	47124552.000
308.000	47003728.000
308.500	47292176.000
309.000	47210260.000
309.500	46976168.000
310.000	47167628.000
310.500	47179836.000
311.000	47280428.000
311.500	47192112.000
312.000	47360668.000
312.500	47369116.000
313.000	47483852.000
313.500	47401800.000
314.000	47460124.000
314.500	47457704.000
315.000	47366732.000
315.500	47538556.000
316.000	47672232.000
316.500	47663144.000
317.000	47648292.000
317.500	47679904.000
318.000	47490448.000
318.500	47703408.000
319.000	47623904.000
319.500	47637772.000
320.000	47698148.000
320.500	47652636.000
321.000	47551416.000
321.500	47593824.000
322.000	47628212.000
322.500	47617252.000
323.000	47711608.000
323.500	47748080.000
324.000	47713508.000
324.500	47672792.000
325.000	47681384.000
325.500	47681396.000
326.000	47570556.000
326.500	47595392.000
327.000	47663732.000
327.500	47647876.000
328.000	47770684.000
328.500	47626400.000
329.000	47669432.000
329.500	47574804.000
330.000	47693408.000
330.500	47775024.000
331.000	49398800.000
331.500	59627412.000
332.000	63016480.000
332.500	65104476.000
333.000	66467516.000
333.500	65925436.000
334.000	66036940.000
334.500	65731552.000
335.000	65840988.000
335.500	65819784.000
336.000	65469660.000
336.500	65669372.000
337.000	65646896.000
337.500	65959500.000
338.000	65603404.000
338.500	65494000.000
339.000	65712360.000
339.500	65477608.000
340.000	65256856.000
340.500	65662048.000
341.000	65570908.000
341.500	65728168.000
342.000	64846944.000
342.500	65210428.000
343.000	65602696.000
343.500	65230036.000
344.000	65624436.000
344.500	65129200.000
345.000	65532076.000
345.500	65604616.000
346.000	66014180.000
346.500	65707628.000
347.000	65211828.000
347.500	65952784.000
348.000	65972812.000
348.500	65689196.000
349.000	65505048.000
349.500	65275168.000
350.000	65103884.000
350.500	65400008.000
351.000	65194324.000
351.500	65142740.000
352.000	64844248.000
352.500	65016832.000
353.000	65143420.000
353.500	64824360.000
354.000	65538728.000
354.500	65018812.000
355.000	64954036.000
355.500	65210464.000
356.000	65062276.000
356.500	65293980.000
357.000	64966188.000
357.500	65038812.000
358.000	65139392.000
358.500	65008904.000
359.000	65401328.000
359.500	65145364.000
360.000	65142032.000
360.500	65394588.000
361.000	65298616.000
361.500	65538700.000
362.000	65509660.000
362.500	65314912.000
363.000	65142056.000
363.500	65274380.000
364.000	65121908.000
364.500	64998720.000
365.000	65038856.000
365.500	64865500.000
366.000	64826896.000
366.500	65037464.000
367.000	64791636.000
367.500	64807684.000
368.000	65040164.000
368.500	64805004.000
369.000	64656588.000
369.500	64508272.000
370.000	64725396.000
370.500	64682336.000
371.000	64513468.000
371.500	64631528.000
372.000	64480704.000
372.500	64420956.000
373.000	64827512.000
373.500	64778444.000
374.000	64849428.000
374.500	64869440.000
375.000	64678400.000
375.500	64628924.000
376.000	64842192.000
376.500	64882792.000
377.000	64672532.000
377.500	64800988.000
378.000	64894644.000
378.500	64892664.000
379.000	64953980.000
379.500	64868052.000
380.000	64994684.000
380.500	65044088.000
381.000	65107668.000
381.500	65020704.000
382.000	65058904.000
382.500	64614332.000
383.000	64797148.000
383.500	64906720.000
384.000	65312796.000
384.500	64865452.000
385.000	65052896.000
385.500	64804920.000
386.000	64889428.000
386.500	64884060.000
387.000	64844160.000
387.500	64781060.000
388.000	64484596.000
388.500	64672484.000
389.000	65249440.000
389.500	64779092.000
390.000	64611068.000
390.500	64657224.000
391.000	64528648.000
391.500	64708240.000
392.000	64822872.000
392.500	64572752.000
393.000	64487828.000
393.500	64508208.000
394.000	64361236.000
394.500	64800940.000
395.000	64439896.000
395.500	64281448.000
396.000	64553636.000
396.500	64646572.000
397.000	64767044.000
397.500	64531224.000
398.000	64469380.000
398.500	64552344.000
399.000	64466752.000
399.500	64325176.000
400.000	64616228.000
400.500	64554248.000
401.000	64700156.000
401.500	64747116.000
402.000	64622140.000
402.500	64476592.000
403.000	64304312.000
403.500	64454268.000
404.000	64336312.000
404.500	64525952.000
405.000	64445764.000
405.500	64361200.000
406.000	64274260.000
406.500	64510164.000
407.000	64737924.000
407.500	64405732.000
408.000	64670416.000
408.500	64254624.000
409.000	64377560.000
409.500	64280080.000
410.000	64575296.000
410.500	64405732.000
411.000	64630168.000
411.500	64796276.000
412.000	64756484.000
412.500	64925988.000
413.000	64675676.000
413.500	64693580.000
414.000	64744488.000
414.500	64846044.000
415.000	64822156.000
415.500	64743808.000
416.000	64550980.000
416.500	64504900.000
417.000	64462188.000
417.500	64591072.000
418.000	64361828.000
418.500	64095140.000
419.000	64408956.000
419.500	64157504.000
420.000	63927320.000
420.500	64598976.000
421.000	64993308.000
421.500	64485156.000
422.000	64783560.000
422.500	64661064.000
423.000	64953884.000
423.500	64851988.000
424.000	64133408.000
424.500	64661064.000
425.000	64824740.000
425.500	64319248.000
426.000	64721296.000
426.500	64700092.000
427.000	64745108.000
427.500	64935168.000
428.000	64575264.000
428.500	64651852.000
429.000	65015236.000
429.500	64889900.000
430.000	65038028.000
430.500	64886656.000
431.000	65032704.000
431.500	64695516.000
432.000	64822072.000
432.500	64723224.000
433.000	64700764.000
433.500	64844696.000
434.000	64893832.000
434.500	64087900.000
435.000	64784260.000
435.500	64675640.000
436.000	64525876.000
436.500	64527900.000
437.000	64416192.000
437.500	64823412.000
438.000	64882648.000
438.500	64735256.000
439.000	64568672.000
439.500	64652508.000
440.000	64504888.000
440.500	64887272.000
441.000	64885904.000
441.500	64314028.000
442.000	65035976.000
442.500	64694804.000
443.000	65639988.000
443.500	65489728.000
444.000	65801568.000
444.500	65085408.000
445.000	65044584.000
445.500	64259076.000
446.000	64108668.000
446.500	64573948.000
447.000	64130128.000
447.500	64463384.000
448.000	64529172.000
448.500	64231084.000
449.000	64445016.000
449.500	64207544.000
450.000	63797056.000
450.500	64421436.000
451.000	64227804.000
451.500	64644616.000
452.000	64184792.000
452.500	64145056.000
453.000	64418128.000
453.500	64458812.000
454.000	64610268.000
454.500	65727944.000
455.000	66278796.000
455.500	66586736.000
456.000	66520116.000
456.500	78858952.000
457.000	66425296.000
457.500	66565640.000
458.000	66734588.000
458.500	66632236.000
459.000	79140752.000
459.500	66920116.000
460.000	66427352.000
460.500	66427336.000
461.000	66583284.000
461.500	66832952.000
462.000	66355732.000
462.500	66553392.000
463.000	66876736.000
463.500	66703760.000
464.000	67089900.000
464.500	67085768.000
465.000	66525520.000
465.500	66928856.000
466.000	66767952.000
466.500	66677836.000
467.000	66520116.000
467.500	66547876.000
468.000	66932284.000
468.500	66685960.000
469.000	66748052.000
469.500	66501080.000
470.000	66348840.000
470.500	66550568.000
471.000	66592736.000
471.500	66481372.000
472.000	66305104.000
472.500	66340820.000
473.000	66748704.000
473.500	66436056.000
474.000	66748052.000
474.500	66555916.000
475.000	66544500.000
475.500	66922012.000
476.000	66943996.000
476.500	66928140.000
477.000	66655968.000
477.500	66539756.000
478.000	66369132.000
478.500	66817724.000
479.000	66747368.000
479.500	66638924.000
480.000	66832880.000
480.500	64609484.000
481.000	60462352.000
481.500	49456720.000
482.000	52371244.000
482.500	52322792.000
483.000	52477656.000
483.500	52619428.000
484.000	52744804.000
484.500	52593092.000
485.000	52720416.000
485.500	52738212.000
486.000	52933204.000
486.500	52891248.000
487.000	52846200.000
487.500	52805968.000
488.000	53159868.000
488.500	53266068.000
489.000	53149928.000
489.500	52923860.000
490.000	53094396.000
490.500	53288844.000
491.000	53141808.000
491.500	52990520.000
492.000	53034760.000
492.500	53003652.000
493.000	53003092.000
493.500	53087392.000
494.000	53003612.000
494.500	52978428.000
495.000	52920084.000
495.500	53231952.000
496.000	53206548.000
496.500	53290484.000
497.000	53215500.000
497.500	53216576.000
498.000	53318104.000
498.500	53091712.000
499.000	53219280.000
499.500	53308584.000
500.000	53266044.000
500.500	53262276.000
501.000	53066452.000
501.500	53390128.000
502.000	53391176.000
502.500	53303268.000
503.000	53530368.000
503.500	53692984.000
504.000	53374048.000
504.500	53584216.000
505.000	53550332.000
505.500	53736808.000
506.000	53517480.000
506.500	53359680.000
507.000	53518612.000
507.500	53590008.000
508.000	53678988.000
508.500	53616980.000
509.000	53697900.000
509.500	53780684.000
510.000	53593816.000
510.500	53520192.000
511.000	53460120.000
511.500	53631464.000
512.000	53724348.000
512.500	53612172.000
513.000	53678964.000
513.500	53778496.000
514.000	53636920.000
514.500	53736264.000
515.000	53406164.000
515.500	53811612.000
516.000	53574404.000
516.500	53418944.000
517.000	53634756.000
517.500	53708156.000
518.000	53864732.000
518.500	53874600.000
519.000	53827864.000
519.500	54036004.000
520.000	53870228.000
520.500	53754116.000
521.000	53812632.000
521.500	53857160.000
522.000	53650360.000
522.500	53767088.000
523.000	53696800.000
523.500	53517992.000
524.000	53735188.000
524.500	53604548.000
525.000	53528324.000
525.500	53276084.000
526.000	53520212.000
526.500	53621800.000
527.000	53477256.000
527.500	53174704.000
528.000	53159836.000
528.500	53248980.000
529.000	53347944.000
529.500	53563132.000
530.000	53447860.000
530.500	53370232.000
531.000	53375668.000
531.500	53489032.000
532.000	53710836.000
532.500	53716148.000
533.000	53515252.000
533.500	53647092.000
534.000	53624564.000
534.500	53633068.000
535.000	53498616.000
535.500	53333036.000
536.000	53461704.000
536.500	53474568.000
537.000	53403408.000
537.500	53339260.000
538.000	53557692.000
538.500	53501320.000
539.000	53583436.000
539.500	53476176.000
540.000	53403940.000
540.500	53270644.000
541.000	53586172.000
541.500	53697864.000
542.000	53554560.000
542.500	53627192.000
543.000	53667112.000
543.500	53748096.000
544.000	53925112.000
544.500	53741628.000
545.000	53872336.000
545.500	53768140.000
546.000	53828892.000
546.500	53914812.000
547.000	54003136.000
547.500	53869076.000
548.000	53609384.000
548.500	53769784.000
549.000	53783860.000
549.500	53783844.000
550.000	53795784.000
550.500	53793060.000
551.000	53655748.000
551.500	53898464.000
552.000	54003160.000
552.500	54085192.000
553.000	53854368.000
553.500	54028820.000
554.000	54011876.000
554.500	54013496.000
555.000	53989476.000
555.500	53634120.000
556.000	53755152.000
556.500	54072588.000
557.000	53867940.000
557.500	54297576.000
558.000	53931676.000
558.500	54161484.000
559.000	54044148.000
559.500	54135684.000
560.000	54312516.000
560.500	53896788.000
561.000	54038128.000
561.500	54193940.000
562.000	53916936.000
562.500	54061076.000
563.000	54055068.000
563.500	54266664.000
564.000	54134032.000
564.500	54058360.000
565.000	54144980.000
565.500	54136748.000
566.000	54132932.000
566.500	54233604.000
567.000	54310844.000
567.500	54134576.000
568.000	53917516.000
568.500	53941976.000
569.000	53835876.000
569.500	54048476.000
570.000	53781656.000
570.500	53704768.000
571.000	53869044.000
571.500	53883164.000
572.000	54005304.000
572.500	54133460.000
573.000	53734544.000
573.500	54075340.000
574.000	54100540.000
574.500	53836936.000
575.000	54003664.000
575.500	53793548.000
576.000	53869584.000
576.500	54014020.000
577.000	54001480.000
577.500	54044120.000
578.000	53841260.000
578.500	53930536.000
579.000	54057200.000
579.500	53913636.000
580.000	54179040.000
580.500	54086812.000
581.000	54060536.000
581.500	54372816.000
582.000	54153220.000
582.500	54263336.000
583.000	54171880.000
583.500	53911448.000
584.000	54151560.000
584.500	54310784.000
585.000	54280420.000
585.500	54296976.000
586.000	54399384.000
586.500	54233564.000
587.000	54222540.000
587.500	54325184.000
588.000	54267184.000
588.500	54152096.000
589.000	54394304.000
589.500	54405440.000
590.000	54406548.000
590.500	53861412.000
591.000	54245092.000
591.500	53978508.000
592.000	54078564.000
592.500	53963244.000
593.000	53977416.000
593.500	53845108.000
594.000	53911404.000
594.500	54046836.000
595.000	53872264.000
595.500	54016184.000
596.000	54046236.000
596.500	53907652.000
597.000	54005248.000
597.500	54070364.000
598.000	54005784.000
598.500	54037516.000
599.000	53920724.000
599.500	54049544.000
