t (s)	R (ohm)
0.000	42332960.000
0.500	42562384.000
1.000	42456484.000
1.500	42475600.000
2.000	42537452.000
2.500	42647252.000
3.000	42582028.000
3.500	42503000.000
4.000	42486028.000
4.500	42463892.000
5.000	42589932.000
5.500	42391812.000
6.000	42545364.000
6.500	42390548.000
7.000	42373180.000
7.500	42385312.000
8.000	42253636.000
8.500	42128316.000
9.000	42241132.000
9.500	42222236.000
10.000	42323444.000
10.500	42243284.000
11.000	41982456.000
11.500	42132572.000
12.000	42160400.000
12.500	42221348.000
13.000	42208952.000
13.500	42202480.000
14.000	42063796.000
14.500	42093228.000
15.000	41993096.000
15.500	42152680.000
16.000	42230392.000
16.500	42239864.000
17.000	41963344.000
17.500	42050136.000
18.000	41851180.000
18.500	41851540.000
19.000	41744976.000
19.500	41771060.000
20.000	41856224.000
20.500	41753808.000
21.000	41800532.000
21.500	41803856.000
22.000	41781160.000
22.500	41653188.000
23.000	41707988.000
23.500	41668240.000
24.000	41783260.000
24.500	41763888.000
25.000	41800996.000
25.500	41811924.000
26.000	41919232.000
26.500	41802200.000
27.000	41647412.000
27.500	41646540.000
28.000	41529340.000
28.500	41583920.000
29.000	41489104.000
29.500	41523560.000
30.000	41631540.000
30.500	40940856.000
31.000	40655252.000
31.500	40099892.000
32.000	39674264.000
32.500	39287268.000
33.000	39123072.000
33.500	38873948.000
34.000	38782752.000
34.500	38502276.000
35.000	38425012.000
35.500	38289412.000
36.000	38155100.000
36.500	38129100.000
37.000	37968252.000
37.500	37838872.000
38.000	37742972.000
38.500	37655476.000
39.000	37614740.000
39.500	37563920.000
40.000	37378352.000
40.500	37436148.000
41.000	37526324.000
41.500	37541344.000
42.000	37322964.000
42.500	37307728.000
43.000	37336328.000
43.500	37478368.000
44.000	37301060.000
44.500	37215976.000
45.000	37311720.000
45.500	37073244.000
46.000	37127112.000
46.500	37083048.000
47.000	36989184.000
47.500	36968032.000
48.000	37000612.000
48.500	36902332.000
49.000	37003232.000
49.500	36800700.000
50.000	36989012.000
50.500	36934964.000
51.000	36815184.000
51.500	36886300.000
52.000	36823512.000
52.500	36693184.000
53.000	36816024.000
53.500	36850624.000
54.000	36630084.000
54.500	36637240.000
55.000	36699244.000
55.500	36605160.000
56.000	36668540.000
56.500	36639844.000
57.000	36603948.000
57.500	36696520.000
58.000	36511548.000
58.500	36616420.000
59.000	36416940.000
59.500	36387092.000
60.000	36506664.000
60.500	36468808.000
61.000	36408680.000
61.500	36468436.000
62.000	36433708.000
62.500	36481892.000
63.000	36602448.000
63.500	36498716.000
64.000	36484952.000
64.500	36429624.000
65.000	36357716.000
65.500	36370744.000
66.000	36406100.000
66.500	36469612.000
67.000	36345080.000
67.500	36431856.000
68.000	36323560.000
68.500	36162884.000
69.000	36324692.000
69.500	36143400.000
70.000	36078092.000
70.500	35937360.000
71.000	35995936.000
71.500	36078104.000
72.000	35980624.000
72.500	36026912.000
73.000	36021096.000
73.500	35926476.000
74.000	36069340.000
74.500	36107040.000
75.000	35997740.000
75.500	36047380.000
76.000	35992288.000
76.500	35980984.000
77.000	36033856.000
77.500	36030220.000
78.000	35995560.000
78.500	36042636.000
79.000	36019256.000
79.500	36095672.000
80.000	36028400.000
80.500	35975548.000
81.000	35889844.000
81.500	35948624.000
82.000	36006880.000
82.500	35959176.000
83.000	35929712.000
83.500	35893824.000
84.000	35928284.000
84.500	35888388.000
85.000	35886936.000
85.500	35874648.000
86.000	36018152.000
86.500	35951532.000
87.000	35802404.000
87.500	35802044.000
88.000	35823640.000
88.500	35802692.000
89.000	35894532.000
89.500	35826172.000
90.000	35828740.000
90.500	35789064.000
91.000	35746532.000
91.500	35735812.000
92.000	35823296.000
92.500	35740812.000
93.000	35739356.000
93.500	35860144.000
94.000	35701316.000
94.500	35687424.000
95.000	35684516.000
95.500	35690976.000
96.000	35665944.000
96.500	35643068.000
97.000	35713228.000
97.500	35673084.000
98.000	35667356.000
98.500	35706760.000
99.000	35616984.000
99.500	35714296.000
100.000	35675980.000
100.500	35589528.000
101.000	35624852.000
101.500	35449364.000
102.000	35495760.000
102.500	35528408.000
103.000	35521304.000
103.500	35531552.000
104.000	35533336.000
104.500	35417948.000
105.000	35450464.000
105.500	35555316.000
106.000	35508172.000
106.500	35503572.000
107.000	35463188.000
107.500	35523452.000
108.000	35490452.000
108.500	35507428.000
109.000	35507456.000
109.500	35331780.000
110.000	35410888.000
110.500	35427448.000
111.000	35552088.000
111.500	35472684.000
112.000	35299012.000
112.500	35338332.000
113.000	35344664.000
113.500	35394616.000
114.000	35474736.000
114.500	35394128.000
115.000	35504464.000
115.500	35487496.000
116.000	35361500.000
116.500	35413280.000
117.000	35330956.000
117.500	35358384.000
118.000	35461980.000
118.500	35436644.000
119.000	35441928.000
119.500	35333088.000
120.000	35309956.000
120.500	35253620.000
121.000	35266940.000
121.500	35160920.000
122.000	35209616.000
122.500	35217904.000
123.000	35237480.000
123.500	35180976.000
124.000	35191516.000
124.500	35246952.000
125.000	35209272.000
125.500	35242812.000
126.000	35347848.000
126.500	35238880.000
127.000	35244452.000
127.500	35169864.000
128.000	35162176.000
128.500	35178124.000
129.000	35141636.000
129.500	35119128.000
130.000	35117872.000
130.500	35092928.000
131.000	35079740.000
131.500	35122344.000
132.000	35182572.000
132.500	35056968.000
133.000	35042056.000
133.500	35069964.000
134.000	35068012.000
134.500	35081720.000
135.000	35026792.000
135.500	35008164.000
136.000	35041340.000
136.500	35053780.000
137.000	34925928.000
137.500	35018448.000
138.000	35081692.000
138.500	35020936.000
139.000	34972752.000
139.500	34919244.000
140.000	34931372.000
140.500	34966724.000
141.000	35008512.000
141.500	34948868.000
142.000	34900528.000
142.500	34868156.000
143.000	34896848.000
143.500	34776088.000
144.000	34842496.000
144.500	34825620.000
145.000	34845112.000
145.500	34863908.000
146.000	34849144.000
146.500	34794452.000
147.000	34774696.000
147.500	34781168.000
148.000	34902660.000
148.500	34841448.000
149.000	34791980.000
149.500	34821952.000
150.000	34859536.000
150.500	34895784.000
151.000	34993984.000
151.500	34959300.000
152.000	35026096.000
152.500	35077792.000
153.000	35065008.000
153.500	34918340.000
154.000	35026436.000
154.500	34917620.000
155.000	34836024.000
155.500	34887140.000
156.000	34853040.000
156.500	34840740.000
157.000	34777976.000
157.500	34779044.000
158.000	34824072.000
158.500	34869580.000
159.000	34867448.000
159.500	34842504.000
160.000	34600864.000
160.500	34613324.000
161.000	34602712.000
161.500	34524772.000
162.000	34560572.000
162.500	34478344.000
163.000	34579524.000
163.500	34560236.000
164.000	34581276.000
164.500	34639464.000
165.000	34653396.000
165.500	34530116.000
166.000	34532912.000
166.500	34452860.000
167.000	34433452.000
167.500	34563908.000
168.000	34412596.000
168.500	34380916.000
169.000	34304680.000
169.500	34519472.000
170.000	34364708.000
170.500	34355192.000
171.000	34460644.000
171.500	34462036.000
172.000	34467400.000
172.500	34351040.000
173.000	34379176.000
173.500	34248380.000
174.000	34084996.000
174.500	33981160.000
175.000	33962252.000
175.500	34008696.000
176.000	34000776.000
176.500	34228824.000
177.000	34212784.000
177.500	34134524.000
178.000	34173444.000
178.500	34071148.000
179.000	34118568.000
179.500	33923484.000
180.000	33937536.000
180.500	33910476.000
181.000	33948516.000
181.500	34003180.000
182.000	34018344.000
182.500	34062156.000
183.000	34087380.000
183.500	34069076.000
184.000	34101932.000
184.500	34061804.000
185.000	34156740.000
185.500	34027296.000
186.000	34059056.000
186.500	34101256.000
187.000	34037636.000
187.500	33995600.000
188.000	34056664.000
188.500	34126200.000
189.000	34204080.000
189.500	34179356.000
190.000	34158500.000
190.500	34322268.000
191.000	34178652.000
191.500	34072184.000
192.000	34130712.000
192.500	34145636.000
193.000	34121676.000
193.500	34101604.000
194.000	34102644.000
194.500	34134164.000
195.000	34158152.000
195.500	34140412.000
196.000	34152564.000
196.500	34087752.000
197.000	34138676.000
197.500	34222548.000
198.000	34212396.000
198.500	34034192.000
199.000	34091896.000
199.500	34064580.000
200.000	34301156.000
200.500	34340808.000
201.000	34109556.000
201.500	34145276.000
202.000	34180380.000
202.500	33987696.000
203.000	34035552.000
203.500	34027312.000
204.000	34060788.000
204.500	34147732.000
205.000	34010768.000
205.500	33976004.000
206.000	33963644.000
206.500	33998360.000
207.000	34109240.000
207.500	34100560.000
208.000	34147036.000
208.500	34169264.000
209.000	34079096.000
209.500	34063892.000
210.000	34177624.000
210.500	34153628.000
211.000	34310348.000
211.500	34295608.000
212.000	34309300.000
212.500	34218376.000
213.000	34299812.000
213.500	34312816.000
214.000	34274984.000
214.500	34282996.000
215.000	34211056.000
215.500	34180740.000
216.000	34291732.000
216.500	34191192.000
217.000	34278780.000
217.500	34247688.000
218.000	34299812.000
218.500	34192952.000
219.000	34152948.000
219.500	34190136.000
220.000	34148412.000
220.500	34157800.000
221.000	34159184.000
221.500	34116852.000
222.000	34095720.000
222.500	34074960.000
223.000	34037660.000
223.500	34055944.000
224.000	34158136.000
224.500	34131404.000
225.000	34159192.000
225.500	34025256.000
226.000	34158120.000
226.500	34195352.000
227.000	34121696.000
227.500	34204384.000
228.000	34165108.000
228.500	34114080.000
229.000	34141128.000
229.500	34142512.000
230.000	34145644.000
230.500	34178996.000
231.000	34203016.000
231.500	34099876.000
232.000	34209992.000
232.500	34106788.000
233.000	34040420.000
233.500	34038672.000
234.000	34039024.000
234.500	34041768.000
235.000	34010416.000
235.500	34037648.000
236.000	33982880.000
236.500	33967412.000
237.000	33949556.000
237.500	33907056.000
238.000	33708296.000
238.500	33927916.000
239.000	33903604.000
239.500	33915960.000
240.000	33769928.000
240.500	33761488.000
241.000	33855028.000
241.500	33792740.000
242.000	33734352.000
242.500	33755372.000
243.000	33733984.000
243.500	33707288.000
244.000	33729260.000
244.500	33704544.000
245.000	33712012.000
245.500	33727220.000
246.000	33770668.000
246.500	33797148.000
247.000	33819956.000
247.500	33733668.000
248.000	33777764.000
248.500	33760780.000
249.000	33939236.000
249.500	33810104.000
250.000	33780500.000
250.500	33937216.000
251.000	33889244.000
251.500	33978060.000
252.000	33868072.000
252.500	33880380.000
253.000	33842452.000
253.500	33811128.000
254.000	33898840.000
254.500	33878656.000
255.000	33733996.000
255.500	33706248.000
256.000	33811472.000
256.500	33849968.000
257.000	33771696.000
257.500	33781184.000
258.000	33770328.000
258.500	33725232.000
259.000	33705580.000
259.500	33762160.000
260.000	33767584.000
260.500	33637716.000
261.000	33648160.000
261.500	33643464.000
262.000	33621220.000
262.500	33671432.000
263.000	33715024.000
263.500	33603040.000
264.000	33531964.000
264.500	33538668.000
265.000	33687028.000
265.500	33666788.000
266.000	33565812.000
266.500	33688396.000
267.000	33606112.000
267.500	33470818.000
268.000	33552690.000
268.500	33562484.000
269.000	33540274.000
269.500	33689356.000
270.000	33845896.000
270.500	33881412.000
271.000	33782240.000
271.500	33801564.000
272.000	33864656.000
272.500	33965708.000
273.000	33934808.000
273.500	34086016.000
274.000	33848632.000
274.500	33836700.000
275.000	33944744.000
275.500	33907724.000
276.000	33787972.000
276.500	33686344.000
277.000	33818620.000
277.500	33775044.000
278.000	33697488.000
278.500	33618560.000
279.000	33652236.000
279.500	33668092.000
280.000	33551646.000
280.500	33502844.000
281.000	33491484.000
281.500	33287774.000
282.000	33286962.000
282.500	33355076.000
283.000	33262304.000
283.500	33385860.000
284.000	33202842.000
284.500	33218588.000
285.000	33277104.000
285.500	33232654.000
286.000	33286276.000
286.500	33258270.000
287.000	33303450.000
287.500	33272836.000
288.000	33269136.000
288.500	33383274.000
289.000	33433442.000
289.500	33432520.000
290.000	33419532.000
290.500	33583260.000
291.000	33362066.000
291.500	33384284.000
292.000	33371990.000
292.500	33446102.000
293.000	33399528.000
293.500	33395594.000
294.000	33365326.000
294.500	33421100.000
295.000	33443752.000
295.500	33306184.000
296.000	33319298.000
296.500	33358694.000
297.000	33318298.000
297.500	33306374.000
298.000	33350686.000
298.500	33361288.000
299.000	33306050.000
299.500	33166904.000
