Voltage   	Current	
19.986020	-6.630892E-9
19.000060	5.143023E-10
17.999520	6.447214E-10
17.000310	8.900224E-10
15.999750	1.102378E-9
15.000910	1.715706E-9
14.000130	1.826286E-9
13.001010	2.299985E-9
12.000660	2.627121E-9
11.001270	3.018531E-9
10.000200	3.462825E-9
9.001130	3.589954E-9
8.000551	3.903881E-9
7.000006	4.122256E-9
6.000625	4.293771E-9
4.999737	4.473587E-9
4.000844	4.626321E-9
3.000184	4.665190E-9
2.001021	4.835790E-9
1.000412	5.014241E-9
0.000919	5.062063E-9
0.998833	4.804462E-9
1.999446	5.235701E-9
2.998300	5.348206E-9
3.998896	5.392086E-9
4.997934	5.480599E-9
5.998835	5.557772E-9
6.997900	5.595733E-9
7.999011	5.642496E-9
8.999405	5.705404E-9
9.998284	5.731422E-9
10.998630	5.773930E-9
11.997920	5.818367E-9
12.999070	6.011288E-9
13.997920	5.839066E-9
14.998560	5.873482E-9
15.997860	5.923935E-9
16.998690	6.793650E-9
17.997750	6.319699E-9
18.998440	6.032696E-9
