t (s)	Ids (Amps)
0.000000000000	0.000000022844
0.500000000000	0.000000022831
1.000000000000	0.000000022118
1.500000000000	0.000000008536
2.000000000000	0.000000004319
2.500000000000	0.000000002889
3.000000000000	0.000000003102
3.500000000000	0.000000002424
4.000000000000	0.000000002666
4.500000000000	0.000000002726
5.000000000000	0.000000002828
5.500000000000	0.000000002923
6.000000000000	0.000000002999
6.500000000000	0.000000003067
7.000000000000	0.000000003104
7.500000000000	0.000000003158
8.000000000000	0.000000003214
8.500000000000	0.000000003285
9.000000000000	0.000000006615
9.500000000000	0.000000015254
10.000000000000	0.000000030578
10.500000000000	0.000000033504
11.000000000000	0.000000033016
11.500000000000	0.000000032604
12.000000000000	0.000000032413
12.500000000000	0.000000032179
13.000000000000	0.000000031953
13.500000000000	0.000000031768
14.000000000000	0.000000031640
14.500000000000	0.000000031506
15.000000000000	0.000000031406
15.500000000000	0.000000031327
16.000000000000	0.000000031212
16.500000000000	0.000000031103
17.000000000000	0.000000031018
17.500000000000	0.000000030967
18.000000000000	0.000000030871
18.500000000000	0.000000030813
19.000000000000	0.000000030746
19.500000000000	0.000000030679
20.000000000000	0.000000030611
20.500000000000	0.000000030572
21.000000000000	0.000000030536
21.500000000000	0.000000030479
22.000000000000	0.000000030400
22.500000000000	0.000000030393
23.000000000000	0.000000030345
23.500000000000	0.000000030291
24.000000000000	0.000000030257
24.500000000000	0.000000030212
25.000000000000	0.000000030182
25.500000000000	0.000000030145
26.000000000000	0.000000030132
26.500000000000	0.000000030101
27.000000000000	0.000000030078
27.500000000000	0.000000030031
28.000000000000	0.000000030000
28.500000000000	0.000000029996
29.000000000000	0.000000029928
29.500000000000	0.000000029922
30.000000000000	0.000000029924
30.500000000000	0.000000029857
31.000000000000	0.000000029854
31.500000000000	0.000000029863
32.000000000000	0.000000029829
32.500000000000	0.000000029833
33.000000000000	0.000000029780
33.500000000000	0.000000029772
34.000000000000	0.000000029793
34.500000000000	0.000000029745
35.000000000000	0.000000029718
35.500000000000	0.000000029708
36.000000000000	0.000000029695
36.500000000000	0.000000029665
37.000000000000	0.000000029629
37.500000000000	0.000000029626
38.000000000000	0.000000029607
38.500000000000	0.000000029574
39.000000000000	0.000000029582
39.500000000000	0.000000029574
40.000000000000	0.000000029549
40.500000000000	0.000000029532
41.000000000000	0.000000029510
41.500000000000	0.000000029520
42.000000000000	0.000000029488
42.500000000000	0.000000029476
43.000000000000	0.000000029519
43.500000000000	0.000000029493
44.000000000000	0.000000029430
44.500000000000	0.000000029434
45.000000000000	0.000000029424
45.500000000000	0.000000029402
46.000000000000	0.000000029408
46.500000000000	0.000000029413
47.000000000000	0.000000029372
47.500000000000	0.000000029389
48.000000000000	0.000000029372
48.500000000000	0.000000029357
49.000000000000	0.000000029316
49.500000000000	0.000000029326
50.000000000000	0.000000029297
50.500000000000	0.000000029316
51.000000000000	0.000000029303
51.500000000000	0.000000029288
52.000000000000	0.000000029253
52.500000000000	0.000000029264
53.000000000000	0.000000029285
53.500000000000	0.000000029214
54.000000000000	0.000000029217
54.500000000000	0.000000029240
55.000000000000	0.000000029235
55.500000000000	0.000000029227
56.000000000000	0.000000029250
56.500000000000	0.000000029235
57.000000000000	0.000000029217
57.500000000000	0.000000029230
58.000000000000	0.000000029225
58.500000000000	0.000000029195
59.000000000000	0.000000029163
59.500000000000	0.000000029134
60.000000000000	0.000000029125
60.500000000000	0.000000029142
61.000000000000	0.000000029088
61.500000000000	0.000000029113
62.000000000000	0.000000029094
62.500000000000	0.000000029116
63.000000000000	0.000000029121
63.500000000000	0.000000029116
64.000000000000	0.000000029087
64.500000000000	0.000000029073
65.000000000000	0.000000029085
65.500000000000	0.000000029101
66.000000000000	0.000000029087
66.500000000000	0.000000029090
67.000000000000	0.000000029061
67.500000000000	0.000000029048
68.000000000000	0.000000029030
68.500000000000	0.000000029054
69.000000000000	0.000000029042
69.500000000000	0.000000029022
70.000000000000	0.000000029043
70.500000000000	0.000000029028
71.000000000000	0.000000029026
71.500000000000	0.000000029056
72.000000000000	0.000000029033
72.500000000000	0.000000029037
73.000000000000	0.000000029031
73.500000000000	0.000000029037
74.000000000000	0.000000029016
74.500000000000	0.000000028973
75.000000000000	0.000000028960
75.500000000000	0.000000028997
76.000000000000	0.000000028976
76.500000000000	0.000000028985
77.000000000000	0.000000028994
77.500000000000	0.000000028995
78.000000000000	0.000000028950
78.500000000000	0.000000028954
79.000000000000	0.000000028971
79.500000000000	0.000000028903
80.000000000000	0.000000028940
80.500000000000	0.000000028935
81.000000000000	0.000000028915
81.500000000000	0.000000028918
82.000000000000	0.000000028892
82.500000000000	0.000000028910
83.000000000000	0.000000028913
83.500000000000	0.000000028935
84.000000000000	0.000000028869
84.500000000000	0.000000028849
85.000000000000	0.000000028872
85.500000000000	0.000000028853
86.000000000000	0.000000028826
86.500000000000	0.000000028865
87.000000000000	0.000000028881
87.500000000000	0.000000028876
88.000000000000	0.000000028866
88.500000000000	0.000000028859
89.000000000000	0.000000028848
89.500000000000	0.000000028838
90.000000000000	0.000000028862
90.500000000000	0.000000028842
91.000000000000	0.000000028824
91.500000000000	0.000000028799
92.000000000000	0.000000028814
92.500000000000	0.000000028800
93.000000000000	0.000000028794
93.500000000000	0.000000028812
94.000000000000	0.000000028779
94.500000000000	0.000000028801
95.000000000000	0.000000028788
95.500000000000	0.000000028787
96.000000000000	0.000000028766
96.500000000000	0.000000028756
97.000000000000	0.000000028764
97.500000000000	0.000000028772
98.000000000000	0.000000028761
98.500000000000	0.000000028751
99.000000000000	0.000000028761
99.500000000000	0.000000028743
100.000000000000	0.000000028721
100.500000000000	0.000000028753
101.000000000000	0.000000028764
101.500000000000	0.000000028797
102.000000000000	0.000000028746
102.500000000000	0.000000028741
103.000000000000	0.000000028732
103.500000000000	0.000000028725
104.000000000000	0.000000028714
104.500000000000	0.000000028718
105.000000000000	0.000000028726
105.500000000000	0.000000028740
106.000000000000	0.000000028746
106.500000000000	0.000000028734
107.000000000000	0.000000028749
107.500000000000	0.000000028734
108.000000000000	0.000000028732
108.500000000000	0.000000028699
109.000000000000	0.000000028699
109.500000000000	0.000000028701
110.000000000000	0.000000028688
110.500000000000	0.000000028732
111.000000000000	0.000000028718
111.500000000000	0.000000028699
112.000000000000	0.000000028726
112.500000000000	0.000000028795
113.000000000000	0.000000028664
113.500000000000	0.000000028671
114.000000000000	0.000000028666
114.500000000000	0.000000028657
115.000000000000	0.000000036768
115.500000000000	0.000000034929
116.000000000000	0.000000024278
116.500000000000	0.000000020704
117.000000000000	0.000000022592
117.500000000000	0.000000023793
118.000000000000	0.000000028689
118.500000000000	0.000000028730
119.000000000000	0.000000028659
119.500000000000	0.000000033549
120.000000000000	0.000000050589
120.500000000000	0.000000056405
121.000000000000	0.000000061619
121.500000000000	0.000000063642
122.000000000000	0.000000062821
122.500000000000	0.000000062326
123.000000000000	0.000000061880
123.500000000000	0.000000061516
124.000000000000	0.000000061234
124.500000000000	0.000000060979
125.000000000000	0.000000060734
125.500000000000	0.000000060570
126.000000000000	0.000000060332
126.500000000000	0.000000044288
127.000000000000	0.000000029615
127.500000000000	0.000000016961
128.000000000000	0.000000017814
128.500000000000	0.000000018503
129.000000000000	0.000000019096
129.500000000000	0.000000019101
130.000000000000	0.000000019412
130.500000000000	0.000000019607
131.000000000000	0.000000019826
131.500000000000	0.000000019987
132.000000000000	0.000000020117
132.500000000000	0.000000020270
133.000000000000	0.000000020405
133.500000000000	0.000000020513
134.000000000000	0.000000020583
134.500000000000	0.000000020665
135.000000000000	0.000000020732
135.500000000000	0.000000020833
136.000000000000	0.000000020938
136.500000000000	0.000000020975
137.000000000000	0.000000021072
137.500000000000	0.000000021121
138.000000000000	0.000000021166
138.500000000000	0.000000021221
139.000000000000	0.000000021283
139.500000000000	0.000000021312
140.000000000000	0.000000021348
140.500000000000	0.000000021378
141.000000000000	0.000000021448
141.500000000000	0.000000021499
142.000000000000	0.000000021556
142.500000000000	0.000000021610
143.000000000000	0.000000021628
143.500000000000	0.000000021641
144.000000000000	0.000000021668
144.500000000000	0.000000021685
145.000000000000	0.000000021740
145.500000000000	0.000000021721
146.000000000000	0.000000021748
146.500000000000	0.000000021782
147.000000000000	0.000000021799
147.500000000000	0.000000021791
148.000000000000	0.000000021876
148.500000000000	0.000000021918
149.000000000000	0.000000021898
149.500000000000	0.000000021909
150.000000000000	0.000000021924
150.500000000000	0.000000021951
151.000000000000	0.000000021977
151.500000000000	0.000000021979
152.000000000000	0.000000021970
152.500000000000	0.000000021997
153.000000000000	0.000000022006
153.500000000000	0.000000022031
154.000000000000	0.000000022094
154.500000000000	0.000000022080
155.000000000000	0.000000022100
155.500000000000	0.000000022102
156.000000000000	0.000000022125
156.500000000000	0.000000022100
157.000000000000	0.000000022123
157.500000000000	0.000000022129
158.000000000000	0.000000022149
158.500000000000	0.000000022165
159.000000000000	0.000000022162
159.500000000000	0.000000022168
160.000000000000	0.000000022178
160.500000000000	0.000000022218
161.000000000000	0.000000022218
161.500000000000	0.000000022227
162.000000000000	0.000000022244
162.500000000000	0.000000022258
163.000000000000	0.000000022314
163.500000000000	0.000000022299
164.000000000000	0.000000022308
164.500000000000	0.000000022303
165.000000000000	0.000000022331
165.500000000000	0.000000022336
166.000000000000	0.000000022354
166.500000000000	0.000000022372
167.000000000000	0.000000022374
167.500000000000	0.000000022383
168.000000000000	0.000000022378
168.500000000000	0.000000022390
169.000000000000	0.000000022426
169.500000000000	0.000000022391
170.000000000000	0.000000022416
170.500000000000	0.000000022417
171.000000000000	0.000000022404
171.500000000000	0.000000022423
172.000000000000	0.000000022436
172.500000000000	0.000000022436
173.000000000000	0.000000022467
173.500000000000	0.000000022480
174.000000000000	0.000000022435
174.500000000000	0.000000022469
175.000000000000	0.000000022477
175.500000000000	0.000000022474
176.000000000000	0.000000022481
176.500000000000	0.000000022493
177.000000000000	0.000000022511
177.500000000000	0.000000022507
178.000000000000	0.000000022512
178.500000000000	0.000000022527
179.000000000000	0.000000022543
179.500000000000	0.000000022533
180.000000000000	0.000000022553
180.500000000000	0.000000022568
181.000000000000	0.000000022539
181.500000000000	0.000000022546
182.000000000000	0.000000022570
182.500000000000	0.000000022604
183.000000000000	0.000000022590
183.500000000000	0.000000022550
184.000000000000	0.000000022582
184.500000000000	0.000000022563
185.000000000000	0.000000022556
185.500000000000	0.000000022557
186.000000000000	0.000000022594
186.500000000000	0.000000022589
187.000000000000	0.000000022585
187.500000000000	0.000000022610
188.000000000000	0.000000022609
188.500000000000	0.000000022617
189.000000000000	0.000000022628
189.500000000000	0.000000022619
190.000000000000	0.000000022617
190.500000000000	0.000000022617
191.000000000000	0.000000022584
191.500000000000	0.000000022614
192.000000000000	0.000000022642
192.500000000000	0.000000022648
193.000000000000	0.000000022653
193.500000000000	0.000000022645
194.000000000000	0.000000022643
194.500000000000	0.000000022649
195.000000000000	0.000000022637
195.500000000000	0.000000022659
196.000000000000	0.000000022661
196.500000000000	0.000000022672
197.000000000000	0.000000022683
197.500000000000	0.000000022730
198.000000000000	0.000000022691
198.500000000000	0.000000022681
199.000000000000	0.000000022729
199.500000000000	0.000000022715
200.000000000000	0.000000022732
200.500000000000	0.000000022723
201.000000000000	0.000000022778
201.500000000000	0.000000022737
202.000000000000	0.000000022724
202.500000000000	0.000000022737
203.000000000000	0.000000022750
203.500000000000	0.000000022734
204.000000000000	0.000000022759
204.500000000000	0.000000022783
205.000000000000	0.000000022798
205.500000000000	0.000000022804
206.000000000000	0.000000022778
206.500000000000	0.000000022790
207.000000000000	0.000000022776
207.500000000000	0.000000022744
208.000000000000	0.000000022776
208.500000000000	0.000000022788
209.000000000000	0.000000022815
209.500000000000	0.000000022792
210.000000000000	0.000000022773
210.500000000000	0.000000022819
211.000000000000	0.000000022822
211.500000000000	0.000000022818
212.000000000000	0.000000022811
212.500000000000	0.000000022802
213.000000000000	0.000000022835
213.500000000000	0.000000022850
214.000000000000	0.000000022866
214.500000000000	0.000000022899
215.000000000000	0.000000022852
215.500000000000	0.000000022853
216.000000000000	0.000000022876
216.500000000000	0.000000022882
217.000000000000	0.000000022882
217.500000000000	0.000000022873
218.000000000000	0.000000022887
218.500000000000	0.000000022883
219.000000000000	0.000000022882
219.500000000000	0.000000022906
220.000000000000	0.000000022912
220.500000000000	0.000000022929
221.000000000000	0.000000022900
221.500000000000	0.000000022911
222.000000000000	0.000000022919
222.500000000000	0.000000022909
223.000000000000	0.000000022900
223.500000000000	0.000000022915
224.000000000000	0.000000022919
224.500000000000	0.000000022941
225.000000000000	0.000000022953
225.500000000000	0.000000022958
226.000000000000	0.000000022929
226.500000000000	0.000000022937
227.000000000000	0.000000022929
227.500000000000	0.000000022915
228.000000000000	0.000000022944
228.500000000000	0.000000022915
229.000000000000	0.000000022918
229.500000000000	0.000000023005
230.000000000000	0.000000023004
230.500000000000	0.000000022949
231.000000000000	0.000000022935
231.500000000000	0.000000023060
232.000000000000	0.000000022910
232.500000000000	0.000000022905
233.000000000000	0.000000022929
233.500000000000	0.000000022928
234.000000000000	0.000000020064
234.500000000000	0.000000020249
235.000000000000	0.000000024898
235.500000000000	0.000000027284
236.000000000000	0.000000027103
236.500000000000	0.000000027665
237.000000000000	0.000000022818
237.500000000000	0.000000022794
238.000000000000	0.000000022819
238.500000000000	0.000000022806
239.000000000000	0.000000022807
239.500000000000	0.000000013943
240.000000000000	0.000000003414
240.500000000000	0.000000003415
241.000000000000	0.000000002280
241.500000000000	0.000000001961
242.000000000000	0.000000002997
242.500000000000	0.000000003102
243.000000000000	0.000000003205
243.500000000000	0.000000003249
244.000000000000	0.000000003274
244.500000000000	0.000000003388
245.000000000000	0.000000003436
245.500000000000	0.000000003441
246.000000000000	0.000000003452
246.500000000000	0.000000003518
247.000000000000	0.000000003588
247.500000000000	0.000000003590
248.000000000000	0.000000003628
248.500000000000	0.000000003665
249.000000000000	0.000000003660
249.500000000000	0.000000003712
250.000000000000	0.000000003742
250.500000000000	0.000000003771
251.000000000000	0.000000003790
251.500000000000	0.000000003818
252.000000000000	0.000000003838
252.500000000000	0.000000003873
253.000000000000	0.000000003884
253.500000000000	0.000000003897
254.000000000000	0.000000003905
254.500000000000	0.000000003918
255.000000000000	0.000000003942
255.500000000000	0.000000003966
256.000000000000	0.000000003969
256.500000000000	0.000000003954
257.000000000000	0.000000003984
257.500000000000	0.000000003999
258.000000000000	0.000000004031
258.500000000000	0.000000004022
259.000000000000	0.000000004054
259.500000000000	0.000000004056
260.000000000000	0.000000004063
260.500000000000	0.000000004084
261.000000000000	0.000000004079
261.500000000000	0.000000004060
262.000000000000	0.000000004079
262.500000000000	0.000000004096
263.000000000000	0.000000004083
263.500000000000	0.000000004120
264.000000000000	0.000000004114
264.500000000000	0.000000004114
265.000000000000	0.000000004111
265.500000000000	0.000000004106
266.000000000000	0.000000004136
266.500000000000	0.000000004141
267.000000000000	0.000000004235
267.500000000000	0.000000004201
268.000000000000	0.000000004181
268.500000000000	0.000000004173
269.000000000000	0.000000004155
269.500000000000	0.000000004152
270.000000000000	0.000000015580
270.500000000000	0.000000025848
271.000000000000	0.000000036573
271.500000000000	0.000000035696
272.000000000000	0.000000035233
272.500000000000	0.000000034896
273.000000000000	0.000000034563
273.500000000000	0.000000034327
274.000000000000	0.000000034140
274.500000000000	0.000000033963
275.000000000000	0.000000033830
275.500000000000	0.000000033656
276.000000000000	0.000000033529
276.500000000000	0.000000033388
277.000000000000	0.000000033240
277.500000000000	0.000000033155
278.000000000000	0.000000033010
278.500000000000	0.000000032919
279.000000000000	0.000000032843
279.500000000000	0.000000032737
280.000000000000	0.000000032641
280.500000000000	0.000000032598
281.000000000000	0.000000032517
281.500000000000	0.000000032448
282.000000000000	0.000000032379
282.500000000000	0.000000032294
283.000000000000	0.000000032236
283.500000000000	0.000000032206
284.000000000000	0.000000032158
284.500000000000	0.000000032101
285.000000000000	0.000000032063
285.500000000000	0.000000031992
286.000000000000	0.000000031954
286.500000000000	0.000000031899
287.000000000000	0.000000031850
287.500000000000	0.000000031809
288.000000000000	0.000000031788
288.500000000000	0.000000031740
289.000000000000	0.000000031702
289.500000000000	0.000000031696
290.000000000000	0.000000031630
290.500000000000	0.000000031590
291.000000000000	0.000000031566
291.500000000000	0.000000031515
292.000000000000	0.000000031493
292.500000000000	0.000000031474
293.000000000000	0.000000031447
293.500000000000	0.000000031437
294.000000000000	0.000000031405
294.500000000000	0.000000031417
295.000000000000	0.000000031352
295.500000000000	0.000000031373
296.000000000000	0.000000031336
296.500000000000	0.000000031293
297.000000000000	0.000000031290
297.500000000000	0.000000031259
298.000000000000	0.000000031224
298.500000000000	0.000000031215
299.000000000000	0.000000031161
299.500000000000	0.000000031149
300.000000000000	0.000000031116
300.500000000000	0.000000031113
301.000000000000	0.000000031135
301.500000000000	0.000000031075
302.000000000000	0.000000031086
302.500000000000	0.000000031067
303.000000000000	0.000000031069
303.500000000000	0.000000031029
304.000000000000	0.000000030998
304.500000000000	0.000000030980
305.000000000000	0.000000030999
305.500000000000	0.000000030953
306.000000000000	0.000000030936
306.500000000000	0.000000030930
307.000000000000	0.000000030929
307.500000000000	0.000000030908
308.000000000000	0.000000030922
308.500000000000	0.000000030922
309.000000000000	0.000000030855
309.500000000000	0.000000030852
310.000000000000	0.000000030865
310.500000000000	0.000000030832
311.000000000000	0.000000030859
311.500000000000	0.000000030850
312.000000000000	0.000000030836
312.500000000000	0.000000030810
313.000000000000	0.000000030814
313.500000000000	0.000000030808
314.000000000000	0.000000030809
314.500000000000	0.000000030775
315.000000000000	0.000000030786
315.500000000000	0.000000030744
316.000000000000	0.000000030768
316.500000000000	0.000000030733
317.000000000000	0.000000030721
317.500000000000	0.000000030718
318.000000000000	0.000000030698
318.500000000000	0.000000030695
319.000000000000	0.000000030729
319.500000000000	0.000000030693
320.000000000000	0.000000030701
320.500000000000	0.000000030673
321.000000000000	0.000000030673
321.500000000000	0.000000030673
322.000000000000	0.000000030695
322.500000000000	0.000000030655
323.000000000000	0.000000030622
323.500000000000	0.000000030598
324.000000000000	0.000000030591
324.500000000000	0.000000030598
325.000000000000	0.000000030586
325.500000000000	0.000000030598
326.000000000000	0.000000030578
326.500000000000	0.000000030553
327.000000000000	0.000000030570
327.500000000000	0.000000030562
328.000000000000	0.000000030571
328.500000000000	0.000000030541
329.000000000000	0.000000030562
329.500000000000	0.000000030534
330.000000000000	0.000000030525
330.500000000000	0.000000030535
331.000000000000	0.000000030521
331.500000000000	0.000000030541
332.000000000000	0.000000030513
332.500000000000	0.000000030540
333.000000000000	0.000000030489
333.500000000000	0.000000030493
334.000000000000	0.000000030467
334.500000000000	0.000000030489
335.000000000000	0.000000030463
335.500000000000	0.000000030435
336.000000000000	0.000000030520
336.500000000000	0.000000030473
337.000000000000	0.000000030485
337.500000000000	0.000000030471
338.000000000000	0.000000030425
338.500000000000	0.000000030451
339.000000000000	0.000000030465
339.500000000000	0.000000030446
340.000000000000	0.000000030427
340.500000000000	0.000000030398
341.000000000000	0.000000030440
341.500000000000	0.000000030372
342.000000000000	0.000000030332
342.500000000000	0.000000030351
343.000000000000	0.000000030383
343.500000000000	0.000000030376
344.000000000000	0.000000030360
344.500000000000	0.000000030317
345.000000000000	0.000000030350
345.500000000000	0.000000030332
346.000000000000	0.000000030323
346.500000000000	0.000000030337
347.000000000000	0.000000030324
347.500000000000	0.000000030311
348.000000000000	0.000000030291
348.500000000000	0.000000030271
349.000000000000	0.000000030308
349.500000000000	0.000000030278
350.000000000000	0.000000030067
350.500000000000	0.000000030285
351.000000000000	0.000000030273
351.500000000000	0.000000030276
352.000000000000	0.000000030279
352.500000000000	0.000000030254
353.000000000000	0.000000030211
353.500000000000	0.000000030248
354.000000000000	0.000000030257
354.500000000000	0.000000040588
355.000000000000	0.000000033834
355.500000000000	0.000000033670
356.000000000000	0.000000033369
356.500000000000	0.000000030364
357.000000000000	0.000000030997
357.500000000000	0.000000029855
358.000000000000	0.000000029852
358.500000000000	0.000000029860
359.000000000000	0.000000029851
359.500000000000	0.000000039328
360.000000000000	0.000000053245
360.500000000000	0.000000059811
361.000000000000	0.000000061765
361.500000000000	0.000000064031
362.000000000000	0.000000063221
362.500000000000	0.000000062733
363.000000000000	0.000000062385
363.500000000000	0.000000061948
364.000000000000	0.000000061647
364.500000000000	0.000000061422
365.000000000000	0.000000061179
365.500000000000	0.000000060971
366.000000000000	0.000000060774
366.500000000000	0.000000060581
367.000000000000	0.000000060422
367.500000000000	0.000000060308
368.000000000000	0.000000060145
368.500000000000	0.000000059974
369.000000000000	0.000000059851
369.500000000000	0.000000059736
370.000000000000	0.000000059646
370.500000000000	0.000000059502
371.000000000000	0.000000059420
371.500000000000	0.000000059341
372.000000000000	0.000000059272
372.500000000000	0.000000059152
373.000000000000	0.000000059080
373.500000000000	0.000000058977
374.000000000000	0.000000058959
374.500000000000	0.000000058849
375.000000000000	0.000000058798
375.500000000000	0.000000058700
376.000000000000	0.000000058656
376.500000000000	0.000000058594
377.000000000000	0.000000058537
377.500000000000	0.000000058485
378.000000000000	0.000000058428
378.500000000000	0.000000058359
379.000000000000	0.000000058332
379.500000000000	0.000000058279
380.000000000000	0.000000058232
380.500000000000	0.000000058228
381.000000000000	0.000000058187
381.500000000000	0.000000058147
382.000000000000	0.000000058096
382.500000000000	0.000000058055
383.000000000000	0.000000058077
383.500000000000	0.000000058004
384.000000000000	0.000000057916
384.500000000000	0.000000057931
385.000000000000	0.000000057858
385.500000000000	0.000000057822
386.000000000000	0.000000057798
386.500000000000	0.000000057760
387.000000000000	0.000000057739
387.500000000000	0.000000057723
388.000000000000	0.000000057690
388.500000000000	0.000000057648
389.000000000000	0.000000057563
389.500000000000	0.000000045028
390.000000000000	0.000000028841
390.500000000000	0.000000013947
391.000000000000	0.000000015175
391.500000000000	0.000000015852
392.000000000000	0.000000016374
392.500000000000	0.000000016732
393.000000000000	0.000000017062
393.500000000000	0.000000017343
394.000000000000	0.000000017606
394.500000000000	0.000000017827
395.000000000000	0.000000018079
395.500000000000	0.000000018295
396.000000000000	0.000000018486
396.500000000000	0.000000018651
397.000000000000	0.000000018835
397.500000000000	0.000000018991
398.000000000000	0.000000019048
398.500000000000	0.000000019194
399.000000000000	0.000000019309
399.500000000000	0.000000019413
400.000000000000	0.000000019524
400.500000000000	0.000000019625
401.000000000000	0.000000019684
401.500000000000	0.000000019760
402.000000000000	0.000000019804
402.500000000000	0.000000019929
403.000000000000	0.000000019971
403.500000000000	0.000000020029
404.000000000000	0.000000020109
404.500000000000	0.000000020137
405.000000000000	0.000000020231
405.500000000000	0.000000020291
406.000000000000	0.000000020326
406.500000000000	0.000000020373
407.000000000000	0.000000020435
407.500000000000	0.000000020467
408.000000000000	0.000000020528
408.500000000000	0.000000020590
409.000000000000	0.000000020608
409.500000000000	0.000000020674
410.000000000000	0.000000020696
410.500000000000	0.000000020706
411.000000000000	0.000000020790
411.500000000000	0.000000020807
412.000000000000	0.000000020824
412.500000000000	0.000000020876
413.000000000000	0.000000020870
413.500000000000	0.000000020899
414.000000000000	0.000000020919
414.500000000000	0.000000020953
415.000000000000	0.000000020989
415.500000000000	0.000000021012
416.000000000000	0.000000021034
416.500000000000	0.000000021078
417.000000000000	0.000000021112
417.500000000000	0.000000021129
418.000000000000	0.000000021139
418.500000000000	0.000000021191
419.000000000000	0.000000021184
419.500000000000	0.000000021195
420.000000000000	0.000000021203
420.500000000000	0.000000021265
421.000000000000	0.000000021268
421.500000000000	0.000000021245
422.000000000000	0.000000021279
422.500000000000	0.000000021304
423.000000000000	0.000000021310
423.500000000000	0.000000021310
424.000000000000	0.000000021332
424.500000000000	0.000000021343
425.000000000000	0.000000021360
425.500000000000	0.000000021388
426.000000000000	0.000000021404
426.500000000000	0.000000021405
427.000000000000	0.000000021433
427.500000000000	0.000000021422
428.000000000000	0.000000021429
428.500000000000	0.000000021456
429.000000000000	0.000000021467
429.500000000000	0.000000021498
430.000000000000	0.000000021490
430.500000000000	0.000000021522
431.000000000000	0.000000021532
431.500000000000	0.000000021518
432.000000000000	0.000000021509
432.500000000000	0.000000021538
433.000000000000	0.000000021558
433.500000000000	0.000000021551
434.000000000000	0.000000021562
434.500000000000	0.000000021594
435.000000000000	0.000000021579
435.500000000000	0.000000021602
436.000000000000	0.000000021631
436.500000000000	0.000000021588
437.000000000000	0.000000021596
437.500000000000	0.000000021645
438.000000000000	0.000000021611
438.500000000000	0.000000021662
439.000000000000	0.000000021646
439.500000000000	0.000000021635
440.000000000000	0.000000021663
440.500000000000	0.000000021684
441.000000000000	0.000000021694
441.500000000000	0.000000021671
442.000000000000	0.000000021691
442.500000000000	0.000000021706
443.000000000000	0.000000021723
443.500000000000	0.000000021700
444.000000000000	0.000000021728
444.500000000000	0.000000021771
445.000000000000	0.000000021760
445.500000000000	0.000000021755
446.000000000000	0.000000021739
446.500000000000	0.000000021728
447.000000000000	0.000000021762
447.500000000000	0.000000021773
448.000000000000	0.000000021771
448.500000000000	0.000000021807
449.000000000000	0.000000021816
449.500000000000	0.000000021825
450.000000000000	0.000000021816
450.500000000000	0.000000021859
451.000000000000	0.000000021853
451.500000000000	0.000000021895
452.000000000000	0.000000021874
452.500000000000	0.000000021894
453.000000000000	0.000000021931
453.500000000000	0.000000021913
454.000000000000	0.000000021902
454.500000000000	0.000000021898
455.000000000000	0.000000021926
455.500000000000	0.000000021913
456.000000000000	0.000000021907
456.500000000000	0.000000021941
457.000000000000	0.000000021904
457.500000000000	0.000000021933
458.000000000000	0.000000021972
458.500000000000	0.000000021960
459.000000000000	0.000000021937
459.500000000000	0.000000021935
460.000000000000	0.000000021937
460.500000000000	0.000000021922
461.000000000000	0.000000021944
461.500000000000	0.000000021941
462.000000000000	0.000000021961
462.500000000000	0.000000021969
463.000000000000	0.000000021983
463.500000000000	0.000000021973
464.000000000000	0.000000022004
464.500000000000	0.000000021983
465.000000000000	0.000000021997
465.500000000000	0.000000022040
466.000000000000	0.000000022034
466.500000000000	0.000000021997
467.000000000000	0.000000022006
467.500000000000	0.000000022025
468.000000000000	0.000000022021
468.500000000000	0.000000022026
469.000000000000	0.000000022043
469.500000000000	0.000000022030
470.000000000000	0.000000022042
470.500000000000	0.000000022040
471.000000000000	0.000000022033
471.500000000000	0.000000022042
472.000000000000	0.000000022086
472.500000000000	0.000000022062
473.000000000000	0.000000022072
473.500000000000	0.000000022070
474.000000000000	0.000000022079
474.500000000000	0.000000022079
475.000000000000	0.000000022084
475.500000000000	0.000000022104
476.000000000000	0.000000022088
476.500000000000	0.000000022087
477.000000000000	0.000000022106
477.500000000000	0.000000022177
478.000000000000	0.000000022147
478.500000000000	0.000000022146
479.000000000000	0.000000022151
479.500000000000	0.000000022156
