Voltage   	Current	
19.987130	-7.338217E-10
19.001380	-2.836559E-10
18.001260	-2.126435E-10
17.001490	-1.922965E-10
16.001230	-1.742271E-10
15.001930	-1.388478E-10
14.000960	-7.937540E-11
13.001670	-1.833422E-11
12.001280	7.150650E-11
11.002160	2.475939E-10
10.001550	4.921424E-10
9.002087	9.600334E-10
8.001396	1.477725E-9
7.000813	2.181206E-9
6.002028	3.020678E-9
5.000960	3.890363E-9
4.001673	4.718443E-9
3.000652	5.484476E-9
2.001390	6.217167E-9
1.001026	7.001720E-9
0.001490	7.671289E-9
0.999494	6.401079E-9
2.000112	8.437373E-9
2.999313	9.195313E-9
3.999737	9.918080E-9
4.998638	1.055830E-8
5.999444	1.107735E-8
6.998788	1.160527E-8
7.999744	1.202458E-8
9.000100	1.252875E-8
9.999327	1.297710E-8
10.999580	1.331684E-8
11.999030	1.375043E-8
12.999500	1.413983E-8
13.998850	1.447263E-8
14.999270	1.480822E-8
15.998850	1.508030E-8
16.999300	1.537201E-8
17.999000	1.573342E-8
18.999530	1.597493E-8
