Voltage   	Current	
29.980380	9.944828E-10
28.999790	4.671362E-10
28.000390	4.475502E-10
27.000330	3.964858E-10
26.000570	3.914754E-10
25.000270	4.025082E-10
24.000740	3.603003E-10
23.000570	3.335280E-10
22.000270	3.599460E-10
21.000730	2.808440E-10
20.000490	2.688496E-10
19.000480	2.433427E-10
18.000590	2.305376E-10
17.001340	2.246664E-10
16.000460	1.958674E-10
15.000770	1.850362E-10
14.000210	1.686880E-10
13.001100	1.133170E-10
12.000580	1.317909E-10
11.001160	1.106851E-10
10.000810	7.490142E-11
9.001125	8.537837E-11
8.000718	5.981859E-11
7.000101	3.527117E-11
6.001011	2.368078E-11
5.000132	2.625539E-12
4.001093	-2.637590E-11
3.000652	-1.169811E-11
2.001446	-6.362724E-11
1.000683	-5.892031E-11
0.001087	-7.106740E-11
0.998786	-9.394452E-11
1.999541	-1.034601E-10
2.998665	-1.251733E-10
3.999360	-1.486073E-10
4.998368	-1.041182E-10
5.999050	-1.633864E-10
6.997960	-1.841377E-10
7.998590	-2.138983E-10
8.998816	-2.247809E-10
9.998262	-2.392559E-10
10.998760	-2.398632E-10
11.998270	-3.571846E-10
12.998850	-3.033322E-10
13.998140	-2.957910E-10
14.998270	-3.560716E-10
15.998160	-3.551098E-10
16.998480	-3.538950E-10
17.997920	-3.853259E-10
18.998690	-3.828459E-10
19.997740	-3.788984E-10
20.998240	-4.079506E-10
21.997510	-4.244502E-10
22.997730	-4.448985E-10
23.998390	-4.541605E-10
24.997740	-4.726344E-10
25.998120	-4.969286E-10
26.997580	-5.020914E-10
27.997790	-5.217801E-10
28.997370	-5.266388E-10
