Voltage   	Current	
29.980560	-8.565429E-9
28.997640	9.808612E-11
27.998170	9.140540E-11
26.998030	1.007686E-10
25.998480	1.342232E-10
24.998050	1.422199E-10
23.998540	1.267832E-10
22.998110	1.807357E-10
21.997820	1.941984E-10
20.998790	-3.927489E-11
19.997870	1.578084E-10
18.998750	1.461170E-10
17.998230	1.812418E-10
16.999040	1.632239E-10
15.998280	1.903520E-10
14.999490	6.731560E-12
13.998510	1.824058E-10
12.999560	6.412558E-11
11.998850	2.317526E-10
10.999580	2.477961E-10
9.998975	2.645978E-10
8.999838	2.242137E-11
7.999573	5.840639E-11
6.998878	1.079556E-10
5.999659	9.469532E-11
4.998827	1.189384E-10
3.999802	3.034139E-10
2.998746	3.217339E-10
1.999751	1.740043E-10
0.998979	1.473318E-10
-0.000171	1.800271E-10
0.997335	2.419762E-10
1.997880	1.148389E-10
2.997184	1.881251E-10
3.997660	-7.439660E-12
4.996724	9.449287E-11
5.997222	1.883275E-10
6.996659	7.855015E-11
7.997453	3.295780E-10
8.997697	1.956157E-10
9.997010	1.746152E-11
10.997090	3.261873E-10
11.996790	-3.067033E-11
12.997410	1.094235E-10
13.996690	-6.503581E-11
14.996850	1.781039E-10
15.996560	1.625661E-10
16.996600	4.246190E-10
17.996280	-1.266304E-10
18.996740	2.424823E-10
19.996020	2.429378E-10
20.996340	1.620599E-10
21.995250	3.705701E-10
22.996050	1.718281E-10
23.996430	1.845317E-10
24.995970	2.130768E-10
25.996590	1.992597E-10
26.996050	2.585249E-10
27.996240	2.039160E-10
28.995830	2.443548E-10
