Voltage   	Current	
19.987800	-8.110352E-9
19.000360	4.387636E-11
17.999840	9.707084E-11
17.000710	2.402554E-10
15.999890	3.461292E-10
15.000420	4.748272E-10
13.999900	7.239743E-10
13.000460	9.434148E-10
12.000140	1.198229E-9
11.000760	1.457448E-9
10.000280	1.701990E-9
9.000855	1.977151E-9
8.000778	2.348870E-9
7.000015	2.631420E-9
6.000895	2.972981E-9
5.000024	3.276632E-9
4.000892	3.474611E-9
3.000257	3.773966E-9
2.000850	4.046948E-9
1.000236	4.321550E-9
0.000863	4.554252E-9
0.998734	4.778498E-9
1.999245	4.992424E-9
2.998420	5.022635E-9
3.998845	5.463944E-9
4.998063	5.652461E-9
5.998573	5.805703E-9
6.997728	6.035217E-9
7.998333	6.145946E-9
8.998684	6.352735E-9
9.998065	6.462656E-9
10.998690	6.384469E-9
11.998080	6.809224E-9
12.998680	6.964791E-9
13.997720	7.076951E-9
14.998470	7.212068E-9
15.998000	7.317033E-9
16.998100	7.415975E-9
17.997730	7.523064E-9
18.998240	7.652567E-9
