Voltage   	Current	
19.987500	-6.440654E-10
19.000740	-3.216568E-10
17.999990	-2.444205E-10
17.000460	-2.599082E-10
16.000320	-2.325263E-10
15.000610	-2.126857E-10
14.000270	-8.858114E-11
13.000830	1.050665E-10
12.000950	1.999669E-10
11.001340	4.273074E-10
10.000760	5.447715E-10
9.001512	7.503462E-10
8.000525	9.318815E-10
6.999873	1.102789E-9
6.000728	1.268939E-9
4.999951	1.453359E-9
4.000587	1.651443E-9
3.000077	1.742390E-9
2.000751	1.879945E-9
0.999923	2.011276E-9
0.000507	2.147263E-9
0.998370	2.095186E-9
1.999163	2.280011E-9
2.998648	2.414227E-9
3.999085	2.511547E-9
4.998402	2.610032E-9
5.999144	2.697537E-9
6.998260	2.753662E-9
7.998903	2.839648E-9
8.999259	2.899974E-9
9.998237	2.976089E-9
10.998760	3.016477E-9
11.998210	3.057926E-9
12.998760	3.114507E-9
13.998100	3.150338E-9
14.998650	3.214511E-9
15.998000	3.272204E-9
16.998260	3.288095E-9
17.997860	3.349079E-9
18.998410	3.433344E-9
