t (s)	Ids (Amps)
0.000000000000	0.000000006772
0.500000000000	0.000000006796
1.000000000000	0.000000006791
1.500000000000	0.000000006796
2.000000000000	0.000000006855
2.500000000000	0.000000006817
3.000000000000	0.000000006786
3.500000000000	0.000000006790
4.000000000000	0.000000006790
4.500000000000	0.000000006809
5.000000000000	0.000000006818
5.500000000000	0.000000006826
6.000000000000	0.000000006824
6.500000000000	0.000000006816
7.000000000000	0.000000006802
7.500000000000	0.000000006798
8.000000000000	0.000000006799
8.500000000000	0.000000006800
9.000000000000	0.000000006813
9.500000000000	0.000000006798
10.000000000000	0.000000006789
10.500000000000	0.000000006780
11.000000000000	0.000000006774
11.500000000000	0.000000006764
12.000000000000	0.000000006783
12.500000000000	0.000000006787
13.000000000000	0.000000006791
13.500000000000	0.000000006784
14.000000000000	0.000000006771
14.500000000000	0.000000006759
15.000000000000	0.000000006768
15.500000000000	0.000000006771
16.000000000000	0.000000006787
16.500000000000	0.000000006783
17.000000000000	0.000000006805
17.500000000000	0.000000006781
18.000000000000	0.000000006799
18.500000000000	0.000000006790
19.000000000000	0.000000006777
19.500000000000	0.000000006762
20.000000000000	0.000000006788
20.500000000000	0.000000006757
21.000000000000	0.000000006784
21.500000000000	0.000000006805
22.000000000000	0.000000006782
22.500000000000	0.000000006889
23.000000000000	0.000000007005
23.500000000000	0.000000006981
24.000000000000	0.000000006766
24.500000000000	0.000000006767
25.000000000000	0.000000006782
25.500000000000	0.000000006755
26.000000000000	0.000000006787
26.500000000000	0.000000006762
27.000000000000	0.000000006760
27.500000000000	0.000000006756
28.000000000000	0.000000006737
28.500000000000	0.000000006746
29.000000000000	0.000000006750
29.500000000000	0.000000006773
30.000000000000	0.000000006754
30.500000000000	0.000000006753
31.000000000000	0.000000006764
31.500000000000	0.000000006767
32.000000000000	0.000000006742
32.500000000000	0.000000006750
33.000000000000	0.000000006745
33.500000000000	0.000000006722
34.000000000000	0.000000006733
34.500000000000	0.000000006751
35.000000000000	0.000000006745
35.500000000000	0.000000006747
36.000000000000	0.000000006727
36.500000000000	0.000000006748
37.000000000000	0.000000006748
37.500000000000	0.000000006773
38.000000000000	0.000000006773
38.500000000000	0.000000006769
39.000000000000	0.000000006761
39.500000000000	0.000000006751
40.000000000000	0.000000006741
40.500000000000	0.000000006743
41.000000000000	0.000000006763
41.500000000000	0.000000006746
42.000000000000	0.000000006751
42.500000000000	0.000000006750
43.000000000000	0.000000006778
43.500000000000	0.000000006780
44.000000000000	0.000000006803
44.500000000000	0.000000006774
45.000000000000	0.000000006745
45.500000000000	0.000000006725
46.000000000000	0.000000006744
46.500000000000	0.000000006775
47.000000000000	0.000000006757
47.500000000000	0.000000006776
48.000000000000	0.000000006746
48.500000000000	0.000000006765
49.000000000000	0.000000006739
49.500000000000	0.000000006747
50.000000000000	0.000000006751
50.500000000000	0.000000006704
51.000000000000	0.000000006736
51.500000000000	0.000000006727
52.000000000000	0.000000006707
52.500000000000	0.000000006738
53.000000000000	0.000000006748
53.500000000000	0.000000006733
54.000000000000	0.000000006751
54.500000000000	0.000000006762
55.000000000000	0.000000006756
55.500000000000	0.000000006752
56.000000000000	0.000000006776
56.500000000000	0.000000006782
57.000000000000	0.000000006782
57.500000000000	0.000000006782
58.000000000000	0.000000006803
58.500000000000	0.000000006763
59.000000000000	0.000000006759
59.500000000000	0.000000006739
60.000000000000	0.000000006740
60.500000000000	0.000000006723
61.000000000000	0.000000006735
61.500000000000	0.000000006730
62.000000000000	0.000000006738
62.500000000000	0.000000006718
63.000000000000	0.000000006704
63.500000000000	0.000000006717
64.000000000000	0.000000006706
64.500000000000	0.000000006715
65.000000000000	0.000000006706
65.500000000000	0.000000006708
66.000000000000	0.000000006702
66.500000000000	0.000000006700
67.000000000000	0.000000006715
67.500000000000	0.000000006715
68.000000000000	0.000000006731
68.500000000000	0.000000006711
69.000000000000	0.000000006694
69.500000000000	0.000000006706
70.000000000000	0.000000006685
70.500000000000	0.000000006676
71.000000000000	0.000000006702
71.500000000000	0.000000006717
72.000000000000	0.000000006711
72.500000000000	0.000000006700
73.000000000000	0.000000006711
73.500000000000	0.000000006712
74.000000000000	0.000000006699
74.500000000000	0.000000006717
75.000000000000	0.000000006699
75.500000000000	0.000000006713
76.000000000000	0.000000006714
76.500000000000	0.000000006704
77.000000000000	0.000000006711
77.500000000000	0.000000006712
78.000000000000	0.000000006698
78.500000000000	0.000000006706
79.000000000000	0.000000006711
79.500000000000	0.000000006714
80.000000000000	0.000000006706
80.500000000000	0.000000006699
81.000000000000	0.000000006699
81.500000000000	0.000000006690
82.000000000000	0.000000006697
82.500000000000	0.000000006693
83.000000000000	0.000000006727
83.500000000000	0.000000006720
84.000000000000	0.000000006727
84.500000000000	0.000000006727
85.000000000000	0.000000006714
85.500000000000	0.000000006722
86.000000000000	0.000000006708
86.500000000000	0.000000006697
87.000000000000	0.000000006695
87.500000000000	0.000000006689
88.000000000000	0.000000006692
88.500000000000	0.000000006686
89.000000000000	0.000000006694
89.500000000000	0.000000006702
90.000000000000	0.000000006676
90.500000000000	0.000000006691
91.000000000000	0.000000006684
91.500000000000	0.000000006696
92.000000000000	0.000000006688
92.500000000000	0.000000006702
93.000000000000	0.000000006687
93.500000000000	0.000000006686
94.000000000000	0.000000006703
94.500000000000	0.000000006704
95.000000000000	0.000000006688
95.500000000000	0.000000006690
96.000000000000	0.000000006691
96.500000000000	0.000000006677
97.000000000000	0.000000006706
97.500000000000	0.000000006712
98.000000000000	0.000000006689
98.500000000000	0.000000006701
99.000000000000	0.000000006700
99.500000000000	0.000000006681
100.000000000000	0.000000006657
100.500000000000	0.000000006670
101.000000000000	0.000000006671
101.500000000000	0.000000006664
102.000000000000	0.000000006653
102.500000000000	0.000000006684
103.000000000000	0.000000006658
103.500000000000	0.000000006676
104.000000000000	0.000000006697
104.500000000000	0.000000006703
105.000000000000	0.000000006679
105.500000000000	0.000000006674
106.000000000000	0.000000006685
106.500000000000	0.000000006687
107.000000000000	0.000000006661
107.500000000000	0.000000006685
108.000000000000	0.000000006723
108.500000000000	0.000000006751
109.000000000000	0.000000006793
109.500000000000	0.000000006798
110.000000000000	0.000000006703
110.500000000000	0.000000006713
111.000000000000	0.000000006798
111.500000000000	0.000000006683
112.000000000000	0.000000006692
112.500000000000	0.000000006674
113.000000000000	0.000000006679
113.500000000000	0.000000006675
114.000000000000	0.000000006666
114.500000000000	0.000000006683
115.000000000000	0.000000006643
115.500000000000	0.000000006662
116.000000000000	0.000000006660
116.500000000000	0.000000006662
117.000000000000	0.000000006650
117.500000000000	0.000000006643
118.000000000000	0.000000006663
118.500000000000	0.000000006652
119.000000000000	0.000000006674
119.500000000000	0.000000006657
120.000000000000	0.000000006631
120.500000000000	0.000000006647
121.000000000000	0.000000006654
121.500000000000	0.000000006649
122.000000000000	0.000000006663
122.500000000000	0.000000006677
123.000000000000	0.000000006676
123.500000000000	0.000000006663
124.000000000000	0.000000006656
124.500000000000	0.000000006666
125.000000000000	0.000000006670
125.500000000000	0.000000006670
126.000000000000	0.000000006669
126.500000000000	0.000000006669
127.000000000000	0.000000006666
127.500000000000	0.000000006656
128.000000000000	0.000000006647
128.500000000000	0.000000006660
129.000000000000	0.000000006640
129.500000000000	0.000000006640
130.000000000000	0.000000006636
130.500000000000	0.000000006639
131.000000000000	0.000000006648
131.500000000000	0.000000006664
132.000000000000	0.000000006657
132.500000000000	0.000000006645
133.000000000000	0.000000006684
133.500000000000	0.000000006757
134.000000000000	0.000000006777
134.500000000000	0.000000006682
135.000000000000	0.000000006676
135.500000000000	0.000000006655
136.000000000000	0.000000006639
136.500000000000	0.000000006618
137.000000000000	0.000000006642
137.500000000000	0.000000006667
138.000000000000	0.000000006701
138.500000000000	0.000000006733
139.000000000000	0.000000006662
139.500000000000	0.000000006663
140.000000000000	0.000000006666
140.500000000000	0.000000006667
141.000000000000	0.000000006683
141.500000000000	0.000000006703
142.000000000000	0.000000006694
142.500000000000	0.000000006667
143.000000000000	0.000000006675
143.500000000000	0.000000006622
144.000000000000	0.000000006615
144.500000000000	0.000000006745
145.000000000000	0.000000006818
145.500000000000	0.000000006729
146.000000000000	0.000000006699
146.500000000000	0.000000006669
147.000000000000	0.000000006651
147.500000000000	0.000000006637
148.000000000000	0.000000006630
148.500000000000	0.000000006630
149.000000000000	0.000000006656
149.500000000000	0.000000006644
150.000000000000	0.000000006695
150.500000000000	0.000000006653
151.000000000000	0.000000006626
151.500000000000	0.000000006613
152.000000000000	0.000000006629
152.500000000000	0.000000006617
153.000000000000	0.000000006614
153.500000000000	0.000000006611
154.000000000000	0.000000006611
154.500000000000	0.000000006601
155.000000000000	0.000000006616
155.500000000000	0.000000006606
156.000000000000	0.000000006604
156.500000000000	0.000000006603
157.000000000000	0.000000006616
157.500000000000	0.000000006599
158.000000000000	0.000000006606
158.500000000000	0.000000006604
159.000000000000	0.000000006595
159.500000000000	0.000000006599
160.000000000000	0.000000006594
160.500000000000	0.000000006617
161.000000000000	0.000000006607
161.500000000000	0.000000006583
162.000000000000	0.000000006602
162.500000000000	0.000000006616
163.000000000000	0.000000006596
163.500000000000	0.000000006596
164.000000000000	0.000000006607
164.500000000000	0.000000006629
165.000000000000	0.000000006647
165.500000000000	0.000000006633
166.000000000000	0.000000006610
166.500000000000	0.000000006611
167.000000000000	0.000000006625
167.500000000000	0.000000006598
168.000000000000	0.000000006617
168.500000000000	0.000000006606
169.000000000000	0.000000006620
169.500000000000	0.000000006609
170.000000000000	0.000000006596
170.500000000000	0.000000006604
171.000000000000	0.000000006601
171.500000000000	0.000000006582
172.000000000000	0.000000006598
172.500000000000	0.000000006593
173.000000000000	0.000000006590
173.500000000000	0.000000006583
174.000000000000	0.000000006567
174.500000000000	0.000000006578
175.000000000000	0.000000006593
175.500000000000	0.000000006590
176.000000000000	0.000000006598
176.500000000000	0.000000006589
177.000000000000	0.000000006564
177.500000000000	0.000000006590
178.000000000000	0.000000006604
178.500000000000	0.000000006609
179.000000000000	0.000000006591
179.500000000000	0.000000006574
180.000000000000	0.000000006579
180.500000000000	0.000000006609
181.000000000000	0.000000006602
181.500000000000	0.000000006592
182.000000000000	0.000000006598
182.500000000000	0.000000006593
183.000000000000	0.000000006588
183.500000000000	0.000000006578
184.000000000000	0.000000006582
184.500000000000	0.000000006598
185.000000000000	0.000000006581
185.500000000000	0.000000006582
186.000000000000	0.000000006575
186.500000000000	0.000000006579
187.000000000000	0.000000006566
187.500000000000	0.000000006605
188.000000000000	0.000000006696
188.500000000000	0.000000006724
189.000000000000	0.000000006773
189.500000000000	0.000000006675
190.000000000000	0.000000006586
190.500000000000	0.000000006587
191.000000000000	0.000000006520
191.500000000000	0.000000006559
192.000000000000	0.000000006539
192.500000000000	0.000000006592
193.000000000000	0.000000006628
193.500000000000	0.000000006644
194.000000000000	0.000000006586
194.500000000000	0.000000006579
195.000000000000	0.000000006576
195.500000000000	0.000000006566
196.000000000000	0.000000006561
196.500000000000	0.000000006574
197.000000000000	0.000000006544
197.500000000000	0.000000006516
198.000000000000	0.000000006523
198.500000000000	0.000000006488
199.000000000000	0.000000006502
199.500000000000	0.000000006531
200.000000000000	0.000000006530
200.500000000000	0.000000006541
201.000000000000	0.000000006520
201.500000000000	0.000000006528
202.000000000000	0.000000006634
202.500000000000	0.000000006612
203.000000000000	0.000000006617
203.500000000000	0.000000006578
204.000000000000	0.000000006636
204.500000000000	0.000000006600
205.000000000000	0.000000006592
205.500000000000	0.000000006560
206.000000000000	0.000000006569
206.500000000000	0.000000006553
207.000000000000	0.000000006534
207.500000000000	0.000000006562
208.000000000000	0.000000006506
208.500000000000	0.000000006679
209.000000000000	0.000000006694
209.500000000000	0.000000006604
210.000000000000	0.000000006476
210.500000000000	0.000000006478
211.000000000000	0.000000006495
211.500000000000	0.000000006492
212.000000000000	0.000000006477
212.500000000000	0.000000006510
213.000000000000	0.000000006504
213.500000000000	0.000000006512
214.000000000000	0.000000006531
214.500000000000	0.000000006505
215.000000000000	0.000000006535
215.500000000000	0.000000006529
216.000000000000	0.000000006511
216.500000000000	0.000000006526
217.000000000000	0.000000006540
217.500000000000	0.000000006529
218.000000000000	0.000000006520
218.500000000000	0.000000006529
219.000000000000	0.000000006528
219.500000000000	0.000000006525
220.000000000000	0.000000006528
220.500000000000	0.000000006511
221.000000000000	0.000000006564
221.500000000000	0.000000006559
222.000000000000	0.000000006563
222.500000000000	0.000000006544
223.000000000000	0.000000006522
223.500000000000	0.000000006536
224.000000000000	0.000000006537
224.500000000000	0.000000006532
225.000000000000	0.000000006530
225.500000000000	0.000000006522
226.000000000000	0.000000006518
226.500000000000	0.000000006519
227.000000000000	0.000000006529
227.500000000000	0.000000006547
228.000000000000	0.000000006546
228.500000000000	0.000000006523
229.000000000000	0.000000006506
229.500000000000	0.000000006525
230.000000000000	0.000000006534
230.500000000000	0.000000006536
231.000000000000	0.000000006514
231.500000000000	0.000000006521
232.000000000000	0.000000006549
232.500000000000	0.000000006536
233.000000000000	0.000000006530
233.500000000000	0.000000006534
234.000000000000	0.000000006537
234.500000000000	0.000000006515
235.000000000000	0.000000006530
235.500000000000	0.000000006542
236.000000000000	0.000000006570
236.500000000000	0.000000006586
237.000000000000	0.000000006571
237.500000000000	0.000000006570
238.000000000000	0.000000006541
238.500000000000	0.000000006557
239.000000000000	0.000000006567
239.500000000000	0.000000006558
240.000000000000	0.000000006573
240.500000000000	0.000000006564
241.000000000000	0.000000006566
241.500000000000	0.000000006549
242.000000000000	0.000000006535
242.500000000000	0.000000006524
243.000000000000	0.000000006517
243.500000000000	0.000000006528
244.000000000000	0.000000006523
244.500000000000	0.000000006532
245.000000000000	0.000000006527
245.500000000000	0.000000006523
246.000000000000	0.000000006518
246.500000000000	0.000000006510
247.000000000000	0.000000006520
247.500000000000	0.000000006520
248.000000000000	0.000000006511
248.500000000000	0.000000006497
249.000000000000	0.000000006525
249.500000000000	0.000000006516
250.000000000000	0.000000006496
250.500000000000	0.000000006486
251.000000000000	0.000000006492
251.500000000000	0.000000006483
252.000000000000	0.000000006490
252.500000000000	0.000000006501
253.000000000000	0.000000006474
253.500000000000	0.000000006491
254.000000000000	0.000000006502
254.500000000000	0.000000006487
255.000000000000	0.000000006502
255.500000000000	0.000000006477
256.000000000000	0.000000006486
256.500000000000	0.000000006520
257.000000000000	0.000000006509
257.500000000000	0.000000006489
258.000000000000	0.000000006486
258.500000000000	0.000000006494
259.000000000000	0.000000006512
259.500000000000	0.000000006510
260.000000000000	0.000000006507
260.500000000000	0.000000006508
261.000000000000	0.000000006535
261.500000000000	0.000000006522
262.000000000000	0.000000006514
262.500000000000	0.000000006513
263.000000000000	0.000000006506
263.500000000000	0.000000006502
264.000000000000	0.000000006490
264.500000000000	0.000000006493
265.000000000000	0.000000006457
265.500000000000	0.000000006460
266.000000000000	0.000000006492
266.500000000000	0.000000006475
267.000000000000	0.000000006483
267.500000000000	0.000000006480
268.000000000000	0.000000006490
268.500000000000	0.000000006466
269.000000000000	0.000000006503
269.500000000000	0.000000006508
270.000000000000	0.000000006507
270.500000000000	0.000000006496
271.000000000000	0.000000006491
271.500000000000	0.000000006519
272.000000000000	0.000000006510
272.500000000000	0.000000006486
273.000000000000	0.000000006487
273.500000000000	0.000000006493
274.000000000000	0.000000006498
274.500000000000	0.000000006499
275.000000000000	0.000000006486
275.500000000000	0.000000006498
276.000000000000	0.000000006479
276.500000000000	0.000000006486
277.000000000000	0.000000006469
277.500000000000	0.000000006500
278.000000000000	0.000000006494
278.500000000000	0.000000006489
279.000000000000	0.000000006482
279.500000000000	0.000000006476
280.000000000000	0.000000006472
280.500000000000	0.000000006459
281.000000000000	0.000000006465
281.500000000000	0.000000006453
282.000000000000	0.000000006474
282.500000000000	0.000000006478
283.000000000000	0.000000006458
283.500000000000	0.000000006484
284.000000000000	0.000000006462
284.500000000000	0.000000006467
285.000000000000	0.000000006458
285.500000000000	0.000000006464
286.000000000000	0.000000006478
286.500000000000	0.000000006487
287.000000000000	0.000000006468
287.500000000000	0.000000006442
288.000000000000	0.000000006463
288.500000000000	0.000000006465
289.000000000000	0.000000006472
289.500000000000	0.000000006459
290.000000000000	0.000000006451
290.500000000000	0.000000006475
291.000000000000	0.000000006468
291.500000000000	0.000000006466
292.000000000000	0.000000006438
292.500000000000	0.000000006467
293.000000000000	0.000000006458
293.500000000000	0.000000006451
294.000000000000	0.000000006473
294.500000000000	0.000000006482
295.000000000000	0.000000006478
295.500000000000	0.000000006466
296.000000000000	0.000000006471
296.500000000000	0.000000006443
297.000000000000	0.000000006471
297.500000000000	0.000000006464
298.000000000000	0.000000006459
298.500000000000	0.000000006477
299.000000000000	0.000000006448
299.500000000000	0.000000006469
