Voltage   	Current	
19.983800	6.460358E-9
18.998890	-1.279567E-10
17.998370	-3.826429E-10
16.999080	-4.256647E-10
15.998740	-3.546537E-10
14.999090	-2.604117E-10
13.998850	-3.637136E-10
12.999650	-4.482882E-10
11.999300	-3.840094E-10
10.999840	-3.994464E-10
9.999550	-4.792632E-10
8.999769	-3.310677E-10
7.999727	-4.161991E-10
6.998831	-3.193254E-10
5.999616	-3.170982E-10
4.999265	-5.065436E-10
3.999613	-2.870343E-10
2.999223	-4.862478E-10
1.999760	-6.990761E-10
0.999254	-2.599560E-10
-0.000111	-3.920562E-10
0.997734	-2.754936E-10
1.998219	-3.597144E-10
2.997583	-4.339137E-10
3.997854	-2.806564E-10
4.997179	-3.438217E-10
5.997844	-3.623965E-10
6.996586	-3.040901E-10
7.997071	-3.301560E-10
8.997538	-4.316358E-10
9.997010	-4.700505E-10
10.997700	-7.423500E-10
11.997240	-4.471233E-10
12.997750	-3.968132E-10
13.997170	-3.229687E-10
14.997380	-4.110356E-10
15.996870	-5.755788E-10
16.997130	-4.061260E-10
17.996560	-7.027195E-10
18.996830	-3.889681E-10
