Voltage   	Current	
19.986080	4.061187E-9
19.000690	2.816576E-9
18.000140	2.628009E-9
17.000730	2.409178E-9
16.000300	2.133412E-9
15.000720	1.967114E-9
14.000040	1.678090E-9
13.000760	1.402780E-9
12.000500	1.013500E-9
11.001110	7.107610E-10
10.000560	5.287739E-10
9.001306	4.655638E-10
8.001135	3.126761E-10
7.000002	1.870109E-10
6.000916	1.765846E-10
4.999969	8.770874E-11
4.000535	2.484776E-11
2.999909	-6.822881E-11
2.000502	-8.872711E-11
0.999863	-1.123633E-10
0.000868	-1.581678E-10
0.998773	-9.473714E-10
1.998888	1.456096E-10
2.998596	-1.716058E-11
3.999042	-1.823099E-10
4.998222	-2.537750E-10
5.998878	-3.124862E-10
6.997930	-7.105546E-10
7.998676	-3.795472E-10
8.999203	-4.053094E-10
9.998490	-4.655384E-10
10.999060	-4.844678E-10
11.998760	-4.296036E-10
12.998890	-4.800138E-10
13.998240	-5.014739E-10
14.998500	-5.517825E-10
15.997760	-5.231862E-10
16.998510	-4.476721E-10
17.997770	-5.857442E-10
18.998490	-6.247660E-10
