t (s)	Ids (Amps)
0.000000000000	-0.000000000130
0.500000000000	-0.000000000159
1.000000000000	-0.000000000082
1.500000000000	-0.000000000129
2.000000000000	-0.000000000008
2.500000000000	-0.000000000207
3.000000000000	-0.000000000121
3.500000000000	-0.000000000115
4.000000000000	-0.000000000091
4.500000000000	-0.000000000073
5.000000000000	-0.000000000152
5.500000000000	-0.000000000107
6.000000000000	-0.000000000118
6.500000000000	-0.000000000136
7.000000000000	0.000000000063
7.500000000000	-0.000000000116
8.000000000000	0.000000000627
8.500000000000	-0.000000000575
9.000000000000	-0.000000000914
9.500000000000	0.000000001332
10.000000000000	-0.000000001180
10.500000000000	-0.000000001644
11.000000000000	-0.000000000064
11.500000000000	-0.000000000137
12.000000000000	-0.000000000405
12.500000000000	-0.000000000127
13.000000000000	-0.000000000256
13.500000000000	-0.000000000020
14.000000000000	-0.000000000127
14.500000000000	0.000000000056
15.000000000000	-0.000000000131
15.500000000000	-0.000000000130
16.000000000000	-0.000000000032
16.500000000000	-0.000000000152
17.000000000000	-0.000000000011
17.500000000000	-0.000000000115
18.000000000000	-0.000000000130
18.500000000000	0.000000000405
19.000000000000	-0.000000000031
19.500000000000	0.000000000003
20.000000000000	-0.000000000078
20.500000000000	-0.000000000073
21.000000000000	-0.000000000194
21.500000000000	-0.000000000071
22.000000000000	0.000000000054
22.500000000000	-0.000000000092
23.000000000000	-0.000000000105
23.500000000000	-0.000000000080
24.000000000000	-0.000000000090
24.500000000000	-0.000000000037
25.000000000000	-0.000000000097
25.500000000000	-0.000000000133
26.000000000000	-0.000000000125
26.500000000000	-0.000000000066
27.000000000000	-0.000000000032
27.500000000000	-0.000000000050
28.000000000000	-0.000000000226
28.500000000000	-0.000000000000
29.000000000000	-0.000000000140
29.500000000000	-0.000000000017
30.000000000000	-0.000000000136
30.500000000000	-0.000000000051
31.000000000000	-0.000000000143
31.500000000000	-0.000000000134
32.000000000000	0.000000000034
32.500000000000	-0.000000000183
33.000000000000	-0.000000000036
33.500000000000	-0.000000000103
34.000000000000	-0.000000000142
34.500000000000	-0.000000000099
35.000000000000	-0.000000000126
35.500000000000	-0.000000000132
36.000000000000	-0.000000000006
36.500000000000	-0.000000000052
37.000000000000	0.000000000219
37.500000000000	0.000000023930
38.000000000000	-0.000000000373
38.500000000000	-0.000000000055
39.000000000000	-0.000000000047
39.500000000000	0.000000000067
40.000000000000	-0.000000000000
40.500000000000	0.000000000006
41.000000000000	0.000000000059
41.500000000000	-0.000000000031
42.000000000000	0.000000000438
42.500000000000	0.000000000016
43.000000000000	0.000000000007
43.500000000000	0.000000000036
44.000000000000	0.000000000002
44.500000000000	0.000000000129
45.000000000000	0.000000023431
45.500000000000	0.000000000015
46.000000000000	-0.000000000002
46.500000000000	0.000000000057
47.000000000000	0.000000000160
47.500000000000	0.000000000154
48.000000000000	-0.000000000011
48.500000000000	0.000000000039
49.000000000000	0.000000000022
49.500000000000	0.000000000113
50.000000000000	-0.000000000031
50.500000000000	-0.000000000007
51.000000000000	0.000000000008
51.500000000000	-0.000000000007
52.000000000000	0.000000000123
52.500000000000	-0.000000000009
53.000000000000	-0.000000000046
53.500000000000	-0.000000000015
54.000000000000	-0.000000000016
54.500000000000	0.000000000071
55.000000000000	-0.000000000025
55.500000000000	-0.000000000006
56.000000000000	0.000000000012
56.500000000000	0.000000000072
57.000000000000	0.000000000129
57.500000000000	0.000000023277
58.000000000000	0.000000000079
58.500000000000	0.000000000055
59.000000000000	0.000000000108
59.500000000000	0.000000000189
60.000000000000	0.000000000025
60.500000000000	0.000000000026
61.000000000000	0.000000000139
61.500000000000	0.000000000105
62.000000000000	0.000000000125
62.500000000000	0.000000000022
63.000000000000	0.000000000021
63.500000000000	0.000000000014
64.000000000000	0.000000000006
64.500000000000	0.000000000036
65.000000000000	0.000000000008
65.500000000000	0.000000000026
66.000000000000	0.000000000076
66.500000000000	0.000000000032
67.000000000000	0.000000000341
67.500000000000	0.000000000099
68.000000000000	0.000000000349
68.500000000000	0.000000000086
69.000000000000	0.000000000081
69.500000000000	0.000000000437
70.000000000000	0.000000000088
70.500000000000	0.000000000049
71.000000000000	0.000000000048
71.500000000000	0.000000000047
72.000000000000	0.000000000335
72.500000000000	0.000000000074
73.000000000000	0.000000000075
73.500000000000	0.000000000070
74.000000000000	0.000000000090
74.500000000000	0.000000000343
75.000000000000	-0.000000000018
75.500000000000	0.000000000072
76.000000000000	0.000000000035
76.500000000000	0.000000000026
77.000000000000	0.000000000069
77.500000000000	0.000000000025
78.000000000000	0.000000000048
78.500000000000	0.000000000038
79.000000000000	0.000000000033
79.500000000000	-0.000000000030
80.000000000000	-0.000000000004
80.500000000000	0.000000000029
81.000000000000	-0.000000000130
81.500000000000	-0.000000000141
82.000000000000	0.000000000066
82.500000000000	-0.000000000055
83.000000000000	-0.000000000035
83.500000000000	-0.000000000060
84.000000000000	-0.000000000094
84.500000000000	-0.000000000072
85.000000000000	-0.000000000033
85.500000000000	-0.000000000265
86.000000000000	-0.000000000114
86.500000000000	-0.000000000178
87.000000000000	-0.000000000053
87.500000000000	-0.000000000232
88.000000000000	-0.000000000086
88.500000000000	-0.000000000106
89.000000000000	-0.000000000768
89.500000000000	-0.000000000123
90.000000000000	-0.000000000196
90.500000000000	-0.000000000434
91.000000000000	-0.000000000235
91.500000000000	-0.000000000180
92.000000000000	-0.000000000128
92.500000000000	-0.000000000019
93.000000000000	-0.000000000090
93.500000000000	-0.000000000117
94.000000000000	-0.000000000120
94.500000000000	0.000000000031
95.000000000000	-0.000000000120
95.500000000000	-0.000000000145
96.000000000000	-0.000000000061
96.500000000000	-0.000000000121
97.000000000000	0.000000000091
97.500000000000	-0.000000000046
98.000000000000	-0.000000000107
98.500000000000	-0.000000000076
99.000000000000	-0.000000000116
99.500000000000	0.000000000030
100.000000000000	-0.000000000042
100.500000000000	-0.000000000096
101.000000000000	-0.000000000082
101.500000000000	-0.000000000162
102.000000000000	-0.000000000323
102.500000000000	-0.000000000139
103.000000000000	-0.000000000191
103.500000000000	-0.000000000319
104.000000000000	-0.000000000197
104.500000000000	-0.000000000310
105.000000000000	-0.000000000230
105.500000000000	-0.000000000260
106.000000000000	-0.000000000200
106.500000000000	-0.000000000249
107.000000000000	-0.000000000420
107.500000000000	-0.000000000227
108.000000000000	-0.000000000319
108.500000000000	-0.000000000215
109.000000000000	-0.000000000194
109.500000000000	-0.000000000096
110.000000000000	-0.000000000139
110.500000000000	-0.000000000067
111.000000000000	-0.000000000152
111.500000000000	-0.000000000214
112.000000000000	-0.000000000012
112.500000000000	-0.000000000167
113.000000000000	-0.000000000184
113.500000000000	-0.000000000124
114.000000000000	-0.000000000117
114.500000000000	0.000000000009
115.000000000000	-0.000000000142
115.500000000000	-0.000000000152
116.000000000000	-0.000000000153
116.500000000000	-0.000000000142
117.000000000000	0.000000000061
117.500000000000	-0.000000000092
118.000000000000	-0.000000000149
118.500000000000	-0.000000000142
119.000000000000	-0.000000000142
119.500000000000	0.000000000109
120.000000000000	-0.000000000129
120.500000000000	-0.000000000095
121.000000000000	-0.000000000135
121.500000000000	-0.000000000159
122.000000000000	0.000000000027
122.500000000000	-0.000000000142
123.000000000000	-0.000000000089
123.500000000000	-0.000000000094
124.000000000000	-0.000000000109
124.500000000000	-0.000000000068
125.000000000000	-0.000000000143
125.500000000000	-0.000000000131
126.000000000000	-0.000000000135
126.500000000000	-0.000000000151
127.000000000000	-0.000000000070
127.500000000000	-0.000000000127
128.000000000000	-0.000000000101
128.500000000000	-0.000000000146
129.000000000000	-0.000000000150
129.500000000000	-0.000000000140
130.000000000000	-0.000000000146
130.500000000000	-0.000000000130
131.000000000000	-0.000000000126
131.500000000000	-0.000000000077
132.000000000000	-0.000000000149
132.500000000000	-0.000000000127
133.000000000000	-0.000000000156
133.500000000000	-0.000000000130
134.000000000000	-0.000000000093
134.500000000000	-0.000000000125
135.000000000000	-0.000000000145
135.500000000000	-0.000000000152
136.000000000000	-0.000000000104
136.500000000000	-0.000000000122
137.000000000000	-0.000000000128
137.500000000000	-0.000000000162
138.000000000000	-0.000000000157
138.500000000000	-0.000000000152
139.000000000000	-0.000000000143
139.500000000000	-0.000000000122
140.000000000000	-0.000000000169
140.500000000000	-0.000000000173
141.000000000000	-0.000000000181
141.500000000000	-0.000000000134
142.000000000000	-0.000000000126
142.500000000000	-0.000000000193
143.000000000000	-0.000000000120
143.500000000000	0.000000000041
144.000000000000	-0.000000000081
144.500000000000	-0.000000000137
145.000000000000	-0.000000000165
145.500000000000	-0.000000000226
146.000000000000	-0.000000000098
146.500000000000	-0.000000000138
147.000000000000	-0.000000000138
147.500000000000	-0.000000000163
148.000000000000	-0.000000000136
148.500000000000	-0.000000000109
149.000000000000	-0.000000000118
149.500000000000	-0.000000000152
150.000000000000	-0.000000000137
150.500000000000	-0.000000000189
151.000000000000	0.000000000441
151.500000000000	0.000000000448
152.000000000000	0.000000000181
152.500000000000	-0.000000000215
153.000000000000	0.000000000013
153.500000000000	0.000000000041
154.000000000000	-0.000000000247
154.500000000000	-0.000000000843
155.000000000000	-0.000000000732
155.500000000000	0.000000000578
156.000000000000	-0.000000000196
156.500000000000	0.000000000061
157.000000000000	-0.000000000645
157.500000000000	-0.000000000393
158.000000000000	-0.000000000224
158.500000000000	-0.000000000208
159.000000000000	-0.000000000230
159.500000000000	-0.000000000031
160.000000000000	0.000000000023
160.500000000000	-0.000000000152
161.000000000000	-0.000000000131
161.500000000000	-0.000000000117
162.000000000000	-0.000000000138
162.500000000000	-0.000000000156
163.000000000000	-0.000000000135
163.500000000000	-0.000000000123
164.000000000000	-0.000000000094
164.500000000000	0.000000000090
165.000000000000	0.000000000117
165.500000000000	-0.000000000494
166.000000000000	0.000000000008
166.500000000000	-0.000000000287
167.000000000000	-0.000000000127
167.500000000000	-0.000000000226
168.000000000000	-0.000000000075
168.500000000000	-0.000000000300
169.000000000000	-0.000000000179
169.500000000000	0.000000000070
170.000000000000	-0.000000000468
170.500000000000	-0.000000000045
171.000000000000	-0.000000000139
171.500000000000	-0.000000000173
172.000000000000	-0.000000000134
172.500000000000	-0.000000000163
173.000000000000	-0.000000000155
173.500000000000	-0.000000000121
174.000000000000	-0.000000000142
174.500000000000	-0.000000000181
175.000000000000	-0.000000000159
175.500000000000	-0.000000000106
176.000000000000	-0.000000000225
176.500000000000	-0.000000000142
177.000000000000	-0.000000000029
177.500000000000	-0.000000000178
178.000000000000	-0.000000000117
178.500000000000	-0.000000000129
179.000000000000	-0.000000000151
179.500000000000	-0.000000000232
180.000000000000	-0.000000000042
180.500000000000	-0.000000000168
181.000000000000	-0.000000000011
181.500000000000	-0.000000000277
182.000000000000	-0.000000000094
182.500000000000	-0.000000000198
183.000000000000	-0.000000000162
183.500000000000	-0.000000000170
184.000000000000	-0.000000000159
184.500000000000	-0.000000000134
185.000000000000	-0.000000000097
185.500000000000	-0.000000000188
186.000000000000	-0.000000000108
186.500000000000	-0.000000000023
187.000000000000	-0.000000000128
187.500000000000	-0.000000000141
188.000000000000	-0.000000000092
188.500000000000	0.000000000180
189.000000000000	-0.000000000141
189.500000000000	-0.000000000091
190.000000000000	-0.000000000183
190.500000000000	-0.000000000149
191.000000000000	-0.000000000060
191.500000000000	-0.000000000146
192.000000000000	-0.000000000115
192.500000000000	-0.000000000129
193.000000000000	-0.000000000125
193.500000000000	-0.000000000164
194.000000000000	-0.000000000155
194.500000000000	-0.000000000067
195.000000000000	-0.000000000141
195.500000000000	-0.000000000120
196.000000000000	-0.000000000158
196.500000000000	-0.000000000165
197.000000000000	-0.000000000140
197.500000000000	-0.000000000155
198.000000000000	-0.000000000113
198.500000000000	-0.000000000026
199.000000000000	-0.000000000099
199.500000000000	-0.000000000109
200.000000000000	-0.000000000148
200.500000000000	-0.000000000111
201.000000000000	-0.000000000138
201.500000000000	-0.000000000180
202.000000000000	-0.000000000085
202.500000000000	-0.000000000143
203.000000000000	-0.000000000115
203.500000000000	-0.000000000146
204.000000000000	-0.000000000160
204.500000000000	-0.000000000114
205.000000000000	-0.000000000156
205.500000000000	-0.000000000116
206.000000000000	-0.000000000157
206.500000000000	-0.000000000158
207.000000000000	-0.000000000179
207.500000000000	-0.000000000159
208.000000000000	-0.000000000128
208.500000000000	-0.000000000143
209.000000000000	-0.000000000123
209.500000000000	-0.000000000204
210.000000000000	-0.000000000255
210.500000000000	-0.000000000151
211.000000000000	-0.000000000049
211.500000000000	-0.000000000248
212.000000000000	-0.000000000200
212.500000000000	-0.000000000191
213.000000000000	-0.000000000163
213.500000000000	-0.000000000130
214.000000000000	-0.000000000124
214.500000000000	-0.000000000176
215.000000000000	-0.000000000120
215.500000000000	-0.000000000106
216.000000000000	-0.000000000123
216.500000000000	-0.000000000110
217.000000000000	-0.000000000173
217.500000000000	-0.000000000078
218.000000000000	-0.000000000141
218.500000000000	-0.000000000126
219.000000000000	-0.000000000082
219.500000000000	-0.000000000149
220.000000000000	-0.000000000144
220.500000000000	-0.000000000111
221.000000000000	-0.000000000112
221.500000000000	-0.000000000117
222.000000000000	-0.000000000134
222.500000000000	-0.000000000111
223.000000000000	-0.000000000150
223.500000000000	-0.000000000115
224.000000000000	-0.000000000045
224.500000000000	-0.000000000152
225.000000000000	-0.000000000091
225.500000000000	-0.000000000081
226.000000000000	-0.000000000217
226.500000000000	-0.000000000129
227.000000000000	-0.000000000128
227.500000000000	-0.000000000118
228.000000000000	-0.000000000145
228.500000000000	-0.000000000100
229.000000000000	-0.000000000086
229.500000000000	-0.000000000105
230.000000000000	-0.000000000120
230.500000000000	-0.000000000057
231.000000000000	-0.000000000119
231.500000000000	-0.000000000124
232.000000000000	-0.000000000146
232.500000000000	-0.000000000178
233.000000000000	-0.000000000128
233.500000000000	-0.000000000131
234.000000000000	0.000000000172
234.500000000000	0.000000000548
235.000000000000	0.000000000046
235.500000000000	-0.000000000020
236.000000000000	0.000000000264
236.500000000000	-0.000000000466
237.000000000000	-0.000000000327
237.500000000000	-0.000000000147
238.000000000000	0.000000000571
238.500000000000	0.000000000930
239.000000000000	-0.000000001196
239.500000000000	-0.000000000380
240.000000000000	-0.000000000019
240.500000000000	-0.000000000058
241.000000000000	-0.000000000660
241.500000000000	0.000000000336
242.000000000000	-0.000000000198
242.500000000000	-0.000000000333
243.000000000000	0.000000000090
243.500000000000	-0.000000000031
244.000000000000	-0.000000000098
244.500000000000	-0.000000000120
245.000000000000	-0.000000000051
245.500000000000	-0.000000000160
246.000000000000	-0.000000000520
246.500000000000	-0.000000000139
247.000000000000	-0.000000000136
247.500000000000	0.000000000177
248.000000000000	-0.000000000118
248.500000000000	-0.000000000441
249.000000000000	-0.000000000392
249.500000000000	-0.000000000228
250.000000000000	-0.000000000432
250.500000000000	-0.000000000323
251.000000000000	0.000000000121
251.500000000000	-0.000000000169
252.000000000000	-0.000000000094
252.500000000000	-0.000000000202
253.000000000000	-0.000000000020
253.500000000000	-0.000000000090
254.000000000000	-0.000000000231
254.500000000000	-0.000000000555
255.000000000000	-0.000000000134
255.500000000000	0.000000000632
256.000000000000	-0.000000000721
256.500000000000	0.000000000981
257.000000000000	-0.000000000951
257.500000000000	-0.000000000481
258.000000000000	-0.000000000487
258.500000000000	-0.000000000302
259.000000000000	-0.000000000216
259.500000000000	-0.000000000169
260.000000000000	0.000000000072
260.500000000000	-0.000000000158
261.000000000000	0.000000000493
261.500000000000	-0.000000000793
262.000000000000	0.000000000185
262.500000000000	0.000000000153
263.000000000000	-0.000000000023
263.500000000000	-0.000000000034
264.000000000000	0.000000000032
264.500000000000	0.000000000263
265.000000000000	-0.000000000124
265.500000000000	-0.000000000337
266.000000000000	-0.000000000590
266.500000000000	-0.000000000107
267.000000000000	0.000000000008
267.500000000000	-0.000000000355
268.000000000000	-0.000000000648
268.500000000000	0.000000000332
269.000000000000	-0.000000000182
269.500000000000	-0.000000000402
270.000000000000	-0.000000000134
270.500000000000	-0.000000000576
271.000000000000	0.000000000095
271.500000000000	0.000000000505
272.000000000000	-0.000000000061
272.500000000000	-0.000000000659
273.000000000000	-0.000000000161
273.500000000000	-0.000000000012
274.000000000000	-0.000000000177
274.500000000000	0.000000000119
275.000000000000	0.000000000318
275.500000000000	-0.000000000934
276.000000000000	0.000000000149
276.500000000000	-0.000000000280
277.000000000000	-0.000000000450
277.500000000000	0.000000000140
278.000000000000	-0.000000000140
278.500000000000	-0.000000000047
279.000000000000	-0.000000000189
279.500000000000	-0.000000000177
280.000000000000	-0.000000000194
280.500000000000	-0.000000000171
281.000000000000	-0.000000000156
281.500000000000	0.000000000032
282.000000000000	-0.000000000293
282.500000000000	-0.000000000112
283.000000000000	0.000000000023
283.500000000000	-0.000000000112
284.000000000000	0.000000000061
284.500000000000	0.000000000220
285.000000000000	-0.000000000336
285.500000000000	-0.000000000567
286.000000000000	-0.000000000160
286.500000000000	-0.000000000071
287.000000000000	0.000000000087
287.500000000000	-0.000000000141
288.000000000000	-0.000000000184
288.500000000000	-0.000000000233
289.000000000000	-0.000000000148
289.500000000000	0.000000000020
290.000000000000	-0.000000000103
290.500000000000	-0.000000000107
291.000000000000	-0.000000000265
291.500000000000	-0.000000000155
292.000000000000	-0.000000000074
292.500000000000	-0.000000000060
293.000000000000	0.000000000267
293.500000000000	-0.000000000353
294.000000000000	-0.000000000103
294.500000000000	-0.000000000060
295.000000000000	-0.000000000115
295.500000000000	-0.000000000090
296.000000000000	-0.000000000114
296.500000000000	-0.000000000084
297.000000000000	-0.000000000078
297.500000000000	-0.000000000139
298.000000000000	-0.000000000118
298.500000000000	-0.000000000141
299.000000000000	0.000000000089
299.500000000000	0.000000000118
