Voltage   	Current	
29.981350	-9.441397E-9
28.999780	-6.711864E-11
28.000490	-5.421302E-12
27.000190	2.915223E-10
26.000680	1.349292E-10
25.000270	-3.340024E-10
24.000730	5.419351E-10
23.000200	5.746788E-10
21.999800	7.910828E-10
21.000070	1.067559E-9
19.999650	1.346869E-9
19.000340	1.639440E-9
17.999900	1.888436E-9
17.000820	2.254792E-9
16.000140	2.759414E-9
15.000900	2.437744E-9
14.000570	3.231847E-9
13.001400	3.480895E-9
12.000740	3.798110E-9
11.001500	4.162189E-9
10.000850	4.390234E-9
9.001328	4.652390E-9
8.000984	4.915608E-9
7.000216	5.115917E-9
6.000921	5.387231E-9
4.999960	6.284070E-9
4.000548	5.795440E-9
3.000094	5.971255E-9
2.000854	6.237210E-9
1.000125	6.433866E-9
0.000790	6.570207E-9
0.998563	6.830495E-9
1.999361	6.977664E-9
2.998532	7.077267E-9
3.998952	7.255560E-9
4.998179	7.403842E-9
5.998887	7.672371E-9
6.997895	7.578849E-9
7.998358	7.757042E-9
8.998791	7.885033E-9
9.998056	7.987057E-9
10.998680	8.151033E-9
11.998190	8.231096E-9
12.998400	8.452001E-9
13.998150	8.322140E-9
14.998730	8.310956E-9
15.997910	8.548413E-9
16.998350	8.887796E-9
17.997650	8.666485E-9
18.998550	8.960265E-9
19.997420	8.810569E-9
20.997680	8.896098E-9
21.997160	8.958192E-9
22.997620	9.013915E-9
23.997910	9.071911E-9
24.997280	9.118981E-9
25.998000	9.183908E-9
26.997650	9.240893E-9
27.997880	9.115686E-9
28.997660	9.299046E-9
