Voltage   	Current
-30.008303	-1.103276E-9
-29.908978	-8.922100E-10
-29.806604	-7.927000E-10
-29.707565	-7.281663E-10
-29.608646	-6.938489E-10
-29.509296	-6.626193E-10
-29.407095	-6.344265E-10
-29.307505	-6.131174E-10
-29.208523	-6.064870E-10
-29.109293	-5.951996E-10
-29.006948	-5.739920E-10
-28.907656	-5.582504E-10
-28.808754	-5.560741E-10
-28.706238	-5.441288E-10
-28.607204	-5.369919E-10
-28.508060	-5.260093E-10
-28.401972	-5.237814E-10
-28.302979	-5.136079E-10
-28.200333	-5.069775E-10
-28.101442	-5.020167E-10
-28.002052	-4.749383E-10
-27.903091	-4.895661E-10
-27.800570	-4.815686E-10
-27.701660	-4.739764E-10
-27.602022	-4.715467E-10
-27.499659	-4.599560E-10
-27.400423	-4.556030E-10
-27.301407	-4.541856E-10
-27.202089	-4.529713E-10
-27.099909	-4.428476E-10
-27.000547	-4.340914E-10
-26.901638	-4.512500E-10
-26.801954	-4.412283E-10
-26.699659	-4.186540E-10
-26.600544	-4.270563E-10
-26.501299	-4.252335E-10
-26.398869	-4.174894E-10
-26.299757	-4.165279E-10
-26.200949	-4.157687E-10
-26.101816	-4.272077E-10
-25.999706	-3.986609E-10
-25.900232	-4.035703E-10
-25.801399	-3.944596E-10
-25.699011	-3.990148E-10
-25.600206	-3.911192E-10
-25.500921	-3.886390E-10
-25.395540	-3.731506E-10
-25.296494	-3.755800E-10
-25.197741	-3.913717E-10
-25.094959	-3.725938E-10
-24.996105	-3.735555E-10
-24.896990	-3.720377E-10
-24.794771	-3.638373E-10
-24.695662	-3.628253E-10
-24.596741	-3.603450E-10
-24.497906	-3.601930E-10
-24.395535	-3.548280E-10
-24.296751	-3.618127E-10
-24.197342	-3.482988E-10
-24.095152	-3.435408E-10
-23.996077	-3.418199E-10
-23.897181	-3.424777E-10
-23.798090	-3.430347E-10
-23.695881	-3.421236E-10
-23.596786	-3.353410E-10
-23.498009	-3.351385E-10
-23.395300	-3.296209E-10
-23.296320	-3.315450E-10
-23.197294	-3.344805E-10
-23.098429	-3.094260E-10
-22.996284	-3.180810E-10
-22.897444	-3.202574E-10
-22.798512	-3.171194E-10
-22.696123	-3.096284E-10
-22.597181	-3.129182E-10
-22.497887	-3.073504E-10
-22.392334	-3.073507E-10
-22.293255	-3.014288E-10
-22.194374	-2.926216E-10
-22.091846	-3.050225E-10
-21.993256	-3.008213E-10
-21.894005	-2.959116E-10
-21.791925	-2.879140E-10
-21.692368	-2.912549E-10
-21.593508	-2.858899E-10
-21.494379	-2.890786E-10
-21.392263	-2.844218E-10
-21.293163	-2.688830E-10
-21.194286	-2.788035E-10
-21.091871	-2.688834E-10
-20.993126	-2.758171E-10
-20.893644	-2.739956E-10
-20.794762	-2.789052E-10
-20.692692	-2.694397E-10
-20.593554	-2.667572E-10
-20.494614	-2.601268E-10
-20.392288	-2.592154E-10
-20.293467	-2.758178E-10
-20.194290	-2.515221E-10
-20.095541	-2.642267E-10
-19.992716	-2.639227E-10
-19.893955	-2.632646E-10
-19.794718	-2.545589E-10
-19.695921	-2.470678E-10
-19.593815	-2.386660E-10
-19.495121	-2.445877E-10
-19.389421	-2.532432E-10
-19.290506	-2.314279E-10
-19.191210	-2.424110E-10
-19.089043	-2.352240E-10
-18.989939	-2.344140E-10
-18.890991	-2.378561E-10
-18.788755	-2.387164E-10
-18.689695	-2.336549E-10
-18.590841	-2.307193E-10
-18.491787	-2.285933E-10
-18.389629	-2.199381E-10
-18.290161	-2.272266E-10
-18.191313	-2.080434E-10
-18.088888	-2.226711E-10
-17.990061	-2.184702E-10
-17.890833	-2.183689E-10
-17.792023	-2.156867E-10
-17.689812	-2.189257E-10
-17.590902	-2.080434E-10
-17.491468	-2.087014E-10
-17.392586	-2.064745E-10
-17.290136	-1.883541E-10
-17.191267	-2.089546E-10
-17.092079	-2.013118E-10
-16.990007	-1.970597E-10
-16.891195	-1.961994E-10
-16.792086	-1.953390E-10
-16.693153	-2.007550E-10
-16.590473	-1.955920E-10
-16.491558	-1.934156E-10
-16.385824	-1.911885E-10
-16.286991	-1.931623E-10
-16.188028	-1.863297E-10
-16.085928	-1.847099E-10
-15.986797	-1.864814E-10
-15.888001	-1.847099E-10
-15.788508	-1.826856E-10
-15.686397	-1.775224E-10
-15.587187	-1.726632E-10
-15.488445	-1.746879E-10
-15.385993	-1.869367E-10
-15.287125	-1.669440E-10
-15.188093	-1.642107E-10
-15.089211	-1.658809E-10
-14.986988	-1.699303E-10
-14.887547	-1.636540E-10
-14.788717	-1.688167E-10
-14.686202	-1.681589E-10
-14.587401	-1.473560E-10
-14.488334	-1.579855E-10
-14.389505	-1.758524E-10
-14.287126	-1.657290E-10
-14.188213	-1.493299E-10
-14.088714	-1.564667E-10
-13.986691	-1.520630E-10
-13.887486	-1.593518E-10
-13.788681	-1.552517E-10
-13.689515	-1.631478E-10
-13.587306	-1.786870E-10
-13.488244	-1.682093E-10
-13.382717	-1.147597E-10
-13.283325	-1.376378E-10
-13.184464	-1.669439E-10
-13.082257	-1.575295E-10
-12.983153	-1.533789E-10
-12.884211	-1.492793E-10
-12.785121	-1.372831E-10
-12.682874	-1.012958E-10
-12.583769	-9.694306E-11
-12.484680	-6.110754E-11
-12.381763	-5.989276E-11
-12.282861	-7.720305E-11
-12.183550	-6.723189E-11
-12.084608	1.908307E-12
-11.981917	-2.127354E-11
-11.882974	-1.043329E-10
-11.783677	-3.600234E-11
-11.681455	-1.065598E-10
-11.581796	-1.520121E-10
-11.482864	-2.573927E-10
-11.383470	-2.951014E-10
-11.281194	-2.462579E-10
-11.182103	-1.737769E-10
-11.082932	-1.357645E-10
-10.980601	-1.287800E-10
-10.881393	-1.099006E-10
-10.782313	-9.269141E-11
-10.682830	-8.403600E-11
-10.580564	-9.279247E-11
-10.481203	-9.420975E-11
-10.375606	-7.527981E-11
-10.276292	-5.837428E-11
-10.177332	-8.196091E-11
-10.074759	-9.891696E-11
-9.975799	-7.522899E-11
-9.876176	-7.821543E-11
-9.777208	-9.117257E-11
-9.674520	-6.809231E-11
-9.575526	-1.064082E-10
-9.476483	-7.715242E-11
-9.374194	-6.449863E-11
-9.275191	-5.017442E-11
-9.176030	-3.858383E-11
-9.076941	-4.693507E-11
-8.974219	-4.410070E-11
-8.875130	1.906703E-11
-8.775936	9.298354E-12
-8.673536	-3.387637E-11
-8.574373	-5.650128E-11
-8.475296	-9.026169E-11
-8.375934	-1.295390E-10
-8.273687	-7.173664E-11
-8.174094	-5.685552E-11
-8.075150	-6.819342E-11
-7.975768	-7.092674E-11
-7.873468	-6.257522E-11
-7.774136	-5.791867E-11
-7.675179	-5.928530E-11
-7.572685	-6.136042E-11
-7.470337	-4.081077E-11
-7.367477	-4.592277E-11
-7.268430	-4.703637E-11
-7.169427	-4.268330E-11
-7.066808	-3.762196E-11
-6.967718	-4.293654E-11
-6.868517	-4.901035E-11
-6.769456	-3.549605E-11
-6.667004	-3.073819E-11
-6.567986	-4.823281E-12
-6.468379	-2.562608E-11
-6.366020	-9.176160E-12
-6.266679	-5.785039E-12
-6.167640	-6.341816E-12
-6.068791	-4.064055E-12
-5.966578	2.465500E-12
-5.867321	2.718353E-12
-5.768418	-1.128542E-12
-5.668737	1.756678E-12
-5.566515	-2.798567E-12
-5.467285	2.667810E-12
-5.368194	1.233538E-11
-5.265787	1.263893E-11
-5.166653	1.360075E-11
-5.067627	2.245829E-11
-4.968304	3.744037E-11
-4.866025	4.437462E-11
-4.766518	3.668121E-11
-4.667488	2.144611E-11
-4.564918	4.710789E-11
-4.462557	4.893005E-11
-4.359926	5.080274E-11
-4.261066	5.196699E-11
-4.161725	4.933491E-11
-4.062818	5.171383E-11
-3.959880	6.158379E-11
-3.860942	5.996410E-11
-3.761720	6.102706E-11
-3.659452	6.786009E-11
-3.559917	6.396270E-11
-3.460898	7.742633E-11
-3.361979	7.681898E-11
-3.259356	7.363025E-11
-3.160318	7.256726E-11
-3.060832	7.373149E-11
-2.958502	8.071636E-11
-2.859260	7.914734E-11
-2.760251	7.312410E-11
-2.661101	7.221305E-11
-2.558762	9.043445E-11
-2.459440	7.600910E-11
-2.360512	7.023897E-11
-2.257616	7.130185E-11
-2.158719	8.527164E-11
-2.059455	7.965346E-11
-1.960477	7.676837E-11
-1.857873	7.894491E-11
-1.758855	7.125134E-11
-1.659705	7.788181E-11
-1.557264	6.745512E-11
-1.454832	7.514869E-11
-1.352057	7.484498E-11
-1.253028	7.641406E-11
-1.153786	7.965346E-11
-1.054687	7.894482E-11
-0.952134	7.727460E-11
-0.853227	7.388323E-11
-0.754025	8.511990E-11
-0.651594	5.414341E-11
-0.552100	7.403518E-11
-0.453060	6.522814E-11
-0.353869	7.707214E-11
-0.251428	6.629103E-11
-0.151944	7.464253E-11
-0.053077	6.983407E-11
0.049339	9.792545E-11
0.151661	6.780948E-11
0.250562	8.243722E-11
0.349948	7.079576E-11
0.452199	6.816384E-11
0.551848	8.091881E-11
0.650789	7.403518E-11
0.749932	7.651531E-11
0.852315	7.595849E-11
0.951752	7.656584E-11
1.050733	7.175741E-11
1.149938	7.965330E-11
1.252269	8.800490E-11
1.351827	7.666714E-11
1.450848	8.881482E-11
1.556664	7.919788E-11
1.655594	7.995715E-11
1.758190	9.109240E-11
1.857251	7.934979E-11
1.956335	8.395563E-11
2.058920	8.982702E-11
2.157789	9.240846E-11
2.257408	8.942214E-11
2.356400	1.038474E-10
2.458861	8.653721E-11
2.557854	9.144674E-11
2.656876	8.906784E-11
2.759227	9.595159E-11
2.858624	8.517048E-11
2.957605	9.190232E-11
3.057133	9.726753E-11
3.159508	1.018734E-10
3.258801	1.004563E-10
3.357743	8.243722E-11
3.456923	9.428130E-11
3.559307	9.615400E-11
3.658605	1.089595E-10
3.757594	1.050623E-10
3.859988	1.031388E-10
3.959587	1.068338E-10
4.058459	1.088583E-10
4.157743	1.079472E-10
4.259940	1.046067E-10
4.359195	9.741938E-11
4.458322	1.009117E-10
4.564111	1.180704E-10
4.663144	1.157421E-10
4.766158	1.147297E-10
4.865206	1.093646E-10
4.964414	1.182221E-10
5.066674	1.195888E-10
5.165876	1.138693E-10
5.264947	1.142236E-10
5.364194	1.042524E-10
5.466534	1.307748E-10
5.565920	1.155902E-10
5.665116	1.096176E-10
5.764058	1.247009E-10
5.866623	1.200443E-10
5.965511	1.234355E-10
6.064331	1.217652E-10
6.166633	1.289020E-10
6.265967	1.209554E-10
6.364978	1.382658E-10
6.464587	1.149322E-10
6.566899	1.227269E-10
6.666205	1.193357E-10
6.765154	1.177160E-10
6.867718	1.226257E-10
6.966751	1.231319E-10
7.066006	1.319389E-10
7.165022	1.292056E-10
7.267795	1.386201E-10
7.366793	1.265738E-10
7.465988	1.578033E-10
7.571640	1.483383E-10
7.670647	1.467691E-10
7.773240	1.460605E-10
7.872251	1.396324E-10
7.971555	1.499073E-10
8.070548	1.498567E-10
8.173435	1.548676E-10
8.272417	1.431249E-10
8.371649	1.546651E-10
8.473963	1.510208E-10
8.573268	1.537540E-10
8.672246	1.521344E-10
8.771552	1.449470E-10
8.873751	1.543615E-10
8.973343	1.567403E-10
9.072333	1.563860E-10
9.174942	1.564872E-10
9.273851	1.628141E-10
9.372804	1.586637E-10
9.471921	1.715199E-10
9.574198	1.617513E-10
9.673434	1.625611E-10
9.772572	1.556268E-10
9.875471	1.647375E-10
9.974522	1.654968E-10
10.073723	1.724817E-10
10.172729	1.730384E-10
10.275281	1.700015E-10
10.374262	1.759741E-10
10.473484	1.565885E-10
10.579189	1.679769E-10
10.678738	1.696472E-10
10.781130	1.745569E-10
10.880357	1.790110E-10
10.979369	1.822504E-10
11.078408	1.793653E-10
11.180779	1.783530E-10
11.280128	1.969288E-10
11.379049	1.763790E-10
11.481462	1.890328E-10
11.580966	1.893871E-10
11.680064	1.841231E-10
11.779297	1.822504E-10
11.881463	1.938412E-10
11.980863	1.816936E-10
12.079816	1.906525E-10
12.182378	1.846799E-10
12.281378	1.716212E-10
12.380953	1.985484E-10
12.479959	1.953597E-10
12.582506	1.967769E-10
12.681421	1.953091E-10
12.780426	1.920697E-10
12.879375	1.986497E-10
12.981771	2.048753E-10
13.080578	1.998138E-10
13.179950	1.902982E-10
13.282185	2.041667E-10
13.381098	1.937906E-10
13.480178	2.055839E-10
13.585634	2.113541E-10
13.684800	2.104936E-10
13.786948	2.143910E-10
13.886024	2.146947E-10
13.984803	2.146947E-10
14.084326	2.174279E-10
14.186428	2.154539E-10
14.285527	2.097850E-10
14.384328	2.226919E-10
14.486753	2.209203E-10
14.585668	2.151502E-10
14.684747	2.105442E-10
14.783597	2.286138E-10
14.886221	2.220338E-10
14.985224	2.108985E-10
15.084272	2.169217E-10
15.183211	2.165674E-10
15.285239	2.306384E-10
15.384436	2.202117E-10
15.483329	2.252226E-10
15.585782	2.029520E-10
15.684562	2.149477E-10
15.783915	2.176303E-10
15.882817	2.180353E-10
15.985192	2.326124E-10
16.084053	2.280064E-10
16.182955	2.352950E-10
16.285154	2.309927E-10
16.384180	2.440513E-10
16.483036	2.442031E-10
16.589106	2.487074E-10
16.687996	2.286644E-10
16.790323	2.378258E-10
16.889122	2.292212E-10
16.988272	2.373702E-10
17.087217	2.399516E-10
17.189489	2.377245E-10
17.288424	2.548819E-10
17.387228	2.460251E-10
17.486702	2.753287E-10
17.588678	2.434439E-10
17.687809	2.479483E-10
17.786671	2.479483E-10
17.889135	2.459745E-10
17.987974	2.442537E-10
18.087076	2.297273E-10
18.185802	2.643462E-10
18.288734	2.662694E-10
18.387543	2.704701E-10
18.486534	2.613095E-10
18.588655	2.644980E-10
18.687874	2.630809E-10
18.786728	2.595381E-10
18.885765	2.678889E-10
18.987936	2.721908E-10
19.086731	2.723426E-10
19.186258	2.733043E-10
19.288364	2.902083E-10
19.387403	2.758348E-10
19.486225	2.724945E-10
19.591629	2.793270E-10
19.690411	2.716341E-10
19.789576	2.751263E-10
19.891655	2.842868E-10
19.991196	2.851472E-10
20.090076	2.819587E-10
20.192415	2.968889E-10
20.291304	2.815032E-10
20.390331	2.876777E-10
20.489269	2.906638E-10
20.591629	2.843374E-10
20.690392	2.870704E-10
20.789793	2.926882E-10
20.892036	2.953200E-10
20.991087	2.903601E-10
21.089996	2.930931E-10
21.188826	2.753287E-10
21.291275	3.058976E-10
21.390024	3.022536E-10
21.489191	2.980529E-10
21.591305	3.106550E-10
21.690784	3.153112E-10
21.789555	3.064543E-10
21.888647	3.112623E-10
21.990749	3.107562E-10
22.090006	2.973444E-10
22.188879	3.043287E-10
22.291233	3.138941E-10
22.390131	3.149569E-10
22.489571	3.247249E-10
22.594975	3.233584E-10
22.694033	3.163234E-10
22.792845	3.125782E-10
22.894938	3.209290E-10
22.993757	3.084281E-10
23.092779	3.124770E-10
23.195156	3.246236E-10
23.293871	3.274071E-10
23.393438	3.230547E-10
23.492287	3.257370E-10
23.594645	3.272554E-10
23.693464	3.273566E-10
23.792645	3.345939E-10
23.894819	3.314055E-10
23.993786	3.207265E-10
24.092758	3.142483E-10
24.192097	3.427421E-10
24.294235	3.359098E-10
24.393406	3.281664E-10
24.492153	3.282169E-10
24.594572	3.305450E-10
24.693398	3.329743E-10
24.792528	3.353024E-10
24.891434	3.307981E-10
24.993547	3.361628E-10
25.092926	3.486637E-10
25.191683	3.399080E-10
25.290735	3.429446E-10
25.392891	3.511942E-10
25.492098	3.438557E-10
25.597595	3.425398E-10
25.696680	3.489673E-10
25.795521	3.403635E-10
25.898264	3.496760E-10
25.997065	3.531680E-10
26.096210	3.411227E-10
26.198236	3.655171E-10
26.297422	3.637964E-10
26.396532	3.710336E-10
26.495804	3.668836E-10
26.598194	3.627841E-10
26.697498	3.555467E-10
26.796778	3.551925E-10
26.895800	3.637963E-10
26.998312	3.278627E-10
27.097265	3.683512E-10
27.196569	3.775118E-10
27.299009	3.791820E-10
27.398260	3.759935E-10
27.497267	3.821680E-10
27.596699	3.610633E-10
27.698975	3.803965E-10
27.798294	3.654158E-10
27.897299	3.702745E-10
27.999985	3.869761E-10
28.098944	3.910249E-10
28.198198	3.949725E-10
28.297150	3.821680E-10
28.399822	3.800423E-10
28.499035	3.894053E-10
28.604933	3.891523E-10
28.703869	3.874315E-10
28.802881	3.929986E-10
28.905533	3.860650E-10
29.004484	3.846480E-10
29.103718	4.107124E-10
29.202663	3.967439E-10
29.305614	3.905694E-10
29.404537	4.005397E-10
29.503782	4.034245E-10
29.605959	4.053983E-10
29.705015	4.061068E-10
29.804018	4.117752E-10
29.903473	3.963390E-10
30.005745	4.131925E-10
