Voltage   	Current	
19.987960	7.219960E-8
19.000260	6.938502E-8
17.999740	6.785960E-8
17.000530	6.647730E-8
16.000130	6.490172E-8
15.000460	6.320479E-8
14.000310	6.122386E-8
13.000720	5.938711E-8
12.000570	5.808236E-8
11.001040	5.538988E-8
10.000500	5.366337E-8
9.001113	5.115863E-8
8.001044	4.875842E-8
7.000212	4.633328E-8
6.001032	4.429345E-8
4.999848	4.136578E-8
4.001050	3.922394E-8
3.000416	3.793259E-8
2.001107	3.390974E-8
1.000039	3.200790E-8
0.000683	2.977503E-8
0.998932	2.967386E-8
1.999335	2.610183E-8
2.998532	2.376414E-8
3.998905	2.203625E-8
4.997866	2.011108E-8
5.998792	1.830499E-8
6.997951	1.624348E-8
7.998659	1.488950E-8
8.999125	1.324794E-8
9.998091	1.168382E-8
10.998900	1.003720E-8
11.998250	8.638316E-9
12.998690	7.252542E-9
13.998230	5.999310E-9
14.998360	4.881359E-9
15.997690	3.684150E-9
16.998780	2.858463E-9
17.997940	2.214818E-9
18.998260	1.733779E-9
