t (s)	Ids (Amps)
0.000000000000	0.000000020020
0.500000000000	0.000000020185
1.000000000000	0.000000019935
1.500000000000	0.000000019574
2.000000000000	0.000000014743
2.500000000000	0.000000006442
3.000000000000	0.000000002989
3.500000000000	0.000000002540
4.000000000000	0.000000002018
4.500000000000	0.000000001575
5.000000000000	0.000000001858
5.500000000000	0.000000002037
6.000000000000	0.000000002052
6.500000000000	0.000000001952
7.000000000000	0.000000002118
7.500000000000	0.000000002161
8.000000000000	0.000000002247
8.500000000000	0.000000002323
9.000000000000	0.000000002241
9.500000000000	0.000000002307
10.000000000000	0.000000002387
10.500000000000	0.000000002421
11.000000000000	0.000000002432
11.500000000000	0.000000002543
12.000000000000	0.000000002578
12.500000000000	0.000000002552
13.000000000000	0.000000002579
13.500000000000	0.000000002594
14.000000000000	0.000000002619
14.500000000000	0.000000002596
15.000000000000	0.000000002634
15.500000000000	0.000000002658
16.000000000000	0.000000002668
16.500000000000	0.000000002654
17.000000000000	0.000000002642
17.500000000000	0.000000002829
18.000000000000	0.000000002513
18.500000000000	0.000000002773
19.000000000000	0.000000002969
19.500000000000	0.000000002827
20.000000000000	0.000000002795
20.500000000000	0.000000002807
21.000000000000	0.000000002695
21.500000000000	0.000000002716
22.000000000000	0.000000002773
22.500000000000	0.000000002785
23.000000000000	0.000000002822
23.500000000000	0.000000002816
24.000000000000	0.000000002808
24.500000000000	0.000000002827
25.000000000000	0.000000002827
25.500000000000	0.000000002823
26.000000000000	0.000000002819
26.500000000000	0.000000002815
27.000000000000	0.000000002807
27.500000000000	0.000000002861
28.000000000000	0.000000002872
28.500000000000	0.000000002860
29.000000000000	0.000000002854
29.500000000000	0.000000002838
30.000000000000	0.000000002875
30.500000000000	0.000000002877
31.000000000000	0.000000002893
31.500000000000	0.000000002915
32.000000000000	0.000000002922
32.500000000000	0.000000002910
33.000000000000	0.000000002947
33.500000000000	0.000000002925
34.000000000000	0.000000002921
34.500000000000	0.000000002970
35.000000000000	0.000000002924
35.500000000000	0.000000002913
36.000000000000	0.000000002978
36.500000000000	0.000000003028
37.000000000000	0.000000003256
37.500000000000	0.000000003234
38.000000000000	0.000000003098
38.500000000000	0.000000003001
39.000000000000	0.000000002866
39.500000000000	0.000000002910
40.000000000000	0.000000002905
40.500000000000	0.000000002924
41.000000000000	0.000000002923
41.500000000000	0.000000002947
42.000000000000	0.000000002957
42.500000000000	0.000000002970
43.000000000000	0.000000002986
43.500000000000	0.000000003000
44.000000000000	0.000000002992
44.500000000000	0.000000002983
45.000000000000	0.000000003002
45.500000000000	0.000000003005
46.000000000000	0.000000003009
46.500000000000	0.000000003003
47.000000000000	0.000000002998
47.500000000000	0.000000003003
48.000000000000	0.000000002978
48.500000000000	0.000000002987
49.000000000000	0.000000002976
49.500000000000	0.000000003062
50.000000000000	0.000000003092
50.500000000000	0.000000003118
51.000000000000	0.000000003068
51.500000000000	0.000000002983
52.000000000000	0.000000003001
52.500000000000	0.000000003002
53.000000000000	0.000000002998
53.500000000000	0.000000002986
54.000000000000	0.000000002967
54.500000000000	0.000000002988
55.000000000000	0.000000002974
55.500000000000	0.000000002955
56.000000000000	0.000000003016
56.500000000000	0.000000003038
57.000000000000	0.000000002967
57.500000000000	0.000000003017
58.000000000000	0.000000003010
58.500000000000	0.000000003033
59.000000000000	0.000000003028
59.500000000000	0.000000003014
60.000000000000	0.000000003024
60.500000000000	0.000000003036
61.000000000000	0.000000003048
61.500000000000	0.000000003053
62.000000000000	0.000000003042
62.500000000000	0.000000003035
63.000000000000	0.000000003053
63.500000000000	0.000000003070
64.000000000000	0.000000003060
64.500000000000	0.000000003076
65.000000000000	0.000000003082
65.500000000000	0.000000003127
66.000000000000	0.000000003076
66.500000000000	0.000000003032
67.000000000000	0.000000003061
67.500000000000	0.000000003062
68.000000000000	0.000000003063
68.500000000000	0.000000003058
69.000000000000	0.000000003071
69.500000000000	0.000000003056
70.000000000000	0.000000003070
70.500000000000	0.000000003079
71.000000000000	0.000000003092
71.500000000000	0.000000003084
72.000000000000	0.000000003077
72.500000000000	0.000000003084
73.000000000000	0.000000003086
73.500000000000	0.000000003108
74.000000000000	0.000000003082
74.500000000000	0.000000003099
75.000000000000	0.000000003097
75.500000000000	0.000000003104
76.000000000000	0.000000003095
76.500000000000	0.000000003090
77.000000000000	0.000000003102
77.500000000000	0.000000003094
78.000000000000	0.000000003101
78.500000000000	0.000000003081
79.000000000000	0.000000003075
79.500000000000	0.000000003083
80.000000000000	0.000000003087
80.500000000000	0.000000003090
81.000000000000	0.000000003060
81.500000000000	0.000000003044
82.000000000000	0.000000003084
82.500000000000	0.000000003094
83.000000000000	0.000000003114
83.500000000000	0.000000003086
84.000000000000	0.000000003105
84.500000000000	0.000000003141
85.000000000000	0.000000003103
85.500000000000	0.000000003110
86.000000000000	0.000000003091
86.500000000000	0.000000003077
87.000000000000	0.000000003150
87.500000000000	0.000000003086
88.000000000000	0.000000003086
88.500000000000	0.000000003072
89.000000000000	0.000000003074
89.500000000000	0.000000003062
90.000000000000	0.000000003068
90.500000000000	0.000000003121
91.000000000000	0.000000003124
91.500000000000	0.000000003101
92.000000000000	0.000000003087
92.500000000000	0.000000003095
93.000000000000	0.000000003075
93.500000000000	0.000000003115
94.000000000000	0.000000003115
94.500000000000	0.000000003103
95.000000000000	0.000000003101
95.500000000000	0.000000003303
96.000000000000	0.000000003073
96.500000000000	0.000000003073
97.000000000000	0.000000003059
97.500000000000	0.000000003284
98.000000000000	0.000000003119
98.500000000000	0.000000003205
99.000000000000	0.000000003126
99.500000000000	0.000000003078
100.000000000000	0.000000003110
100.500000000000	0.000000003119
101.000000000000	0.000000003086
101.500000000000	0.000000003086
102.000000000000	0.000000003136
102.500000000000	0.000000003132
103.000000000000	0.000000003120
103.500000000000	0.000000003137
104.000000000000	0.000000003122
104.500000000000	0.000000003127
105.000000000000	0.000000003129
105.500000000000	0.000000003129
106.000000000000	0.000000003121
106.500000000000	0.000000003119
107.000000000000	0.000000003113
107.500000000000	0.000000003173
108.000000000000	0.000000003132
108.500000000000	0.000000003134
109.000000000000	0.000000003128
109.500000000000	0.000000003143
110.000000000000	0.000000003127
110.500000000000	0.000000003134
111.000000000000	0.000000003145
111.500000000000	0.000000003145
112.000000000000	0.000000003159
112.500000000000	0.000000003141
113.000000000000	0.000000003166
113.500000000000	0.000000003164
114.000000000000	0.000000003177
114.500000000000	0.000000003168
115.000000000000	0.000000003168
115.500000000000	0.000000003170
116.000000000000	0.000000003163
116.500000000000	0.000000003169
117.000000000000	0.000000003211
117.500000000000	0.000000003141
118.000000000000	0.000000007403
118.500000000000	0.000000017098
119.000000000000	0.000000033195
119.500000000000	0.000000033775
120.000000000000	0.000000033049
120.500000000000	0.000000043795
121.000000000000	0.000000034153
121.500000000000	0.000000035920
122.000000000000	0.000000029724
122.500000000000	0.000000026145
123.000000000000	0.000000024754
123.500000000000	0.000000029342
124.000000000000	0.000000039230
124.500000000000	0.000000048342
125.000000000000	0.000000056233
125.500000000000	0.000000059901
126.000000000000	0.000000058854
126.500000000000	0.000000058074
127.000000000000	0.000000057530
127.500000000000	0.000000057033
128.000000000000	0.000000056698
128.500000000000	0.000000056361
129.000000000000	0.000000056063
129.500000000000	0.000000055786
130.000000000000	0.000000055575
130.500000000000	0.000000055303
131.000000000000	0.000000055142
131.500000000000	0.000000054972
132.000000000000	0.000000054815
132.500000000000	0.000000054638
133.000000000000	0.000000054512
133.500000000000	0.000000054397
134.000000000000	0.000000054258
134.500000000000	0.000000054212
135.000000000000	0.000000054048
135.500000000000	0.000000053979
136.000000000000	0.000000053862
136.500000000000	0.000000053804
137.000000000000	0.000000053648
137.500000000000	0.000000053620
138.000000000000	0.000000053570
138.500000000000	0.000000053450
139.000000000000	0.000000053339
139.500000000000	0.000000053282
140.000000000000	0.000000053191
140.500000000000	0.000000053159
141.000000000000	0.000000053085
141.500000000000	0.000000053039
142.000000000000	0.000000052996
142.500000000000	0.000000052960
143.000000000000	0.000000052870
143.500000000000	0.000000052820
144.000000000000	0.000000052755
144.500000000000	0.000000052794
145.000000000000	0.000000052722
145.500000000000	0.000000052658
146.000000000000	0.000000052616
146.500000000000	0.000000052583
147.000000000000	0.000000052538
147.500000000000	0.000000052490
148.000000000000	0.000000052489
148.500000000000	0.000000052431
149.000000000000	0.000000052347
149.500000000000	0.000000052351
150.000000000000	0.000000052313
150.500000000000	0.000000052256
151.000000000000	0.000000052249
151.500000000000	0.000000052195
152.000000000000	0.000000052188
152.500000000000	0.000000052212
153.000000000000	0.000000052179
153.500000000000	0.000000052111
154.000000000000	0.000000052089
154.500000000000	0.000000052099
155.000000000000	0.000000052054
155.500000000000	0.000000051990
156.000000000000	0.000000052025
156.500000000000	0.000000051978
157.000000000000	0.000000051951
157.500000000000	0.000000051939
158.000000000000	0.000000051904
158.500000000000	0.000000051921
159.000000000000	0.000000051934
159.500000000000	0.000000051910
160.000000000000	0.000000051851
160.500000000000	0.000000051805
161.000000000000	0.000000051819
161.500000000000	0.000000051807
162.000000000000	0.000000051804
162.500000000000	0.000000051770
163.000000000000	0.000000051753
163.500000000000	0.000000051770
164.000000000000	0.000000051734
164.500000000000	0.000000051677
165.000000000000	0.000000051647
165.500000000000	0.000000051676
166.000000000000	0.000000051638
166.500000000000	0.000000051610
167.000000000000	0.000000051629
167.500000000000	0.000000051600
168.000000000000	0.000000051576
168.500000000000	0.000000051581
169.000000000000	0.000000051565
169.500000000000	0.000000051530
170.000000000000	0.000000051568
170.500000000000	0.000000051511
171.000000000000	0.000000051480
171.500000000000	0.000000051466
172.000000000000	0.000000051481
172.500000000000	0.000000051463
173.000000000000	0.000000051420
173.500000000000	0.000000051430
174.000000000000	0.000000051397
174.500000000000	0.000000051457
175.000000000000	0.000000051406
175.500000000000	0.000000051406
176.000000000000	0.000000051418
176.500000000000	0.000000051438
177.000000000000	0.000000051332
177.500000000000	0.000000051348
178.000000000000	0.000000051319
178.500000000000	0.000000051274
179.000000000000	0.000000051287
179.500000000000	0.000000051275
180.000000000000	0.000000051299
180.500000000000	0.000000051265
181.000000000000	0.000000051236
181.500000000000	0.000000051230
182.000000000000	0.000000051243
182.500000000000	0.000000051240
183.000000000000	0.000000051192
183.500000000000	0.000000051206
184.000000000000	0.000000051242
184.500000000000	0.000000051157
185.000000000000	0.000000051150
185.500000000000	0.000000051208
186.000000000000	0.000000051531
186.500000000000	0.000000051377
187.000000000000	0.000000050729
187.500000000000	0.000000051103
188.000000000000	0.000000051566
188.500000000000	0.000000050973
189.000000000000	0.000000050814
189.500000000000	0.000000051413
190.000000000000	0.000000050752
190.500000000000	0.000000051399
191.000000000000	0.000000051435
191.500000000000	0.000000051038
192.000000000000	0.000000051087
192.500000000000	0.000000051152
193.000000000000	0.000000050989
193.500000000000	0.000000051030
194.000000000000	0.000000051147
194.500000000000	0.000000051038
195.000000000000	0.000000050972
195.500000000000	0.000000051062
196.000000000000	0.000000051097
196.500000000000	0.000000050997
197.000000000000	0.000000051062
197.500000000000	0.000000051091
198.000000000000	0.000000050983
198.500000000000	0.000000050876
199.000000000000	0.000000051082
199.500000000000	0.000000050984
200.000000000000	0.000000050964
200.500000000000	0.000000050937
201.000000000000	0.000000051012
201.500000000000	0.000000051049
202.000000000000	0.000000051033
202.500000000000	0.000000050978
203.000000000000	0.000000051000
203.500000000000	0.000000051002
204.000000000000	0.000000050933
204.500000000000	0.000000050910
205.000000000000	0.000000051065
205.500000000000	0.000000050821
206.000000000000	0.000000050829
206.500000000000	0.000000050900
207.000000000000	0.000000050872
207.500000000000	0.000000050828
208.000000000000	0.000000050846
208.500000000000	0.000000050838
209.000000000000	0.000000051021
209.500000000000	0.000000050697
210.000000000000	0.000000050752
210.500000000000	0.000000050757
211.000000000000	0.000000050773
211.500000000000	0.000000050785
212.000000000000	0.000000050756
212.500000000000	0.000000050507
213.000000000000	0.000000050864
213.500000000000	0.000000050972
214.000000000000	0.000000050754
214.500000000000	0.000000050763
215.000000000000	0.000000050713
215.500000000000	0.000000050754
216.000000000000	0.000000050756
216.500000000000	0.000000050739
217.000000000000	0.000000050714
217.500000000000	0.000000050723
218.000000000000	0.000000050729
218.500000000000	0.000000050709
219.000000000000	0.000000050716
219.500000000000	0.000000050800
220.000000000000	0.000000050681
220.500000000000	0.000000050677
221.000000000000	0.000000050807
221.500000000000	0.000000050656
222.000000000000	0.000000050709
222.500000000000	0.000000050556
223.000000000000	0.000000050720
223.500000000000	0.000000050702
224.000000000000	0.000000050678
224.500000000000	0.000000050653
225.000000000000	0.000000050768
225.500000000000	0.000000050691
226.000000000000	0.000000050659
226.500000000000	0.000000050606
227.000000000000	0.000000050603
227.500000000000	0.000000050624
228.000000000000	0.000000050657
228.500000000000	0.000000050634
229.000000000000	0.000000050610
229.500000000000	0.000000050579
230.000000000000	0.000000050558
230.500000000000	0.000000050510
231.000000000000	0.000000050476
231.500000000000	0.000000050606
232.000000000000	0.000000050536
232.500000000000	0.000000050541
233.000000000000	0.000000050587
233.500000000000	0.000000050611
234.000000000000	0.000000050605
234.500000000000	0.000000050517
235.000000000000	0.000000050587
235.500000000000	0.000000050508
236.000000000000	0.000000050620
236.500000000000	0.000000050531
237.000000000000	0.000000050546
237.500000000000	0.000000049947
238.000000000000	0.000000050038
238.500000000000	0.000000045903
239.000000000000	0.000000027581
239.500000000000	0.000000014612
240.000000000000	0.000000010579
240.500000000000	0.000000010636
241.000000000000	0.000000017114
241.500000000000	0.000000007788
242.000000000000	0.000000004599
242.500000000000	0.000000010727
243.000000000000	0.000000011349
243.500000000000	0.000000039390
244.000000000000	0.000000017828
244.500000000000	0.000000010169
245.000000000000	0.000000004639
245.500000000000	0.000000002654
246.000000000000	0.000000001970
246.500000000000	0.000000001687
247.000000000000	0.000000001854
247.500000000000	0.000000002259
248.000000000000	0.000000002087
248.500000000000	0.000000002143
249.000000000000	0.000000002306
249.500000000000	0.000000002327
250.000000000000	0.000000002481
250.500000000000	0.000000002492
251.000000000000	0.000000002516
251.500000000000	0.000000002595
252.000000000000	0.000000002650
252.500000000000	0.000000002671
253.000000000000	0.000000002724
253.500000000000	0.000000002754
254.000000000000	0.000000002802
254.500000000000	0.000000002840
255.000000000000	0.000000002896
255.500000000000	0.000000002907
256.000000000000	0.000000002933
256.500000000000	0.000000002965
257.000000000000	0.000000002960
257.500000000000	0.000000002980
258.000000000000	0.000000003009
258.500000000000	0.000000003046
259.000000000000	0.000000003060
259.500000000000	0.000000003058
260.000000000000	0.000000003079
260.500000000000	0.000000003106
261.000000000000	0.000000003096
261.500000000000	0.000000003136
262.000000000000	0.000000003141
262.500000000000	0.000000003142
263.000000000000	0.000000003161
263.500000000000	0.000000003181
264.000000000000	0.000000003237
264.500000000000	0.000000003155
265.000000000000	0.000000003139
265.500000000000	0.000000003226
266.000000000000	0.000000003333
266.500000000000	0.000000003268
267.000000000000	0.000000003267
267.500000000000	0.000000003266
268.000000000000	0.000000003296
268.500000000000	0.000000003274
269.000000000000	0.000000003256
269.500000000000	0.000000003274
270.000000000000	0.000000003258
270.500000000000	0.000000003275
271.000000000000	0.000000003625
271.500000000000	0.000000003377
272.000000000000	0.000000003400
272.500000000000	0.000000003408
273.000000000000	0.000000003355
273.500000000000	0.000000003287
274.000000000000	0.000000003340
274.500000000000	0.000000003347
275.000000000000	0.000000003342
275.500000000000	0.000000003378
276.000000000000	0.000000003380
276.500000000000	0.000000003374
277.000000000000	0.000000003358
277.500000000000	0.000000003371
278.000000000000	0.000000003390
278.500000000000	0.000000003393
279.000000000000	0.000000003397
279.500000000000	0.000000003410
280.000000000000	0.000000003427
280.500000000000	0.000000003409
281.000000000000	0.000000003434
281.500000000000	0.000000003430
282.000000000000	0.000000003434
282.500000000000	0.000000003460
283.000000000000	0.000000003451
283.500000000000	0.000000003446
284.000000000000	0.000000003463
284.500000000000	0.000000003442
285.000000000000	0.000000003441
285.500000000000	0.000000003463
286.000000000000	0.000000003445
286.500000000000	0.000000003446
287.000000000000	0.000000003457
287.500000000000	0.000000003476
288.000000000000	0.000000003467
288.500000000000	0.000000003461
289.000000000000	0.000000003466
289.500000000000	0.000000003532
290.000000000000	0.000000003504
290.500000000000	0.000000003502
291.000000000000	0.000000003485
291.500000000000	0.000000003471
292.000000000000	0.000000003632
292.500000000000	0.000000003492
293.000000000000	0.000000003491
293.500000000000	0.000000003723
294.000000000000	0.000000003539
294.500000000000	0.000000003534
295.000000000000	0.000000003563
295.500000000000	0.000000003611
296.000000000000	0.000000003402
296.500000000000	0.000000003457
297.000000000000	0.000000003439
297.500000000000	0.000000003449
298.000000000000	0.000000003456
298.500000000000	0.000000003474
299.000000000000	0.000000003459
299.500000000000	0.000000003468
300.000000000000	0.000000003514
300.500000000000	0.000000003473
301.000000000000	0.000000003472
301.500000000000	0.000000003467
302.000000000000	0.000000003464
302.500000000000	0.000000003477
303.000000000000	0.000000003424
303.500000000000	0.000000003490
304.000000000000	0.000000003544
304.500000000000	0.000000003606
305.000000000000	0.000000003555
305.500000000000	0.000000003540
306.000000000000	0.000000003535
306.500000000000	0.000000003522
307.000000000000	0.000000003523
307.500000000000	0.000000003515
308.000000000000	0.000000003465
308.500000000000	0.000000003398
309.000000000000	0.000000003503
309.500000000000	0.000000003681
310.000000000000	0.000000003521
310.500000000000	0.000000003502
311.000000000000	0.000000003486
311.500000000000	0.000000003436
312.000000000000	0.000000003494
312.500000000000	0.000000003552
313.000000000000	0.000000003616
313.500000000000	0.000000003580
314.000000000000	0.000000003536
314.500000000000	0.000000003495
315.000000000000	0.000000003517
315.500000000000	0.000000003548
316.000000000000	0.000000003557
316.500000000000	0.000000003534
317.000000000000	0.000000003480
317.500000000000	0.000000003386
318.000000000000	0.000000003535
318.500000000000	0.000000003534
319.000000000000	0.000000003514
319.500000000000	0.000000003501
320.000000000000	0.000000003706
320.500000000000	0.000000003572
321.000000000000	0.000000003550
321.500000000000	0.000000003546
322.000000000000	0.000000003518
322.500000000000	0.000000003472
323.000000000000	0.000000003561
323.500000000000	0.000000003516
324.000000000000	0.000000003503
324.500000000000	0.000000003573
325.000000000000	0.000000003519
325.500000000000	0.000000003669
326.000000000000	0.000000003525
326.500000000000	0.000000003861
327.000000000000	0.000000003455
327.500000000000	0.000000003556
328.000000000000	0.000000003509
328.500000000000	0.000000003557
329.000000000000	0.000000003555
329.500000000000	0.000000003499
330.000000000000	0.000000003541
330.500000000000	0.000000003507
331.000000000000	0.000000003534
331.500000000000	0.000000003516
332.000000000000	0.000000003508
332.500000000000	0.000000003530
333.000000000000	0.000000003516
333.500000000000	0.000000003520
334.000000000000	0.000000003529
334.500000000000	0.000000003513
335.000000000000	0.000000003575
335.500000000000	0.000000003505
336.000000000000	0.000000003508
336.500000000000	0.000000003484
337.000000000000	0.000000003511
337.500000000000	0.000000003488
338.000000000000	0.000000003499
338.500000000000	0.000000003512
339.000000000000	0.000000003503
339.500000000000	0.000000003539
340.000000000000	0.000000003542
340.500000000000	0.000000003540
341.000000000000	0.000000003557
341.500000000000	0.000000003554
342.000000000000	0.000000003558
342.500000000000	0.000000003534
343.000000000000	0.000000003675
343.500000000000	0.000000003549
344.000000000000	0.000000003563
344.500000000000	0.000000003534
345.000000000000	0.000000003500
345.500000000000	0.000000003539
346.000000000000	0.000000003506
346.500000000000	0.000000003536
347.000000000000	0.000000003573
347.500000000000	0.000000003489
348.000000000000	0.000000003508
348.500000000000	0.000000003520
349.000000000000	0.000000003512
349.500000000000	0.000000003523
350.000000000000	0.000000003502
350.500000000000	0.000000003519
351.000000000000	0.000000003511
351.500000000000	0.000000003551
352.000000000000	0.000000003515
352.500000000000	0.000000003566
353.000000000000	0.000000003539
353.500000000000	0.000000003500
354.000000000000	0.000000003514
354.500000000000	0.000000003494
355.000000000000	0.000000003495
355.500000000000	0.000000003512
356.000000000000	0.000000003519
356.500000000000	0.000000003516
357.000000000000	0.000000003541
357.500000000000	0.000000008137
358.000000000000	0.000000022186
358.500000000000	0.000000032386
359.000000000000	0.000000034804
359.500000000000	0.000000034152
360.000000000000	0.000000033737
360.500000000000	0.000000031002
361.000000000000	0.000000036741
361.500000000000	0.000000031869
362.000000000000	0.000000031903
362.500000000000	0.000000030632
363.000000000000	0.000000028297
363.500000000000	0.000000029366
364.000000000000	0.000000031920
364.500000000000	0.000000031756
365.000000000000	0.000000031363
365.500000000000	0.000000039888
366.000000000000	0.000000049606
366.500000000000	0.000000057289
367.000000000000	0.000000058650
367.500000000000	0.000000060509
368.000000000000	0.000000059664
368.500000000000	0.000000059017
369.000000000000	0.000000058508
369.500000000000	0.000000058117
370.000000000000	0.000000057736
370.500000000000	0.000000057527
371.000000000000	0.000000057305
371.500000000000	0.000000056969
372.000000000000	0.000000056813
372.500000000000	0.000000056511
373.000000000000	0.000000056408
373.500000000000	0.000000056229
374.000000000000	0.000000056078
374.500000000000	0.000000055898
375.000000000000	0.000000055774
375.500000000000	0.000000055665
376.000000000000	0.000000055536
376.500000000000	0.000000055425
377.000000000000	0.000000055280
377.500000000000	0.000000055219
378.000000000000	0.000000055082
378.500000000000	0.000000055042
379.000000000000	0.000000054934
379.500000000000	0.000000054882
380.000000000000	0.000000054843
380.500000000000	0.000000054698
381.000000000000	0.000000054629
381.500000000000	0.000000054580
382.000000000000	0.000000054537
382.500000000000	0.000000054527
383.000000000000	0.000000054449
383.500000000000	0.000000054403
384.000000000000	0.000000054388
384.500000000000	0.000000054337
385.000000000000	0.000000054252
385.500000000000	0.000000054197
386.000000000000	0.000000054159
386.500000000000	0.000000054153
387.000000000000	0.000000054146
387.500000000000	0.000000054214
388.000000000000	0.000000054169
388.500000000000	0.000000053940
389.000000000000	0.000000053776
389.500000000000	0.000000053848
390.000000000000	0.000000054046
390.500000000000	0.000000053918
391.000000000000	0.000000053892
391.500000000000	0.000000053823
392.000000000000	0.000000053867
392.500000000000	0.000000053818
393.000000000000	0.000000053768
393.500000000000	0.000000053761
394.000000000000	0.000000053696
394.500000000000	0.000000053667
395.000000000000	0.000000053625
395.500000000000	0.000000053583
396.000000000000	0.000000053544
396.500000000000	0.000000053555
397.000000000000	0.000000053519
397.500000000000	0.000000053499
398.000000000000	0.000000053465
398.500000000000	0.000000053414
399.000000000000	0.000000053401
399.500000000000	0.000000053375
400.000000000000	0.000000053337
400.500000000000	0.000000053298
401.000000000000	0.000000053274
401.500000000000	0.000000053259
402.000000000000	0.000000053239
402.500000000000	0.000000053224
403.000000000000	0.000000053174
403.500000000000	0.000000053149
404.000000000000	0.000000053166
404.500000000000	0.000000053127
405.000000000000	0.000000053128
405.500000000000	0.000000053121
406.000000000000	0.000000053064
406.500000000000	0.000000053032
407.000000000000	0.000000053051
407.500000000000	0.000000053004
408.000000000000	0.000000053000
408.500000000000	0.000000052975
409.000000000000	0.000000052981
409.500000000000	0.000000052947
410.000000000000	0.000000052950
410.500000000000	0.000000052908
411.000000000000	0.000000052888
411.500000000000	0.000000052899
412.000000000000	0.000000052872
412.500000000000	0.000000052866
413.000000000000	0.000000052875
413.500000000000	0.000000052854
414.000000000000	0.000000052844
414.500000000000	0.000000052834
415.000000000000	0.000000052799
415.500000000000	0.000000052782
416.000000000000	0.000000052763
416.500000000000	0.000000052747
417.000000000000	0.000000052749
417.500000000000	0.000000052721
418.000000000000	0.000000052718
418.500000000000	0.000000052697
419.000000000000	0.000000052671
419.500000000000	0.000000052643
420.000000000000	0.000000052644
420.500000000000	0.000000052598
421.000000000000	0.000000052603
421.500000000000	0.000000052579
422.000000000000	0.000000052564
422.500000000000	0.000000052587
423.000000000000	0.000000052554
423.500000000000	0.000000052537
424.000000000000	0.000000052571
424.500000000000	0.000000052546
425.000000000000	0.000000052549
425.500000000000	0.000000052542
426.000000000000	0.000000052522
426.500000000000	0.000000052544
427.000000000000	0.000000052525
427.500000000000	0.000000052518
428.000000000000	0.000000052502
428.500000000000	0.000000052497
429.000000000000	0.000000052474
429.500000000000	0.000000052453
430.000000000000	0.000000052429
430.500000000000	0.000000052413
431.000000000000	0.000000052435
431.500000000000	0.000000052416
432.000000000000	0.000000052371
432.500000000000	0.000000052369
433.000000000000	0.000000052350
433.500000000000	0.000000052342
434.000000000000	0.000000052351
434.500000000000	0.000000052317
435.000000000000	0.000000052289
435.500000000000	0.000000052292
436.000000000000	0.000000052327
436.500000000000	0.000000052294
437.000000000000	0.000000052261
437.500000000000	0.000000052288
438.000000000000	0.000000052277
438.500000000000	0.000000052278
439.000000000000	0.000000052256
439.500000000000	0.000000052285
440.000000000000	0.000000052218
440.500000000000	0.000000052262
441.000000000000	0.000000052260
441.500000000000	0.000000052253
442.000000000000	0.000000052241
442.500000000000	0.000000052164
443.000000000000	0.000000052182
443.500000000000	0.000000052124
444.000000000000	0.000000052165
444.500000000000	0.000000052153
445.000000000000	0.000000052205
445.500000000000	0.000000052208
446.000000000000	0.000000052115
446.500000000000	0.000000052174
447.000000000000	0.000000052043
447.500000000000	0.000000052229
448.000000000000	0.000000052217
448.500000000000	0.000000052123
449.000000000000	0.000000052060
449.500000000000	0.000000052075
450.000000000000	0.000000052106
450.500000000000	0.000000052128
451.000000000000	0.000000052146
451.500000000000	0.000000052057
452.000000000000	0.000000052025
452.500000000000	0.000000052053
453.000000000000	0.000000051993
453.500000000000	0.000000051991
454.000000000000	0.000000051996
454.500000000000	0.000000051997
455.000000000000	0.000000051960
455.500000000000	0.000000051958
456.000000000000	0.000000051938
456.500000000000	0.000000051955
457.000000000000	0.000000051973
457.500000000000	0.000000051945
458.000000000000	0.000000051925
458.500000000000	0.000000051961
459.000000000000	0.000000051972
459.500000000000	0.000000051951
460.000000000000	0.000000051948
460.500000000000	0.000000051933
461.000000000000	0.000000051957
461.500000000000	0.000000051907
462.000000000000	0.000000051915
462.500000000000	0.000000051956
463.000000000000	0.000000051947
463.500000000000	0.000000051889
464.000000000000	0.000000051955
464.500000000000	0.000000051871
465.000000000000	0.000000051941
465.500000000000	0.000000051879
466.000000000000	0.000000051908
466.500000000000	0.000000051888
467.000000000000	0.000000051874
467.500000000000	0.000000051867
468.000000000000	0.000000051846
468.500000000000	0.000000051844
469.000000000000	0.000000051823
469.500000000000	0.000000051820
470.000000000000	0.000000051808
470.500000000000	0.000000051793
471.000000000000	0.000000051811
471.500000000000	0.000000051821
472.000000000000	0.000000051825
472.500000000000	0.000000051767
473.000000000000	0.000000051762
473.500000000000	0.000000051749
474.000000000000	0.000000051746
474.500000000000	0.000000051705
475.000000000000	0.000000051703
475.500000000000	0.000000051709
476.000000000000	0.000000051709
476.500000000000	0.000000051703
477.000000000000	0.000000051728
477.500000000000	0.000000051685
478.000000000000	0.000000051657
478.500000000000	0.000000051649
479.000000000000	0.000000051678
479.500000000000	0.000000051685
