Voltage   	Current	
19.985400	6.167837E-9
18.999080	-3.096538E-10
17.998700	-3.513080E-10
16.999230	-3.991372E-10
15.998750	-3.648215E-10
14.998890	-2.546375E-10
13.998930	-3.922895E-11
12.999280	-3.859784E-10
11.998880	-4.360342E-10
10.999860	-2.794882E-10
9.998834	-2.341897E-10
8.999907	-2.492218E-10
7.999487	-2.204232E-10
6.998972	-2.393014E-10
5.999891	-2.742749E-10
4.999003	1.039043E-10
3.999960	6.741249E-11
2.999279	-1.736564E-10
1.999949	-2.932546E-10
0.999305	-3.246348E-10
-0.000102	-3.028713E-10
0.997589	-4.413984E-10
1.998065	-2.922927E-10
2.997137	-1.463762E-10
3.997823	-3.420454E-10
4.996750	-3.325301E-10
5.997402	-3.728178E-10
6.996603	-3.717040E-10
7.997165	-4.358306E-10
8.997620	-3.988325E-10
9.996825	-3.805612E-10
10.997530	-2.974041E-10
11.996950	-3.634033E-10
12.997220	-4.030835E-10
13.996440	-3.760061E-10
14.997210	-4.099169E-10
15.996640	-3.822821E-10
16.997140	-3.353130E-10
17.996590	-6.777597E-10
18.996990	-4.760677E-10
