Voltage   	Current	
19.987470	-1.075978E-9
19.000280	-4.315769E-10
17.999730	-3.561644E-10
17.000920	-3.422962E-10
16.000400	-3.098025E-10
15.001070	-5.266537E-12
14.000750	-1.653545E-10
13.001230	-1.479944E-10
12.000810	-1.139825E-10
11.001320	-9.616691E-11
10.000640	2.312706E-11
9.001405	3.993053E-11
8.000993	1.489500E-10
7.000380	2.185932E-10
6.001058	3.201661E-10
5.000166	5.658699E-10
4.000917	3.563006E-10
3.000081	4.703718E-10
2.000781	6.178950E-10
0.999859	7.697200E-10
0.000370	7.452260E-10
0.998486	8.895104E-10
1.999142	9.245817E-10
2.998472	6.985143E-10
3.999368	9.031239E-10
4.998458	1.022408E-9
5.999208	1.092551E-9
6.997955	1.196855E-9
7.998779	1.230763E-9
8.999151	1.286685E-9
9.998422	1.389724E-9
10.998810	1.671359E-9
11.997940	1.486589E-9
12.998590	1.470849E-9
13.997860	1.600406E-9
14.998560	1.756178E-9
15.998080	1.904057E-9
16.998570	1.963571E-9
17.998120	1.836241E-9
18.998590	1.912609E-9
