Voltage   	Current	
19.985150	6.004409E-10
19.000250	2.714813E-10
17.999710	2.634851E-10
17.000380	2.183397E-10
15.999960	1.832646E-10
15.000730	1.789118E-10
14.000170	1.555790E-10
13.000710	1.017263E-10
12.000400	1.144808E-10
11.000970	9.975236E-11
10.000590	8.512516E-11
9.001288	6.179221E-11
8.000787	3.926930E-11
7.000152	2.302228E-11
6.001135	6.117412E-12
5.000333	-1.756972E-11
4.001119	-4.145922E-11
3.000545	-6.789125E-12
2.001197	-4.717846E-11
0.999880	-1.570096E-10
0.000962	-7.835632E-11
0.998799	-1.161141E-10
1.999588	-1.294254E-10
2.998879	-8.301282E-11
3.999441	-1.427368E-10
4.998557	-1.477980E-10
5.999153	-1.843408E-10
6.998170	-2.123808E-10
7.998981	-2.422428E-10
8.999293	-1.839360E-10
9.998482	-2.586923E-10
10.999180	-2.682580E-10
11.998360	-2.958930E-10
12.999070	-2.987777E-10
13.998370	-3.043455E-10
14.998860	-3.653853E-10
15.997900	-3.795567E-10
16.998480	-3.673079E-10
17.998220	-3.641705E-10
18.998350	-4.280447E-10
