Voltage   	Current	
29.975320	9.025098E-8
29.000910	7.788672E-8
28.001110	7.431351E-8
27.000620	7.149193E-8
26.001200	6.887699E-8
25.000880	6.626555E-8
24.001350	6.350102E-8
23.001290	6.058022E-8
22.000880	5.757544E-8
21.001020	5.430867E-8
20.000940	5.095150E-8
19.001600	4.748493E-8
18.001190	4.448921E-8
17.001820	4.052896E-8
16.001270	3.711354E-8
15.001760	3.380187E-8
14.001130	3.068986E-8
13.001660	2.777868E-8
12.001190	2.505315E-8
11.001670	2.253308E-8
10.001290	2.018599E-8
9.001735	1.810584E-8
8.001516	1.616455E-8
7.000783	1.443837E-8
6.001526	1.288291E-8
5.000612	1.146748E-8
4.001132	1.016579E-8
3.000519	9.026762E-9
2.001189	8.008703E-9
1.000451	7.092469E-9
0.000979	6.160800E-9
0.998657	5.626692E-9
1.999421	4.945606E-9
2.998781	4.299491E-9
3.999407	3.801317E-9
4.998754	3.332093E-9
5.999513	2.936306E-9
6.998818	2.571445E-9
7.999354	2.268177E-9
8.999864	1.975690E-9
9.999181	1.695956E-9
10.999770	1.501253E-9
11.998990	1.279319E-9
12.999550	1.125054E-9
13.998670	9.647150E-10
14.999200	8.319088E-10
15.998860	7.190948E-10
16.999170	6.088621E-10
17.998790	5.367399E-10
18.998950	4.179032E-10
19.998190	3.626856E-10
20.998690	3.089863E-10
21.997980	2.307900E-10
22.998680	2.120620E-10
23.999080	1.347205E-10
24.998430	6.917250E-11
25.999050	4.335837E-11
26.998500	-3.765238E-12
27.998770	-3.793113E-11
28.998620	-6.420092E-11
