Voltage   	Current	
19.985780	1.576219E-8
19.000170	6.706592E-9
17.999530	6.481130E-9
17.000140	8.251985E-9
15.999740	6.104147E-9
15.000440	5.737129E-9
14.000280	5.242832E-9
13.001060	4.624749E-9
12.000640	4.373680E-9
11.001140	3.945883E-9
10.000500	3.427599E-9
9.001044	3.176580E-9
8.000525	2.817559E-9
6.999620	2.225133E-9
6.000492	1.661249E-9
5.000157	1.253242E-9
4.001076	8.395141E-10
3.000347	6.584363E-10
2.000996	4.504339E-10
1.000043	2.413182E-10
0.000224	1.071935E-10
0.998211	-5.249096E-11
1.998811	-1.460744E-10
2.998463	-2.065570E-10
3.999025	-2.384941E-10
4.998411	-2.670906E-10
5.999217	-3.840575E-10
6.997904	-3.253458E-10
7.998508	-4.143240E-10
8.998842	-4.212583E-10
9.998314	-3.082897E-10
10.998880	-7.040332E-10
11.998610	-5.142348E-10
12.998480	-6.985673E-10
13.998030	-4.883207E-10
14.998790	-5.098306E-10
15.997930	-1.345607E-9
16.998400	-7.938208E-10
17.997560	-5.049721E-10
18.998070	-1.467326E-10
