Voltage   	Current	
19.986700	1.458372E-8
19.001200	1.345316E-8
18.000740	1.293837E-8
17.001450	1.257120E-8
16.000460	1.207357E-8
15.001070	1.162081E-8
14.000430	1.121331E-8
13.001150	1.083349E-8
12.000710	1.005714E-8
11.001640	9.411727E-9
10.001120	9.099872E-9
9.001722	8.667675E-9
8.001255	7.892541E-9
7.000731	7.562518E-9
6.001595	6.559549E-9
5.000900	5.948499E-9
4.001493	5.422214E-9
3.000888	5.186171E-9
2.001485	4.429823E-9
1.000734	4.010275E-9
0.000928	3.196782E-9
0.999022	3.155690E-9
1.999652	2.816406E-9
2.998515	2.404651E-9
3.999209	2.127263E-9
4.998638	1.796685E-9
5.999144	1.488223E-9
6.998453	1.197424E-9
7.999011	9.521212E-10
8.999495	7.725103E-10
9.998799	6.263517E-10
10.999140	5.695177E-10
11.998530	3.588324E-10
12.999190	1.961205E-10
13.998360	1.062818E-10
14.998780	3.203218E-11
15.998300	-3.260106E-11
16.998870	-1.139872E-10
17.998570	-1.587294E-10
18.998930	-2.095958E-10
