Voltage   	Current	
19.987750	3.720286E-9
19.000770	2.479472E-9
18.000520	2.253607E-9
17.000700	2.234831E-9
16.000130	2.009876E-9
15.000660	1.770144E-9
14.000330	1.455412E-9
13.000950	1.133999E-9
12.000350	8.033238E-10
11.001530	6.108604E-10
10.001090	4.669808E-10
9.001413	3.849954E-10
8.000920	3.144980E-10
7.000388	2.192005E-10
6.001170	1.582629E-10
5.000084	9.378230E-11
4.001141	1.099785E-10
3.000609	5.415267E-11
2.001197	-2.880135E-11
1.000262	-9.505319E-11
0.000602	-1.362520E-10
0.998340	-2.363876E-11
1.999395	-1.994669E-10
2.998528	-2.226479E-10
3.999042	-2.443608E-10
4.998582	-2.686041E-10
5.999410	-2.855595E-10
6.998196	-3.016034E-10
7.998487	-3.435108E-10
8.998950	-3.687667E-10
9.998614	-3.767124E-10
10.999420	-4.052075E-10
11.998640	-4.843153E-10
12.998940	-4.540994E-10
13.998080	-4.805192E-10
14.998790	-5.055723E-10
15.997900	-5.007644E-10
16.998570	-5.481379E-10
17.998200	-5.719258E-10
18.998530	-5.832627E-10
