Voltage   	Current	
19.986220	8.403412E-9
19.000190	1.395807E-9
17.999720	1.669906E-9
17.000640	1.946735E-9
16.000100	1.557149E-9
15.000510	1.529263E-9
13.999980	1.538676E-9
13.000640	1.471519E-9
12.000030	1.447378E-9
11.000760	1.442671E-9
10.000140	1.387608E-9
9.000855	1.309772E-9
8.000358	1.280419E-9
6.999779	1.145394E-9
6.000728	9.586483E-10
4.999986	9.521195E-10
4.000724	8.381991E-10
3.000017	8.421466E-10
2.000751	7.118792E-10
1.000073	5.849017E-10
0.000649	4.171335E-10
0.998438	1.435336E-10
1.998970	2.603472E-10
2.998394	1.755717E-10
3.998840	1.032790E-9
4.998106	-1.153021E-10
5.998741	-8.493425E-11
6.998161	-3.467540E-11
7.998663	-1.251717E-10
8.999040	-2.074181E-10
9.998365	-2.409240E-10
10.999050	-2.729116E-10
11.998420	-4.429717E-10
12.999030	-4.589152E-10
13.998020	-3.854246E-10
14.998650	-3.411884E-10
15.997930	-3.522728E-10
16.998370	-3.750995E-10
17.997820	-5.249149E-10
18.998180	-6.624808E-10
