Voltage   	Current	
29.977280	1.881119E-8
28.999520	7.878457E-9
27.999980	7.309160E-9
26.999790	6.838696E-9
26.000300	6.327749E-9
24.999870	5.723073E-9
24.000350	5.443764E-9
23.000110	4.545658E-9
21.999970	3.654836E-9
21.000230	3.184125E-9
19.999970	2.635778E-9
19.000820	2.022701E-9
18.000170	1.602445E-9
17.000480	1.226167E-9
16.000030	1.052225E-9
15.000610	6.874361E-10
14.000070	5.323700E-10
13.000840	3.636907E-10
12.000660	5.536525E-11
11.001150	1.055736E-10
10.000790	6.321033E-11
9.001203	3.385467E-11
8.000615	-2.754427E-10
7.000414	-1.239067E-10
6.001389	-1.813022E-10
5.000020	-4.131102E-10
4.001081	-2.688123E-10
3.000390	-3.021664E-10
2.000850	-2.729121E-10
1.000035	-2.831359E-10
0.000396	-2.774674E-10
0.998322	1.124570E-10
1.998734	-2.941190E-10
2.998021	-3.010027E-10
3.998536	-3.295483E-10
4.997707	-3.312187E-10
5.998642	-3.534375E-10
6.997633	-3.122387E-10
7.998187	-8.002011E-10
8.998693	-3.662427E-10
9.997962	-3.391650E-10
10.998540	-3.667492E-10
11.997930	-3.362295E-10
12.998410	-3.664963E-10
13.997590	-3.546524E-10
14.998160	-3.411897E-10
15.997630	-4.056708E-10
16.998340	-3.685711E-10
17.997640	-3.711519E-10
18.998120	-2.438095E-10
19.997500	-3.759607E-10
20.997890	-3.766690E-10
21.997440	-3.690263E-10
22.998100	-3.651291E-10
23.998240	-3.342048E-10
24.997690	-3.633580E-10
25.998360	-3.613840E-10
26.997570	-4.221198E-10
27.997980	-4.203487E-10
28.997360	-4.330021E-10
