Voltage   	Current	
-0.001495	-7.197259E-11
0.098604	-5.977496E-11
0.197803	6.426026E-12
0.297509	7.033346E-12
0.398340	2.368479E-11
0.498127	1.776317E-11
0.598194	-4.999509E-10
0.697917	-7.688192E-11
0.798498	8.588685E-13
0.897938	5.035766E-11
0.998250	4.350909E-12
1.097458	3.552823E-11
1.198280	-7.795958E-12
1.298835	-3.497497E-11
1.398425	-4.708733E-12
1.498852	1.372591E-10
1.599039	-3.264689E-11
1.698320	1.007018E-11
1.798292	-2.178008E-12
1.899277	-2.141082E-11
1.998820	-1.351524E-11
2.098577	1.214528E-11
2.198348	3.676867E-10
2.299333	1.520438E-9
2.399034	-7.951221E-10
2.498547	-1.172033E-9
2.597751	8.529167E-10
2.699157	1.379678E-10
2.798970	-3.898631E-12
2.898242	6.999537E-11
2.998279	-2.228578E-12
3.099246	3.330135E-11
3.198716	2.498204E-10
3.298624	-1.958853E-11
3.398484	9.766660E-12
3.499242	2.019276E-11
3.598596	5.431447E-10
3.698620	4.896520E-10
3.798261	1.774454E-10
3.899177	2.518954E-10
3.998802	2.007777E-10
4.098680	9.331809E-10
4.198248	-5.552339E-11
4.298954	-1.903172E-11
4.398579	-4.615991E-11
4.498370	-2.611741E-11
4.597785	1.093083E-11
4.698770	2.322965E-11
4.798368	-1.376804E-11
4.897967	-1.634920E-11
4.997728	-1.533690E-11
5.098598	1.589087E-11
5.198720	-3.153283E-11
5.298044	-3.674597E-11
5.397638	-4.044062E-11
5.498893	1.199375E-11
5.598089	-2.900241E-11
5.697864	-3.866926E-11
5.797745	-1.412220E-11
5.898696	-1.933523E-11
5.998899	3.107467E-11
6.098031	4.907991E-12
6.197793	1.508119E-11
6.298623	-1.504216E-10
6.398831	5.658315E-11
6.498069	2.043713E-10
6.597818	2.024361E-11
6.698327	-1.236473E-10
6.798243	-3.510485E-10
6.898168	-7.409792E-11
6.997458	-3.994339E-10
7.098429	-1.105893E-10
7.198092	1.770406E-10
7.297893	-7.146586E-11
7.397577	-5.913051E-10
7.498592	8.602757E-12
7.598109	3.466336E-10
7.697807	-3.451265E-10
7.797449	-1.494598E-10
7.898438	2.975876E-11
7.998054	1.427140E-11
8.097858	2.125587E-11
8.197559	2.428113E-12
8.298549	2.753175E-11
8.398122	1.128531E-11
8.498004	4.261437E-11
8.598808	-3.219067E-11
8.698540	1.376529E-11
8.797924	5.161094E-12
8.897802	-2.329498E-12
8.998624	-5.081610E-11
9.098252	2.732946E-11
9.197997	1.255047E-11
9.297493	-3.441775E-11
9.398542	-8.048867E-12
9.498158	-1.083239E-11
9.598125	-3.532868E-11
9.697819	-1.722095E-12
9.798628	2.940440E-11
9.898282	-2.657286E-11
9.998125	6.842645E-11
10.097810	-1.265457E-11
10.198620	-1.083245E-11
10.298160	-2.363729E-11
10.398170	-4.955081E-11
10.497840	-8.617551E-13
10.598580	3.289666E-11
10.698530	-1.852549E-11
10.797910	2.363457E-11
10.897560	3.831223E-11
10.998830	1.634647E-11
11.098610	-7.591971E-11
11.198060	-5.214246E-12
11.298060	-1.710826E-11
11.399070	-1.675390E-11
11.498620	8.340784E-11
11.598200	-3.173523E-11
11.697420	4.914337E-11
11.798390	8.254732E-11
11.898040	5.794994E-11
11.997940	2.626660E-11
12.097650	2.900538E-10
12.198850	1.786490E-11
12.298200	-1.228373E-10
12.397600	1.041083E-10
12.497590	1.974880E-10
12.598350	-5.648459E-11
12.698430	6.609845E-11
12.798300	1.401838E-11
12.897260	4.554983E-11
12.998300	-2.631961E-11
13.097970	2.631707E-11
13.197760	2.591233E-11
13.297660	3.775542E-11
13.398660	-6.327633E-12
13.498180	4.767556E-11
13.597580	6.685777E-11
13.697140	7.784057E-11
13.798240	4.975051E-11
13.897700	4.575233E-11
13.997550	5.729185E-11
14.097620	-1.300854E-11
14.198450	2.984973E-12
14.297700	4.858663E-11
14.397490	6.194827E-11
14.497060	3.476941E-11
14.598090	5.359711E-11
14.697720	3.406084E-11
14.797570	5.471054E-11
14.897280	7.475309E-11
14.998150	3.072037E-11
15.097930	4.256366E-11
15.198070	-4.286979E-11
15.297170	7.578105E-13
15.398190	5.369837E-11
15.497900	5.395140E-11
15.597570	1.239876E-11
15.698330	9.601024E-11
15.797840	6.311222E-11
15.897910	7.060282E-11
15.997520	4.529675E-11
16.098180	3.552859E-11
16.197840	2.955620E-11
16.298120	9.353029E-11
16.397440	3.184450E-10
16.498290	7.412237E-10
16.598490	4.474952E-10
16.697960	-1.301547E-9
16.797380	3.836280E-10
16.898430	8.349627E-12
16.997890	1.215694E-10
17.097720	-1.743607E-10
17.197900	-3.129879E-10
17.298290	9.185041E-10
17.398300	-1.993126E-10
17.497600	9.924943E-11
17.597290	3.164712E-10
17.698200	-1.967316E-10
17.797950	3.197607E-10
17.897480	2.233509E-10
17.997280	-2.310467E-10
18.098100	-6.498757E-11
18.197820	4.134902E-11
18.297470	4.028608E-11
18.397400	1.233915E-10
18.497930	1.690316E-11
18.597740	6.771791E-11
18.697440	7.085607E-11
18.797450	6.554163E-11
18.898000	6.797110E-11
18.997730	9.444136E-11
19.097520	5.617835E-11
19.197250	1.112249E-12
19.298360	8.998738E-11
19.397740	5.319228E-11
19.497360	1.336659E-10
19.597150	2.132790E-10
19.697920	1.113964E-10
19.797840	3.816042E-11
19.897460	5.076288E-11
19.997370	4.818169E-11
19.897480	2.009184E-11
19.798150	-4.504608E-11
19.698600	-3.608777E-11
19.597620	-9.588008E-10
19.497850	4.671394E-11
19.397800	-8.573836E-11
19.298550	-5.734502E-11
19.197750	-2.966011E-11
19.097930	-5.759823E-11
18.997850	-1.431838E-10
18.898320	-9.510182E-11
18.797240	-5.167652E-11
18.697470	-2.869854E-11
18.597780	-7.789369E-11
18.498000	-5.314432E-11
18.397680	-8.067735E-11
18.297790	-1.017442E-11
18.198240	-6.326681E-11
18.098430	-1.975142E-12
17.997700	-2.196693E-11
17.897650	-7.591963E-11
17.798360	-6.149528E-11
17.698530	-1.731082E-11
17.597680	-3.618922E-11
17.497890	-3.544137E-12
17.398170	-9.494994E-11
17.298450	-4.919642E-11
17.197940	-7.182022E-11
17.097840	-3.315240E-11
16.998050	-1.574185E-11
16.898440	-9.272305E-11
16.797520	-5.669881E-12
16.697980	-1.680461E-11
16.598560	-3.790976E-11
16.498530	1.457502E-11
16.398020	-8.270187E-11
16.297980	-1.098413E-11
16.198060	5.262429E-12
16.098540	-4.874090E-11
15.997610	-4.459072E-11
15.898430	-7.602105E-11
15.798170	1.265187E-11
15.698670	-1.346420E-11
15.598080	-7.581855E-11
15.498120	9.868217E-12
15.398530	-3.847811E-12
15.297740	-8.214496E-11
15.197960	1.725757E-11
15.098200	-1.194581E-11
14.998410	2.201515E-11
14.897850	-4.600784E-11
14.798000	-2.809103E-11
14.698100	-4.874101E-11
14.598640	-2.247322E-11
14.497870	5.211775E-12
14.398010	-6.782172E-11
14.298280	1.170144E-10
14.198740	-1.609604E-11
14.097870	-4.150344E-11
13.998120	-3.122924E-11
13.898390	-2.925515E-11
13.798760	5.717787E-12
13.697900	-3.224127E-11
13.597740	-7.050438E-11
13.498410	-2.383996E-11
13.398590	-3.821365E-11
13.297740	-1.741207E-11
13.198220	-1.219902E-11
13.098500	-2.287809E-11
12.998480	-6.316556E-11
12.898000	-6.746770E-11
12.797830	-4.752659E-11
12.698150	-5.527001E-11
12.598890	-6.296316E-11
12.497840	-3.456965E-11
12.398010	-8.659906E-11
12.298360	-1.457789E-11
12.198600	1.618206E-12
12.098050	-6.827752E-11
11.998250	-7.546466E-11
11.898320	-4.772888E-11
11.798530	-5.952136E-11
11.697760	-7.040329E-11
11.597870	-1.018841E-10
11.498250	-5.861056E-11
11.398610	-5.162615E-11
11.297830	-1.953654E-10
11.198070	-8.533391E-11
11.098280	-1.049718E-10
10.998620	-6.291281E-11
10.898180	-6.053391E-11
10.798110	-3.493733E-12
10.698240	-8.644743E-11
10.598840	-6.691103E-11
10.497800	-9.408996E-11
10.397990	-1.652509E-10
10.298470	-7.075779E-11
10.198720	-8.862380E-11
10.098180	-6.756912E-11
9.998405	-9.378620E-11
9.898685	-1.036556E-10
9.799151	-2.914278E-10
9.698016	-8.644754E-11
9.598465	-6.184994E-11
9.498463	-1.398434E-10
9.398903	-9.262216E-11
9.298269	5.171322E-10
9.198689	3.559456E-10
9.098935	-1.437581E-11
8.999079	-5.044042E-10
8.898154	-1.245081E-10
8.798611	-4.089640E-11
8.698943	-2.424483E-11
8.599268	-9.176188E-11
8.498416	-1.089702E-10
8.398727	-1.063890E-10
8.298935	-9.743065E-11
8.198040	-7.632522E-11
8.098391	-1.742097E-10
7.998448	-8.918072E-11
7.898639	-5.238551E-11
7.797728	-1.842457E-11
7.698189	-1.023400E-10
7.598461	-7.667955E-11
7.498798	-7.961495E-11
7.398019	-1.123105E-10
7.298107	-5.557407E-11
7.198277	-7.642614E-11
7.098567	-3.958051E-11
6.997633	-9.682330E-11
6.898013	-6.842954E-11
6.798775	-9.282472E-11
6.698919	-6.336828E-11
6.597921	-1.047185E-10
6.498305	-9.874646E-11
6.398591	-7.662870E-11
6.298854	-9.702530E-11
6.198445	-1.116525E-10
6.098649	-7.364245E-11
5.998796	-6.827777E-11
5.898966	-7.263040E-11
5.797964	-1.588743E-10
5.698241	-6.625334E-11
5.598569	-5.020917E-11
5.498799	-7.789419E-11
5.398140	-8.310691E-11
5.298494	-1.205601E-10
5.198711	-9.034481E-11
5.098735	-7.096024E-11
4.998329	-1.272411E-10
4.898555	-9.920201E-11
4.798930	-7.667939E-11
4.699009	-7.359199E-11
4.597888	-1.230405E-10
4.498799	-1.191938E-10
4.399051	-1.340232E-10
4.299250	-1.374144E-10
4.198505	-7.268103E-11
4.098761	-1.088689E-10
3.999085	-1.340232E-10
3.899362	-1.295188E-10
3.798459	-1.438928E-10
3.698890	-1.266337E-10
3.599180	-1.212689E-10
3.499238	-6.949244E-11
3.398532	-1.233440E-10
3.298864	-2.462306E-10
3.198858	-8.047529E-11
3.099126	1.144330E-10
2.997995	-1.428804E-10
2.898418	-1.101345E-10
2.798609	-1.368575E-10
2.698839	-1.642897E-10
2.597948	-1.041113E-10
2.498315	-1.316445E-10
2.398717	-1.611512E-10
2.298942	-1.408560E-10
2.198099	-1.417163E-10
2.098397	-3.279846E-11
1.998811	-1.347318E-10
1.898951	-1.382240E-10
1.798228	-1.720838E-10
1.698414	-1.947581E-10
1.598923	-1.690469E-10
1.499045	-1.302779E-10
1.398511	-1.549262E-10
1.298676	-1.438422E-10
1.198790	-9.986012E-11
1.097883	-2.198620E-10
0.998511	-9.788620E-11
0.898389	-2.037672E-10
0.798837	-1.083629E-10
0.697878	-4.482246E-10
0.598160	1.223792E-10
0.498389	1.958683E-10
0.399018	-9.576037E-11
0.298119	-1.064395E-10
0.198349	-1.661114E-10
0.098827	-1.737034E-10
