Voltage   	Current	
19.988040	1.041459E-10
19.000970	1.567828E-9
18.000700	2.592786E-9
17.001340	3.825358E-9
16.000990	5.240133E-9
15.001780	6.877808E-9
14.001170	8.804278E-9
13.001790	1.097693E-8
12.000860	1.337050E-8
11.001530	1.590659E-8
10.001130	1.857475E-8
9.001572	2.139143E-8
8.001186	2.423162E-8
7.000182	2.702381E-8
6.001110	2.987622E-8
5.000316	3.271848E-8
4.000990	3.537385E-8
3.000373	3.810363E-8
2.001120	4.067227E-8
1.000563	4.323802E-8
0.001035	4.559185E-8
0.998897	4.542932E-8
1.999863	4.857699E-8
2.999030	5.141354E-8
3.999746	5.364736E-8
4.998827	5.596359E-8
5.999599	5.789895E-8
6.998655	5.982783E-8
7.999388	6.169572E-8
8.999594	6.335900E-8
9.998894	6.492742E-8
10.999170	6.648145E-8
11.998820	6.782781E-8
12.999150	6.913329E-8
13.998480	7.044085E-8
14.999190	7.158501E-8
15.998520	7.269585E-8
16.999030	7.380493E-8
17.998530	7.479068E-8
18.998900	7.572142E-8
