Voltage   	Current	
19.984810	-1.890235E-9
19.000070	-5.028909E-10
17.999720	-4.174061E-10
17.000250	-4.224673E-10
15.999790	-3.606688E-10
15.000540	-3.483195E-10
14.000260	-3.318198E-10
13.000830	-2.624300E-10
12.000750	-2.234581E-10
11.001420	-1.599900E-10
10.000760	-1.030505E-10
9.001388	1.755951E-11
8.001010	1.879724E-10
7.000354	3.678391E-10
6.001161	5.604041E-10
5.000110	7.153669E-10
4.000935	8.827288E-10
3.000394	9.786825E-10
2.000991	1.140578E-9
1.000258	1.212999E-9
0.000692	1.284408E-9
0.998490	1.521458E-9
1.999361	1.692209E-9
2.998274	1.775562E-9
3.998579	1.906993E-9
4.997909	1.950211E-9
5.998672	2.072886E-9
6.997672	2.222131E-9
7.998594	2.291210E-9
8.998885	2.432105E-9
9.998177	2.469910E-9
10.998980	2.607514E-9
11.998420	2.704580E-9
12.998520	2.798559E-9
13.998280	2.794612E-9
14.998870	2.625023E-9
15.998330	3.025133E-9
16.998560	3.150794E-9
17.998070	3.171189E-9
18.998350	3.332377E-9
