Voltage   	Current	
19.985900	-7.202717E-9
19.000350	2.879366E-11
17.999910	1.316901E-10
17.000770	2.496688E-10
16.000270	3.550869E-10
15.000870	4.444622E-10
14.000380	6.113199E-10
13.001040	7.302503E-10
12.000680	9.076345E-10
11.001300	1.048023E-9
10.000700	1.221915E-9
9.001285	1.308204E-9
8.000667	1.311443E-9
7.000135	1.500922E-9
6.000895	1.507400E-9
5.000179	1.636908E-9
4.000840	1.603759E-9
3.000171	1.743793E-9
2.000880	2.000735E-9
0.999957	1.849718E-9
0.000391	1.952049E-9
0.998288	2.019917E-9
1.998893	2.261322E-9
2.998150	1.711201E-9
3.998746	-9.100795E-11
4.997883	2.005342E-9
5.998711	1.875073E-9
6.997869	2.077712E-9
7.998414	1.589791E-9
8.998847	2.050889E-9
9.998365	2.104735E-9
10.998850	2.210661E-9
11.998310	2.417803E-9
12.998730	2.408186E-9
13.998190	2.421446E-9
14.998810	2.251604E-9
15.997990	2.205499E-9
16.998480	2.206966E-9
17.997900	2.315776E-9
18.998480	2.221290E-9
