Voltage   	Current	
29.979140	1.971494E-8
29.000020	1.517101E-8
28.000530	1.397067E-8
27.000150	1.289244E-8
26.000540	1.169782E-8
25.000270	1.034402E-8
24.000660	9.005221E-9
23.000360	7.812061E-9
21.999840	6.428823E-9
21.000360	5.427322E-9
19.999820	4.519902E-9
19.000610	3.732376E-9
17.999950	3.185952E-9
17.000580	2.601265E-9
16.000610	2.021843E-9
15.001000	1.667023E-9
14.000490	1.373036E-9
13.001260	1.119030E-9
12.000880	9.757055E-10
11.001670	6.844504E-10
10.000950	5.193638E-10
9.001568	4.130851E-10
8.000830	3.224444E-10
7.000109	2.171757E-10
6.000989	1.654995E-10
5.000179	9.327447E-11
4.000810	4.190190E-11
3.000583	1.345744E-11
2.001305	-7.952250E-12
1.000739	-2.437595E-10
0.001001	-9.733533E-11
0.998915	-1.578460E-13
1.999640	-9.515891E-11
2.998905	-1.130254E-10
3.999248	-1.348396E-10
4.997986	-1.471893E-10
5.998693	-1.625758E-10
6.997878	-1.835298E-10
7.998551	-1.815056E-10
8.998924	-2.143536E-10
9.998262	-2.348017E-10
10.999280	-2.253365E-10
11.998640	-2.284241E-10
12.999100	-2.390526E-10
13.998430	-2.582859E-10
14.998990	-2.767093E-10
15.998080	-2.886034E-10
16.998780	-2.770129E-10
17.997980	-3.046988E-10
18.998430	-3.182628E-10
19.997480	-3.213499E-10
20.997790	-3.399758E-10
21.997560	-3.530846E-10
22.997700	-3.021679E-10
23.997920	-3.768225E-10
24.997460	-3.878055E-10
25.998160	-3.992946E-10
26.997720	-4.093669E-10
27.998140	-4.415573E-10
28.997260	-4.390264E-10
