Voltage   	Current	
19.987410	2.446220E-9
19.000250	1.632643E-9
17.999900	1.671964E-9
17.000500	1.561386E-9
16.000270	1.366139E-9
15.000800	1.308496E-9
14.000480	1.213960E-9
13.001300	1.194273E-9
12.000930	1.052873E-9
11.001430	9.690155E-10
10.000860	7.964917E-10
9.001370	6.904669E-10
8.000955	7.372797E-10
7.000289	5.172349E-10
6.000934	4.154109E-10
5.000072	3.565534E-10
4.000664	2.869164E-10
3.000103	4.993194E-10
2.000777	1.013743E-10
1.000069	1.280978E-10
0.000748	5.820174E-11
0.998765	3.809973E-10
1.999438	-1.133990E-11
2.998665	-3.300216E-11
3.999197	-7.496001E-11
4.998140	-8.153980E-11
5.998930	-1.565980E-10
6.998007	-1.545737E-10
7.998474	-2.282654E-10
8.999083	-2.244697E-10
9.998653	-3.305535E-10
10.999020	-3.163320E-10
11.997910	-3.307566E-10
12.998540	-3.333883E-10
13.998210	-3.954902E-10
14.998310	-4.034361E-10
15.998410	-4.446347E-10
16.998310	-4.375491E-10
17.998010	-4.533407E-10
18.998280	-5.682311E-10
