Voltage   	Current	
29.982440	-1.185725E-9
28.999980	-3.977262E-10
28.000840	-3.512631E-10
27.000090	-2.308033E-10
26.001130	-7.607825E-11
25.000460	1.472280E-10
24.000830	4.435519E-10
23.000360	8.151741E-10
22.000100	1.224905E-9
21.000540	1.699567E-9
20.000020	2.227369E-9
19.001000	2.770050E-9
18.000280	3.411417E-9
17.000710	3.939318E-9
16.000330	4.587014E-9
15.000900	5.186227E-9
14.000910	5.755474E-9
13.001270	6.366529E-9
12.001180	6.868822E-9
11.001630	7.507509E-9
10.001010	8.016126E-9
9.001396	8.606125E-9
8.000864	9.116878E-9
7.000144	9.664768E-9
6.001041	1.006002E-8
5.000106	1.058732E-8
4.000797	1.104452E-8
3.000442	1.150465E-8
2.000725	1.173063E-8
1.000704	1.221855E-8
0.000945	1.267965E-8
0.998618	1.279777E-8
1.999064	1.322385E-8
2.998167	1.363520E-8
3.998896	1.395520E-8
4.998222	1.423871E-8
5.999058	1.456180E-8
6.998419	1.483169E-8
7.998925	1.524122E-8
8.999349	1.538749E-8
9.998662	1.565502E-8
10.999000	1.588331E-8
11.998280	1.610610E-8
12.998750	1.632103E-8
13.997970	1.653394E-8
14.998230	1.678966E-8
15.997540	1.693709E-8
16.998540	1.715592E-8
17.998010	1.733795E-8
18.998490	1.751656E-8
19.997540	1.770760E-8
20.997670	1.781763E-8
21.997390	1.798468E-8
22.997910	1.812133E-8
23.998350	1.824896E-8
24.997900	1.839204E-8
25.998540	1.849179E-8
26.997900	1.861866E-8
27.998310	1.877344E-8
28.997840	1.885805E-8
