t (s)	Ids (Amps)
0.000000000000	0.000000000055
0.500000000000	0.000000000062
1.000000000000	0.000000000083
1.500000000000	0.000000000067
2.000000000000	0.000000000078
2.500000000000	0.000000000077
3.000000000000	0.000000000080
3.500000000000	0.000000000090
4.000000000000	0.000000000075
4.500000000000	0.000000000076
5.000000000000	0.000000000071
5.500000000000	0.000000000075
6.000000000000	0.000000000085
6.500000000000	0.000000000086
7.000000000000	0.000000000089
7.500000000000	0.000000000084
8.000000000000	0.000000000083
8.500000000000	0.000000000075
9.000000000000	0.000000000078
9.500000000000	0.000000000084
10.000000000000	0.000000000077
10.500000000000	0.000000000081
11.000000000000	0.000000000079
11.500000000000	0.000000000077
12.000000000000	0.000000000077
12.500000000000	0.000000000074
13.000000000000	0.000000000078
13.500000000000	0.000000000087
14.000000000000	0.000000000080
14.500000000000	0.000000000084
15.000000000000	0.000000000077
15.500000000000	0.000000000061
16.000000000000	0.000000000072
16.500000000000	0.000000000088
17.000000000000	0.000000000073
17.500000000000	0.000000000086
18.000000000000	0.000000000067
18.500000000000	0.000000000079
19.000000000000	0.000000000074
19.500000000000	0.000000000077
20.000000000000	0.000000000068
20.500000000000	0.000000000067
21.000000000000	0.000000000066
21.500000000000	0.000000000071
22.000000000000	0.000000000072
22.500000000000	0.000000000065
23.000000000000	0.000000000068
23.500000000000	0.000000000079
24.000000000000	0.000000000078
24.500000000000	0.000000000072
25.000000000000	0.000000000060
25.500000000000	0.000000000057
26.000000000000	0.000000000074
26.500000000000	0.000000000079
27.000000000000	0.000000000069
27.500000000000	0.000000000069
28.000000000000	0.000000000057
28.500000000000	0.000000000068
29.000000000000	0.000000000065
29.500000000000	0.000000000068
30.000000000000	0.000000000072
30.500000000000	0.000000000072
31.000000000000	0.000000000067
31.500000000000	0.000000000059
32.000000000000	0.000000000068
32.500000000000	0.000000000083
33.000000000000	0.000000000068
33.500000000000	0.000000000074
34.000000000000	0.000000000057
34.500000000000	0.000000000068
35.000000000000	0.000000000057
35.500000000000	0.000000000067
36.000000000000	0.000000000047
36.500000000000	0.000000000068
37.000000000000	0.000000000059
37.500000000000	0.000000000064
38.000000000000	0.000000000057
38.500000000000	0.000000000079
39.000000000000	0.000000000058
39.500000000000	0.000000000055
40.000000000000	0.000000000067
40.500000000000	0.000000000076
41.000000000000	0.000000000071
41.500000000000	0.000000000077
42.000000000000	0.000000000061
42.500000000000	0.000000000065
43.000000000000	0.000000000066
43.500000000000	0.000000000085
44.000000000000	0.000000000067
44.500000000000	0.000000000078
45.000000000000	0.000000000071
45.500000000000	0.000000000086
46.000000000000	0.000000000057
46.500000000000	0.000000000072
47.000000000000	-0.000000000005
47.500000000000	0.000000000113
48.000000000000	0.000000000081
48.500000000000	0.000000000082
49.000000000000	0.000000000082
49.500000000000	0.000000000081
50.000000000000	0.000000000083
50.500000000000	0.000000000076
51.000000000000	0.000000000071
51.500000000000	0.000000000078
52.000000000000	0.000000000083
52.500000000000	0.000000000087
53.000000000000	0.000000000084
53.500000000000	0.000000000084
54.000000000000	0.000000000078
54.500000000000	0.000000000084
55.000000000000	0.000000000079
55.500000000000	0.000000000076
56.000000000000	0.000000000086
56.500000000000	0.000000000085
57.000000000000	0.000000000090
57.500000000000	0.000000000082
58.000000000000	0.000000000085
58.500000000000	0.000000000082
59.000000000000	0.000000000084
59.500000000000	0.000000000090
60.000000000000	0.000000000085
60.500000000000	0.000000000091
61.000000000000	0.000000000074
61.500000000000	0.000000000082
62.000000000000	0.000000000081
62.500000000000	0.000000000077
63.000000000000	0.000000000082
63.500000000000	0.000000000078
64.000000000000	0.000000000092
64.500000000000	0.000000000077
65.000000000000	0.000000000075
65.500000000000	0.000000000080
66.000000000000	0.000000000074
66.500000000000	0.000000000079
67.000000000000	0.000000000072
67.500000000000	0.000000000080
68.000000000000	0.000000000080
68.500000000000	0.000000000082
69.000000000000	0.000000000073
69.500000000000	0.000000000078
70.000000000000	0.000000000075
70.500000000000	0.000000000082
71.000000000000	0.000000000075
71.500000000000	0.000000000082
72.000000000000	0.000000000074
72.500000000000	0.000000000076
73.000000000000	0.000000000075
73.500000000000	0.000000000067
74.000000000000	0.000000000077
74.500000000000	0.000000000068
75.000000000000	0.000000000073
75.500000000000	0.000000000070
76.000000000000	0.000000000073
76.500000000000	0.000000000085
77.000000000000	0.000000000035
77.500000000000	0.000000000071
78.000000000000	0.000000000069
78.500000000000	0.000000000075
79.000000000000	0.000000000064
79.500000000000	0.000000000057
80.000000000000	0.000000000069
80.500000000000	0.000000000067
81.000000000000	0.000000000077
81.500000000000	0.000000000074
82.000000000000	0.000000000075
82.500000000000	0.000000000077
83.000000000000	0.000000000056
83.500000000000	0.000000000033
84.000000000000	0.000000000117
84.500000000000	0.000000000086
85.000000000000	0.000000000067
85.500000000000	0.000000000156
86.000000000000	0.000000000068
86.500000000000	0.000000000037
87.000000000000	0.000000000383
87.500000000000	0.000000000189
88.000000000000	0.000000000091
88.500000000000	0.000000000041
89.000000000000	0.000000000108
89.500000000000	0.000000000115
90.000000000000	0.000000000065
90.500000000000	0.000000000084
91.000000000000	0.000000000080
91.500000000000	0.000000000081
92.000000000000	0.000000000129
92.500000000000	0.000000000074
93.000000000000	0.000000000072
93.500000000000	0.000000000086
94.000000000000	0.000000000067
94.500000000000	0.000000000068
95.000000000000	0.000000000022
95.500000000000	0.000000000079
96.000000000000	0.000000000104
96.500000000000	0.000000000060
97.000000000000	0.000000000034
97.500000000000	0.000000000071
98.000000000000	0.000000000053
98.500000000000	0.000000000066
99.000000000000	0.000000000053
99.500000000000	0.000000000037
100.000000000000	0.000000000069
100.500000000000	0.000000000125
101.000000000000	0.000000000102
101.500000000000	0.000000000065
102.000000000000	0.000000000061
102.500000000000	0.000000000085
103.000000000000	0.000000000040
103.500000000000	0.000000000073
104.000000000000	0.000000000047
104.500000000000	0.000000000052
105.000000000000	0.000000000055
105.500000000000	0.000000000072
106.000000000000	0.000000000071
106.500000000000	0.000000000088
107.000000000000	0.000000000074
107.500000000000	0.000000000063
108.000000000000	0.000000000069
108.500000000000	0.000000000108
109.000000000000	0.000000000064
109.500000000000	0.000000000237
110.000000000000	0.000000000280
110.500000000000	-0.000000000156
111.000000000000	0.000000000119
111.500000000000	0.000000000100
112.000000000000	0.000000000089
112.500000000000	0.000000000150
113.000000000000	0.000000000066
113.500000000000	0.000000000070
114.000000000000	-0.000000000008
114.500000000000	0.000000000060
115.000000000000	0.000000000074
115.500000000000	0.000000000079
116.000000000000	0.000000000079
116.500000000000	0.000000000079
117.000000000000	0.000000000077
117.500000000000	0.000000000053
118.000000000000	0.000000000054
118.500000000000	0.000000000087
119.000000000000	0.000000000102
119.500000000000	-0.000000000011
120.000000000000	0.000000000087
120.500000000000	0.000000000078
121.000000000000	0.000000000080
121.500000000000	0.000000000079
122.000000000000	0.000000000077
122.500000000000	0.000000000082
123.000000000000	0.000000000076
123.500000000000	0.000000000070
124.000000000000	0.000000000088
124.500000000000	0.000000000023
125.000000000000	0.000000000084
125.500000000000	0.000000000080
126.000000000000	0.000000000081
126.500000000000	0.000000000077
127.000000000000	0.000000000081
127.500000000000	0.000000000081
128.000000000000	0.000000000071
128.500000000000	0.000000000086
129.000000000000	0.000000000079
129.500000000000	0.000000000068
130.000000000000	0.000000000081
130.500000000000	0.000000000079
131.000000000000	0.000000000078
131.500000000000	0.000000000092
132.000000000000	0.000000000076
132.500000000000	0.000000000080
133.000000000000	0.000000000082
133.500000000000	0.000000000088
134.000000000000	0.000000000083
134.500000000000	0.000000000071
135.000000000000	0.000000000075
135.500000000000	0.000000000078
136.000000000000	0.000000000069
136.500000000000	0.000000000083
137.000000000000	0.000000000085
137.500000000000	0.000000000089
138.000000000000	0.000000000086
138.500000000000	0.000000000084
139.000000000000	0.000000000070
139.500000000000	0.000000000073
140.000000000000	0.000000000071
140.500000000000	0.000000000076
141.000000000000	0.000000000081
141.500000000000	0.000000000087
142.000000000000	0.000000000088
142.500000000000	0.000000000088
143.000000000000	0.000000000091
143.500000000000	0.000000000076
144.000000000000	0.000000000022
144.500000000000	0.000000000077
145.000000000000	0.000000000139
145.500000000000	0.000000000074
146.000000000000	0.000000000074
146.500000000000	0.000000000077
147.000000000000	0.000000000082
147.500000000000	0.000000000077
148.000000000000	0.000000000081
148.500000000000	0.000000000074
149.000000000000	0.000000000069
149.500000000000	0.000000000074
150.000000000000	0.000000000073
150.500000000000	0.000000000072
151.000000000000	0.000000000082
151.500000000000	0.000000000067
152.000000000000	0.000000000064
152.500000000000	0.000000000070
153.000000000000	0.000000000066
153.500000000000	0.000000000071
154.000000000000	0.000000000071
154.500000000000	0.000000000059
155.000000000000	0.000000000064
155.500000000000	0.000000000069
156.000000000000	0.000000000065
156.500000000000	0.000000000075
157.000000000000	0.000000000085
157.500000000000	0.000000000072
158.000000000000	0.000000000077
158.500000000000	0.000000000064
159.000000000000	0.000000000063
159.500000000000	0.000000000066
160.000000000000	0.000000000077
160.500000000000	0.000000000071
161.000000000000	0.000000000074
161.500000000000	0.000000000069
162.000000000000	0.000000000068
162.500000000000	0.000000000088
163.000000000000	0.000000000071
163.500000000000	0.000000000060
164.000000000000	0.000000000077
164.500000000000	0.000000000072
165.000000000000	0.000000000081
165.500000000000	0.000000000088
166.000000000000	0.000000000077
166.500000000000	0.000000000093
167.000000000000	0.000000000086
167.500000000000	0.000000000082
168.000000000000	0.000000000094
168.500000000000	0.000000000079
169.000000000000	0.000000000080
169.500000000000	0.000000000079
170.000000000000	0.000000000098
170.500000000000	0.000000000067
171.000000000000	0.000000000088
171.500000000000	0.000000000089
172.000000000000	0.000000000083
172.500000000000	0.000000000082
173.000000000000	0.000000000082
173.500000000000	0.000000000084
174.000000000000	0.000000000085
174.500000000000	0.000000000084
175.000000000000	0.000000000086
175.500000000000	0.000000000086
176.000000000000	0.000000000084
176.500000000000	0.000000000081
177.000000000000	0.000000000089
177.500000000000	0.000000000085
178.000000000000	0.000000000081
178.500000000000	0.000000000081
179.000000000000	0.000000000081
179.500000000000	0.000000000073
180.000000000000	0.000000000076
180.500000000000	0.000000000080
181.000000000000	0.000000000079
181.500000000000	0.000000000077
182.000000000000	0.000000000081
182.500000000000	0.000000000082
183.000000000000	0.000000000080
183.500000000000	0.000000000086
184.000000000000	0.000000000078
184.500000000000	0.000000000074
185.000000000000	0.000000000070
185.500000000000	0.000000000071
186.000000000000	0.000000000076
186.500000000000	0.000000000067
187.000000000000	0.000000000081
187.500000000000	0.000000000077
188.000000000000	0.000000000066
188.500000000000	0.000000000072
189.000000000000	0.000000000073
189.500000000000	0.000000000064
190.000000000000	0.000000000068
190.500000000000	0.000000000081
191.000000000000	0.000000000071
191.500000000000	0.000000000071
192.000000000000	0.000000000064
192.500000000000	0.000000000065
193.000000000000	0.000000000005
193.500000000000	0.000000000061
194.000000000000	0.000000000121
194.500000000000	0.000000000073
195.000000000000	0.000000000069
195.500000000000	0.000000000072
196.000000000000	0.000000000068
196.500000000000	0.000000000073
197.000000000000	0.000000000073
197.500000000000	0.000000000071
198.000000000000	0.000000000072
198.500000000000	0.000000000075
199.000000000000	0.000000000080
199.500000000000	0.000000000079
200.000000000000	0.000000000080
200.500000000000	0.000000000083
201.000000000000	0.000000000085
201.500000000000	0.000000000083
202.000000000000	0.000000000085
202.500000000000	0.000000000085
203.000000000000	0.000000000090
203.500000000000	0.000000000088
204.000000000000	0.000000000092
204.500000000000	0.000000000094
205.000000000000	0.000000000095
205.500000000000	0.000000000103
206.000000000000	0.000000000088
206.500000000000	0.000000000077
207.000000000000	0.000000000090
207.500000000000	0.000000000079
208.000000000000	0.000000000088
208.500000000000	0.000000000089
209.000000000000	0.000000000091
209.500000000000	0.000000000085
210.000000000000	0.000000000078
210.500000000000	0.000000000065
211.000000000000	0.000000000084
211.500000000000	0.000000000085
212.000000000000	0.000000000091
212.500000000000	0.000000000081
213.000000000000	0.000000000077
213.500000000000	0.000000000082
214.000000000000	0.000000000080
214.500000000000	0.000000000079
215.000000000000	0.000000000083
215.500000000000	0.000000000082
216.000000000000	0.000000000085
216.500000000000	0.000000000077
217.000000000000	0.000000000076
217.500000000000	0.000000000080
218.000000000000	0.000000000073
218.500000000000	0.000000000075
219.000000000000	0.000000000083
219.500000000000	0.000000000080
220.000000000000	0.000000000078
220.500000000000	0.000000000081
221.000000000000	0.000000000091
221.500000000000	0.000000000075
222.000000000000	0.000000000075
222.500000000000	0.000000000077
223.000000000000	0.000000000091
223.500000000000	0.000000000072
224.000000000000	0.000000000085
224.500000000000	0.000000000083
225.000000000000	0.000000000077
225.500000000000	0.000000000082
226.000000000000	0.000000000076
226.500000000000	0.000000000072
227.000000000000	0.000000000066
227.500000000000	0.000000000078
228.000000000000	0.000000000071
228.500000000000	0.000000000074
229.000000000000	0.000000000076
229.500000000000	0.000000000068
230.000000000000	0.000000000062
230.500000000000	0.000000000073
231.000000000000	0.000000000073
231.500000000000	0.000000000070
232.000000000000	0.000000000072
232.500000000000	0.000000000078
233.000000000000	0.000000000071
233.500000000000	0.000000000080
234.000000000000	0.000000000071
234.500000000000	0.000000000075
235.000000000000	0.000000000071
235.500000000000	0.000000000075
236.000000000000	0.000000000065
236.500000000000	0.000000000075
237.000000000000	0.000000000081
237.500000000000	0.000000000083
238.000000000000	0.000000000080
238.500000000000	0.000000000084
239.000000000000	0.000000000074
239.500000000000	0.000000000079
240.000000000000	0.000000000091
240.500000000000	0.000000000059
241.000000000000	0.000000000080
241.500000000000	0.000000000088
242.000000000000	0.000000000096
242.500000000000	0.000000000092
243.000000000000	0.000000000086
243.500000000000	0.000000000062
244.000000000000	0.000000000076
244.500000000000	0.000000000086
245.000000000000	0.000000000090
245.500000000000	0.000000000091
246.000000000000	0.000000000085
246.500000000000	0.000000000083
247.000000000000	0.000000000082
247.500000000000	0.000000000086
248.000000000000	0.000000000083
248.500000000000	0.000000000091
249.000000000000	0.000000000079
249.500000000000	0.000000000089
250.000000000000	0.000000000082
250.500000000000	0.000000000100
251.000000000000	0.000000000092
251.500000000000	0.000000000089
252.000000000000	0.000000000088
252.500000000000	0.000000000082
253.000000000000	0.000000000089
253.500000000000	0.000000000088
254.000000000000	0.000000000081
254.500000000000	0.000000000087
255.000000000000	0.000000000075
255.500000000000	0.000000000084
256.000000000000	0.000000000095
256.500000000000	0.000000000083
257.000000000000	0.000000000081
257.500000000000	0.000000000076
258.000000000000	0.000000000082
258.500000000000	0.000000000045
259.000000000000	0.000000000089
259.500000000000	0.000000000082
260.000000000000	0.000000000086
260.500000000000	0.000000000089
261.000000000000	0.000000000071
261.500000000000	0.000000000069
262.000000000000	0.000000000081
262.500000000000	0.000000000080
263.000000000000	0.000000000084
263.500000000000	0.000000000080
264.000000000000	0.000000000071
264.500000000000	0.000000000076
265.000000000000	0.000000000081
265.500000000000	0.000000000080
266.000000000000	0.000000000075
266.500000000000	0.000000000063
267.000000000000	0.000000000077
267.500000000000	0.000000000072
268.000000000000	0.000000000070
268.500000000000	0.000000000117
269.000000000000	0.000000000076
269.500000000000	0.000000000065
270.000000000000	0.000000000073
270.500000000000	0.000000000075
271.000000000000	0.000000000073
271.500000000000	0.000000000073
272.000000000000	0.000000000035
272.500000000000	0.000000000078
273.000000000000	0.000000000078
273.500000000000	0.000000000077
274.000000000000	0.000000000086
274.500000000000	0.000000000078
275.000000000000	0.000000000077
275.500000000000	0.000000000089
276.000000000000	0.000000000081
276.500000000000	0.000000000074
277.000000000000	0.000000000060
277.500000000000	0.000000000080
278.000000000000	0.000000000071
278.500000000000	0.000000000074
279.000000000000	0.000000000088
279.500000000000	0.000000000083
280.000000000000	0.000000000089
280.500000000000	0.000000000092
281.000000000000	0.000000000094
281.500000000000	0.000000000082
282.000000000000	0.000000000087
282.500000000000	0.000000000095
283.000000000000	0.000000000088
283.500000000000	0.000000000087
284.000000000000	0.000000000086
284.500000000000	0.000000000090
285.000000000000	0.000000000089
285.500000000000	0.000000000063
286.000000000000	0.000000000094
286.500000000000	0.000000000098
287.000000000000	0.000000000094
287.500000000000	0.000000000091
288.000000000000	0.000000000090
288.500000000000	0.000000000092
289.000000000000	0.000000000091
289.500000000000	0.000000000090
290.000000000000	0.000000000089
290.500000000000	0.000000000096
291.000000000000	0.000000000095
291.500000000000	0.000000000085
292.000000000000	0.000000000095
292.500000000000	0.000000000094
293.000000000000	0.000000000100
293.500000000000	0.000000000096
294.000000000000	0.000000000084
294.500000000000	0.000000000086
295.000000000000	0.000000000089
295.500000000000	0.000000000083
296.000000000000	0.000000000095
296.500000000000	0.000000000094
297.000000000000	0.000000000158
297.500000000000	0.000000000086
298.000000000000	0.000000000076
298.500000000000	0.000000000071
299.000000000000	0.000000000075
299.500000000000	0.000000000083
