Voltage   	Current	
19.986150	-7.305461E-9
19.000120	-6.584955E-12
17.999520	3.618304E-11
17.000740	3.256327E-10
16.000020	7.203819E-10
15.000770	2.538187E-10
14.000240	2.552863E-10
13.001200	2.975953E-10
12.000780	3.030105E-10
11.001120	3.415238E-10
10.000340	3.016441E-10
9.000795	3.923857E-10
8.000512	1.788110E-10
7.000053	4.732081E-10
6.001050	5.798917E-10
5.000273	4.551408E-10
4.001072	3.970418E-10
3.000390	5.435040E-10
2.000970	5.221976E-10
1.000103	5.070148E-10
0.000233	5.734643E-10
0.998172	6.789332E-10
1.998781	4.095928E-10
2.998347	5.185536E-10
3.998690	3.485585E-10
4.998024	2.055853E-10
5.998917	5.113672E-10
6.998020	5.315602E-10
7.998611	-2.191203E-9
8.999220	5.808532E-10
9.998319	7.769626E-10
10.999140	9.541949E-10
11.998550	4.998285E-10
12.998670	-9.027928E-10
13.997760	6.430517E-10
14.998390	6.415333E-10
15.997610	6.513008E-10
16.998360	1.450617E-9
17.997580	5.846997E-10
18.998520	6.408755E-10
