Voltage   	Current	
19.984560	6.491639E-9
18.998290	-2.168702E-10
17.998330	-2.667733E-10
16.998560	-4.720042E-10
15.998290	-5.509075E-10
14.999030	-3.536229E-10
13.998890	-2.925344E-10
12.999520	2.398505E-10
11.998910	-5.037876E-10
10.999610	-5.173011E-10
9.998731	-3.229522E-10
8.999405	-5.093554E-10
7.999169	-3.364656E-10
6.998535	-3.433994E-10
5.999273	-3.451202E-10
4.998445	-4.223031E-10
3.999321	1.867082E-10
2.998712	-3.371742E-10
1.999275	-5.098106E-10
0.998563	-3.919361E-10
-0.000853	-4.234672E-10
0.997108	-4.213915E-10
1.997601	-3.837362E-10
2.996918	-6.398317E-10
3.997712	-4.127373E-10
4.996904	-5.103164E-10
5.997582	-4.382461E-10
6.996784	-4.025646E-10
7.997397	-4.716998E-10
8.997731	-3.689585E-10
9.996731	5.598413E-10
10.997240	-2.013827E-10
11.996740	-6.316327E-10
12.997130	-2.529560E-10
13.996180	-5.085958E-10
14.996650	-7.066400E-10
15.996110	-4.880476E-10
16.996620	-5.296500E-10
17.995730	-5.910422E-10
18.996300	-3.856599E-10
