t (s)	Ids (Amps)
0.000000000000	-0.000000000025
0.500000000000	-0.000000000062
1.000000000000	-0.000000000092
1.500000000000	-0.000000000002
2.000000000000	0.000000000012
2.500000000000	-0.000000000026
3.000000000000	0.000000000024
3.500000000000	-0.000000000082
4.000000000000	-0.000000000019
4.500000000000	-0.000000000030
5.000000000000	-0.000000000048
5.500000000000	-0.000000000022
6.000000000000	-0.000000000080
6.500000000000	-0.000000000040
7.000000000000	-0.000000000040
7.500000000000	-0.000000000114
8.000000000000	-0.000000000035
8.500000000000	-0.000000000109
9.000000000000	-0.000000000002
9.500000000000	0.000000000018
10.000000000000	-0.000000000377
10.500000000000	0.000000000377
11.000000000000	-0.000000000147
11.500000000000	-0.000000000827
12.000000000000	0.000000000096
12.500000000000	-0.000000000649
13.000000000000	-0.000000000168
13.500000000000	-0.000000000090
14.000000000000	-0.000000000061
14.500000000000	-0.000000000120
15.000000000000	-0.000000000081
15.500000000000	-0.000000000449
16.000000000000	-0.000000000086
16.500000000000	0.000000000246
17.000000000000	-0.000000000009
17.500000000000	-0.000000000061
18.000000000000	-0.000000000025
18.500000000000	-0.000000000072
19.000000000000	-0.000000000095
19.500000000000	-0.000000000104
20.000000000000	-0.000000000147
20.500000000000	0.000000000001
21.000000000000	-0.000000000018
21.500000000000	-0.000000000031
22.000000000000	-0.000000000101
22.500000000000	-0.000000000143
23.000000000000	-0.000000000178
23.500000000000	0.000000000038
24.000000000000	0.000000000036
24.500000000000	-0.000000000085
25.000000000000	0.000000005587
25.500000000000	-0.000000000090
26.000000000000	0.000000000092
26.500000000000	0.000000000077
27.000000000000	-0.000000000065
27.500000000000	0.000000000075
28.000000000000	0.000000000032
28.500000000000	0.000000000196
29.000000000000	0.000000000055
29.500000000000	0.000000000060
30.000000000000	0.000000000129
30.500000000000	0.000000000047
31.000000000000	0.000000000038
31.500000000000	-0.000000000004
32.000000000000	0.000000000075
32.500000000000	0.000000000009
33.000000000000	-0.000000000021
33.500000000000	0.000000000061
34.000000000000	0.000000000012
34.500000000000	0.000000000056
35.000000000000	0.000000000006
35.500000000000	0.000000000000
36.000000000000	-0.000000000027
36.500000000000	-0.000000000037
37.000000000000	-0.000000000019
37.500000000000	-0.000000000011
38.000000000000	-0.000000000040
38.500000000000	-0.000000000009
39.000000000000	-0.000000000057
39.500000000000	-0.000000000009
40.000000000000	-0.000000000049
40.500000000000	-0.000000000034
41.000000000000	0.000000000010
41.500000000000	-0.000000000028
42.000000000000	-0.000000000022
42.500000000000	-0.000000000032
43.000000000000	-0.000000000054
43.500000000000	-0.000000000023
44.000000000000	0.000000000014
44.500000000000	0.000000000057
45.000000000000	-0.000000000049
45.500000000000	-0.000000000117
46.000000000000	-0.000000000015
46.500000000000	0.000000000040
47.000000000000	-0.000000000010
47.500000000000	-0.000000000060
48.000000000000	-0.000000000089
48.500000000000	-0.000000000024
49.000000000000	-0.000000000025
49.500000000000	-0.000000000020
50.000000000000	-0.000000000062
50.500000000000	-0.000000000076
51.000000000000	-0.000000000010
51.500000000000	-0.000000000003
52.000000000000	-0.000000000032
52.500000000000	0.000000000011
53.000000000000	-0.000000000058
53.500000000000	0.000000000015
54.000000000000	0.000000000007
54.500000000000	-0.000000000058
55.000000000000	-0.000000000061
55.500000000000	-0.000000000107
56.000000000000	0.000000000014
56.500000000000	-0.000000000114
57.000000000000	-0.000000000020
57.500000000000	0.000000000074
58.000000000000	0.000000000093
58.500000000000	0.000000000010
59.000000000000	-0.000000000010
59.500000000000	0.000000000013
60.000000000000	0.000000000097
60.500000000000	-0.000000000092
61.000000000000	0.000000000178
61.500000000000	0.000000000039
62.000000000000	0.000000000100
62.500000000000	0.000000000021
63.000000000000	0.000000000196
63.500000000000	0.000000000107
64.000000000000	0.000000000064
64.500000000000	0.000000000016
65.000000000000	-0.000000000059
65.500000000000	-0.000000000049
66.000000000000	0.000000000002
66.500000000000	0.000000000042
67.000000000000	-0.000000000007
67.500000000000	-0.000000000009
68.000000000000	-0.000000000047
68.500000000000	-0.000000000003
69.000000000000	0.000000000030
69.500000000000	0.000000000098
70.000000000000	0.000000000052
70.500000000000	-0.000000000086
71.000000000000	0.000000000047
71.500000000000	0.000000000017
72.000000000000	0.000000000043
72.500000000000	-0.000000000004
73.000000000000	-0.000000000106
73.500000000000	0.000000000042
74.000000000000	-0.000000000076
74.500000000000	-0.000000000029
75.000000000000	0.000000000065
75.500000000000	-0.000000000043
76.000000000000	-0.000000000070
76.500000000000	-0.000000000087
77.000000000000	0.000000000162
77.500000000000	0.000000000007
78.000000000000	-0.000000000057
78.500000000000	-0.000000000064
79.000000000000	-0.000000000070
79.500000000000	0.000000000057
80.000000000000	0.000000000058
80.500000000000	0.000000000013
81.000000000000	-0.000000000045
81.500000000000	-0.000000000102
82.000000000000	0.000000000144
82.500000000000	0.000000000062
83.000000000000	0.000000000051
83.500000000000	0.000000000066
84.000000000000	-0.000000000056
84.500000000000	0.000000000215
85.000000000000	0.000000000184
85.500000000000	0.000000000247
86.000000000000	0.000000000071
86.500000000000	-0.000000000051
87.000000000000	0.000000000225
87.500000000000	0.000000000094
88.000000000000	0.000000000097
88.500000000000	0.000000000106
89.000000000000	0.000000000009
89.500000000000	0.000000000187
90.000000000000	0.000000000091
90.500000000000	0.000000000061
91.000000000000	0.000000000021
91.500000000000	-0.000000000163
92.000000000000	0.000000000192
92.500000000000	0.000000000037
93.000000000000	0.000000000042
93.500000000000	0.000000000151
94.000000000000	-0.000000000034
94.500000000000	0.000000000136
95.000000000000	0.000000000030
95.500000000000	0.000000000037
96.000000000000	0.000000000117
96.500000000000	0.000000000137
97.000000000000	-0.000000000030
97.500000000000	-0.000000000011
98.000000000000	-0.000000000042
98.500000000000	0.000000000091
99.000000000000	0.000000000039
99.500000000000	-0.000000000008
100.000000000000	0.000000000014
100.500000000000	-0.000000000086
101.000000000000	-0.000000000016
101.500000000000	-0.000000000120
102.000000000000	0.000000000058
102.500000000000	-0.000000000009
103.000000000000	-0.000000000122
103.500000000000	-0.000000000154
104.000000000000	-0.000000000095
104.500000000000	0.000000000030
105.000000000000	-0.000000000004
105.500000000000	-0.000000000121
106.000000000000	-0.000000000195
106.500000000000	-0.000000000112
107.000000000000	0.000000000009
107.500000000000	-0.000000000117
108.000000000000	-0.000000000155
108.500000000000	-0.000000000104
109.000000000000	-0.000000000044
109.500000000000	0.000000000029
110.000000000000	-0.000000000055
110.500000000000	-0.000000000060
111.000000000000	-0.000000000040
111.500000000000	-0.000000000071
112.000000000000	-0.000000000032
112.500000000000	-0.000000000029
113.000000000000	-0.000000000072
113.500000000000	-0.000000000084
114.000000000000	-0.000000000061
114.500000000000	0.000000000051
115.000000000000	-0.000000000030
115.500000000000	-0.000000000101
116.000000000000	-0.000000000071
116.500000000000	-0.000000000071
117.000000000000	0.000000000025
117.500000000000	-0.000000000045
118.000000000000	-0.000000000323
118.500000000000	-0.000000000093
119.000000000000	-0.000000000051
119.500000000000	-0.000000000098
120.000000000000	-0.000000000138
120.500000000000	-0.000000000129
121.000000000000	-0.000000000222
121.500000000000	-0.000000000125
122.000000000000	-0.000000000153
122.500000000000	-0.000000000187
123.000000000000	-0.000000000201
123.500000000000	-0.000000000173
124.000000000000	-0.000000000520
124.500000000000	-0.000000000059
125.000000000000	-0.000000000100
125.500000000000	-0.000000000159
126.000000000000	-0.000000000137
126.500000000000	-0.000000000147
127.000000000000	-0.000000000007
127.500000000000	-0.000000000110
128.000000000000	-0.000000000148
128.500000000000	-0.000000000114
129.000000000000	-0.000000000112
129.500000000000	0.000000000011
130.000000000000	-0.000000000046
130.500000000000	-0.000000000038
131.000000000000	-0.000000000092
131.500000000000	-0.000000000025
132.000000000000	-0.000000000036
132.500000000000	-0.000000000034
133.000000000000	-0.000000000080
133.500000000000	-0.000000000088
134.000000000000	-0.000000000034
134.500000000000	0.000000000093
135.000000000000	-0.000000000018
135.500000000000	0.000000000048
136.000000000000	-0.000000000103
136.500000000000	-0.000000000226
137.000000000000	0.000000000020
137.500000000000	-0.000000000003
138.000000000000	0.000000000004
138.500000000000	-0.000000000010
139.000000000000	-0.000000000053
139.500000000000	0.000000000007
140.000000000000	0.000000000032
140.500000000000	-0.000000000067
141.000000000000	0.000000000052
141.500000000000	-0.000000000034
142.000000000000	-0.000000000143
142.500000000000	-0.000000000112
143.000000000000	-0.000000000040
143.500000000000	0.000000000004
144.000000000000	-0.000000000060
144.500000000000	-0.000000000119
145.000000000000	-0.000000000111
145.500000000000	-0.000000000119
146.000000000000	-0.000000000037
146.500000000000	-0.000000000087
147.000000000000	-0.000000000300
147.500000000000	-0.000000000094
148.000000000000	-0.000000000125
148.500000000000	-0.000000000093
149.000000000000	-0.000000000204
149.500000000000	-0.000000000149
150.000000000000	-0.000000000081
150.500000000000	-0.000000000032
151.000000000000	-0.000000000174
151.500000000000	-0.000000000086
152.000000000000	-0.000000000170
152.500000000000	-0.000000000080
153.000000000000	-0.000000000165
153.500000000000	-0.000000000043
154.000000000000	-0.000000000156
154.500000000000	-0.000000000166
155.000000000000	-0.000000000103
155.500000000000	-0.000000000098
156.000000000000	-0.000000000044
156.500000000000	-0.000000000101
157.000000000000	-0.000000000173
157.500000000000	-0.000000000078
158.000000000000	-0.000000000150
158.500000000000	-0.000000000076
159.000000000000	-0.000000000073
159.500000000000	-0.000000000136
160.000000000000	-0.000000000057
160.500000000000	-0.000000000095
161.000000000000	-0.000000000040
161.500000000000	-0.000000000028
162.000000000000	-0.000000000075
162.500000000000	-0.000000000172
163.000000000000	-0.000000000034
163.500000000000	-0.000000000040
164.000000000000	0.000000000016
164.500000000000	-0.000000000197
165.000000000000	-0.000000000102
165.500000000000	0.000000000033
166.000000000000	-0.000000000174
166.500000000000	-0.000000000149
167.000000000000	-0.000000000085
167.500000000000	-0.000000000091
168.000000000000	0.000000000013
168.500000000000	-0.000000000138
169.000000000000	-0.000000000135
169.500000000000	-0.000000000207
170.000000000000	-0.000000000059
170.500000000000	-0.000000000056
171.000000000000	-0.000000000120
171.500000000000	-0.000000000091
172.000000000000	-0.000000000059
172.500000000000	-0.000000000150
173.000000000000	-0.000000000035
173.500000000000	-0.000000000104
174.000000000000	-0.000000000197
174.500000000000	0.000000000004
175.000000000000	-0.000000000039
175.500000000000	0.000000000002
176.000000000000	-0.000000000060
176.500000000000	-0.000000000084
177.000000000000	-0.000000000150
177.500000000000	-0.000000000080
178.000000000000	-0.000000000079
178.500000000000	-0.000000000056
179.000000000000	-0.000000000077
179.500000000000	-0.000000000066
180.000000000000	-0.000000000129
180.500000000000	-0.000000000049
181.000000000000	-0.000000000059
181.500000000000	-0.000000000051
182.000000000000	0.000000000015
182.500000000000	-0.000000000121
183.000000000000	-0.000000000096
183.500000000000	-0.000000000084
184.000000000000	-0.000000000073
184.500000000000	-0.000000000115
185.000000000000	-0.000000000079
185.500000000000	-0.000000000094
186.000000000000	-0.000000000170
186.500000000000	-0.000000000059
187.000000000000	-0.000000000057
187.500000000000	-0.000000000085
188.000000000000	-0.000000000053
188.500000000000	-0.000000000067
189.000000000000	-0.000000000115
189.500000000000	-0.000000000093
190.000000000000	-0.000000000113
190.500000000000	-0.000000000107
191.000000000000	0.000000000011
191.500000000000	-0.000000000148
192.000000000000	-0.000000000070
192.500000000000	-0.000000000135
193.000000000000	-0.000000000115
193.500000000000	-0.000000000066
194.000000000000	-0.000000000115
194.500000000000	-0.000000000054
195.000000000000	-0.000000000018
195.500000000000	-0.000000000155
196.000000000000	-0.000000000040
196.500000000000	-0.000000000052
197.000000000000	-0.000000000120
197.500000000000	-0.000000000055
198.000000000000	-0.000000000114
198.500000000000	-0.000000000068
199.000000000000	-0.000000000063
199.500000000000	-0.000000000070
200.000000000000	-0.000000000043
200.500000000000	-0.000000000103
201.000000000000	-0.000000000077
201.500000000000	-0.000000000060
202.000000000000	-0.000000000053
202.500000000000	-0.000000000097
203.000000000000	0.000000000049
203.500000000000	0.000000000066
204.000000000000	0.000000000001
204.500000000000	-0.000000000102
205.000000000000	0.000000000460
205.500000000000	-0.000000000050
206.000000000000	-0.000000000145
206.500000000000	-0.000000000067
207.000000000000	-0.000000000107
207.500000000000	-0.000000000055
208.000000000000	-0.000000000060
208.500000000000	-0.000000000074
209.000000000000	-0.000000000046
209.500000000000	-0.000000000089
210.000000000000	-0.000000000108
210.500000000000	-0.000000000031
211.000000000000	-0.000000000018
211.500000000000	-0.000000000023
212.000000000000	-0.000000000086
212.500000000000	-0.000000000073
213.000000000000	-0.000000000027
213.500000000000	-0.000000000097
214.000000000000	-0.000000000098
214.500000000000	-0.000000000105
215.000000000000	-0.000000000076
215.500000000000	-0.000000000016
216.000000000000	-0.000000000037
216.500000000000	-0.000000000037
217.000000000000	-0.000000000085
217.500000000000	-0.000000000094
218.000000000000	-0.000000000030
218.500000000000	0.000000000001
219.000000000000	-0.000000000044
219.500000000000	-0.000000000013
220.000000000000	-0.000000000075
220.500000000000	-0.000000000035
221.000000000000	-0.000000000028
221.500000000000	-0.000000000057
222.000000000000	-0.000000000068
222.500000000000	-0.000000000028
223.000000000000	-0.000000000036
223.500000000000	-0.000000000046
224.000000000000	-0.000000000036
224.500000000000	-0.000000000073
225.000000000000	-0.000000000040
225.500000000000	-0.000000000552
226.000000000000	0.000000000389
226.500000000000	0.000000000004
227.000000000000	-0.000000000097
227.500000000000	0.000000001307
228.000000000000	0.000000000502
228.500000000000	0.000000000591
229.000000000000	-0.000000000093
229.500000000000	-0.000000000381
230.000000000000	-0.000000000617
230.500000000000	-0.000000000431
231.000000000000	-0.000000000292
231.500000000000	-0.000000000301
232.000000000000	0.000000000036
232.500000000000	0.000000000014
233.000000000000	-0.000000000090
233.500000000000	-0.000000000020
234.000000000000	-0.000000000097
234.500000000000	-0.000000000168
235.000000000000	-0.000000000260
235.500000000000	0.000000001442
236.000000000000	-0.000000001260
236.500000000000	-0.000000000780
237.000000000000	-0.000000000231
237.500000000000	-0.000000000095
238.000000000000	-0.000000000052
238.500000000000	-0.000000000054
239.000000000000	-0.000000000104
239.500000000000	-0.000000000098
240.000000000000	-0.000000000081
240.500000000000	-0.000000000015
241.000000000000	-0.000000000090
241.500000000000	-0.000000000088
242.000000000000	-0.000000000051
242.500000000000	-0.000000000079
243.000000000000	-0.000000000020
243.500000000000	-0.000000000062
244.000000000000	-0.000000000062
244.500000000000	-0.000000000399
245.000000000000	-0.000000000047
245.500000000000	-0.000000000079
246.000000000000	-0.000000000029
246.500000000000	-0.000000000029
247.000000000000	-0.000000000125
247.500000000000	-0.000000000108
248.000000000000	-0.000000000042
248.500000000000	-0.000000000108
249.000000000000	-0.000000000094
249.500000000000	-0.000000000054
250.000000000000	-0.000000000027
250.500000000000	-0.000000000053
251.000000000000	-0.000000000024
251.500000000000	-0.000000000048
252.000000000000	-0.000000000049
252.500000000000	-0.000000000090
253.000000000000	-0.000000000065
253.500000000000	-0.000000000044
254.000000000000	-0.000000000068
254.500000000000	-0.000000000056
255.000000000000	-0.000000000075
255.500000000000	-0.000000000004
256.000000000000	-0.000000000054
256.500000000000	-0.000000000089
257.000000000000	-0.000000000057
257.500000000000	-0.000000000071
258.000000000000	-0.000000000006
258.500000000000	-0.000000000089
259.000000000000	-0.000000000090
259.500000000000	-0.000000000081
260.000000000000	-0.000000000060
260.500000000000	-0.000000000032
261.000000000000	-0.000000000053
261.500000000000	-0.000000000132
262.000000000000	-0.000000000007
262.500000000000	-0.000000000016
263.000000000000	0.000000000050
263.500000000000	-0.000000000076
264.000000000000	-0.000000000093
264.500000000000	-0.000000000047
265.000000000000	-0.000000000049
265.500000000000	0.000000000010
266.000000000000	-0.000000000030
266.500000000000	-0.000000000052
267.000000000000	-0.000000000016
267.500000000000	-0.000000000141
268.000000000000	-0.000000000607
268.500000000000	-0.000000000100
269.000000000000	-0.000000000012
269.500000000000	-0.000000000129
270.000000000000	0.000000000056
270.500000000000	0.000000001797
271.000000000000	0.000000000156
271.500000000000	0.000000000383
272.000000000000	-0.000000000485
272.500000000000	-0.000000000856
273.000000000000	-0.000000000656
273.500000000000	-0.000000000114
274.000000000000	-0.000000000182
274.500000000000	-0.000000000074
275.000000000000	-0.000000000077
275.500000000000	-0.000000000272
276.000000000000	-0.000000000099
276.500000000000	-0.000000000088
277.000000000000	-0.000000000058
277.500000000000	0.000000000019
278.000000000000	-0.000000000040
278.500000000000	-0.000000000064
279.000000000000	-0.000000000084
279.500000000000	-0.000000000040
280.000000000000	-0.000000000085
280.500000000000	0.000000000014
281.000000000000	-0.000000000091
281.500000000000	0.000000000034
282.000000000000	-0.000000000041
282.500000000000	-0.000000000021
283.000000000000	0.000000000041
283.500000000000	-0.000000000067
284.000000000000	-0.000000000021
284.500000000000	-0.000000000060
285.000000000000	-0.000000000068
285.500000000000	-0.000000000027
286.000000000000	-0.000000000024
286.500000000000	0.000000000014
287.000000000000	-0.000000000031
287.500000000000	-0.000000000041
288.000000000000	-0.000000000013
288.500000000000	-0.000000000033
289.000000000000	-0.000000000008
289.500000000000	-0.000000000014
290.000000000000	-0.000000000050
290.500000000000	-0.000000000039
291.000000000000	0.000000000002
291.500000000000	-0.000000000043
292.000000000000	-0.000000000028
292.500000000000	0.000000000008
293.000000000000	0.000000000005
293.500000000000	-0.000000000041
294.000000000000	-0.000000000026
294.500000000000	-0.000000000088
295.000000000000	-0.000000000012
295.500000000000	-0.000000000033
296.000000000000	-0.000000000015
296.500000000000	-0.000000000111
297.000000000000	-0.000000000130
297.500000000000	-0.000000000039
298.000000000000	0.000000000008
298.500000000000	-0.000000000151
299.000000000000	-0.000000000050
299.500000000000	-0.000000000171
