Voltage   	Current	
29.979910	1.067055E-8
28.999880	1.155467E-9
28.000320	1.451783E-9
26.999630	1.155872E-9
26.000380	1.014167E-9
24.999720	9.712506E-10
24.000940	9.910389E-10
23.000430	9.068761E-10
22.000110	9.824859E-10
21.000500	4.757387E-10
19.999990	5.033713E-10
19.000890	1.831130E-10
18.000380	3.092354E-10
17.000660	2.002709E-10
16.000060	1.532005E-10
15.000660	4.726700E-11
14.000240	6.573936E-12
13.000800	-1.236034E-10
12.000860	-9.910642E-11
11.001340	-1.009282E-10
10.000300	-3.207925E-10
9.001491	-1.656123E-10
8.001204	-3.235760E-10
7.000221	-1.553379E-10
6.001050	-3.570317E-10
4.999943	-5.295718E-10
4.000656	-2.379894E-10
3.000042	-3.325344E-10
2.000742	-3.723670E-10
0.999936	-3.683178E-10
0.000713	-3.361791E-10
0.998588	-6.946217E-10
1.999365	-3.053554E-10
2.998828	-3.021669E-10
3.999029	-3.334457E-10
4.998299	-3.121376E-10
5.999247	-3.268659E-10
6.998191	-2.446701E-10
7.998817	6.816664E-10
8.999160	-2.398116E-10
9.998391	-3.404811E-10
10.999030	-3.782385E-10
11.998330	-4.211073E-10
12.998430	-3.502998E-10
13.998210	-6.097940E-10
14.998180	-3.772260E-10
15.997930	-3.488321E-10
16.998090	-6.113630E-10
17.998040	-3.511091E-10
18.998140	-3.162372E-10
19.997390	-3.183629E-10
20.997430	-4.481353E-10
21.997270	-3.411388E-10
22.997540	-5.410097E-10
23.998310	-3.341540E-10
24.997740	-4.915106E-10
25.998010	-4.965214E-10
26.997410	-3.742399E-10
27.997990	-5.585225E-10
28.997450	-3.836540E-10
