Voltage   	Current
-30.007769	-1.414879E-9
-29.908663	-1.136754E-9
-29.806204	-9.986278E-10
-29.707235	-9.260976E-10
-29.608255	-9.108631E-10
-29.508944	-8.342836E-10
-29.406776	-8.008266E-10
-29.307123	-7.787596E-10
-29.208197	-7.559333E-10
-29.108953	-7.341181E-10
-29.006598	-7.240962E-10
-28.907309	-6.996497E-10
-28.808327	-6.986378E-10
-28.705837	-6.852754E-10
-28.606808	-6.731279E-10
-28.507721	-6.614364E-10
-28.401615	-6.535909E-10
-28.302631	-6.411399E-10
-28.199923	-6.336997E-10
-28.100960	-6.285871E-10
-28.001692	-6.073805E-10
-27.902697	-6.218553E-10
-27.800285	-6.072280E-10
-27.701254	-5.935117E-10
-27.601639	-5.967007E-10
-27.499355	-6.014583E-10
-27.400097	-5.859198E-10
-27.301031	-5.682048E-10
-27.201729	-5.544881E-10
-27.099394	-5.460862E-10
-27.000189	-5.630427E-10
-26.901262	-5.572717E-10
-26.801540	-5.504393E-10
-26.699179	-5.381905E-10
-26.600155	-5.423916E-10
-26.500881	-5.504897E-10
-26.398512	-5.551968E-10
-26.299236	-5.625357E-10
-26.200508	-5.601061E-10
-26.101397	-5.733166E-10
-25.999249	-5.676983E-10
-25.899885	-5.522612E-10
-25.801020	-5.640034E-10
-25.698681	-5.504388E-10
-25.599785	-5.257396E-10
-25.500536	-4.593845E-10
-25.395113	-4.547781E-10
-25.296059	-3.867022E-10
-25.197214	-4.361519E-10
-25.094511	-4.041640E-10
-24.995623	-3.866009E-10
-24.896542	-4.897015E-10
-24.794386	-4.575621E-10
-24.695375	-4.450603E-10
-24.596365	-4.893985E-10
-24.497635	-5.019503E-10
-24.395195	-4.525005E-10
-24.296328	-5.066576E-10
-24.196932	-5.002804E-10
-24.094841	-4.395936E-10
-23.995684	-4.572582E-10
-23.896759	-4.655593E-10
-23.797581	-3.979385E-10
-23.695530	-4.440987E-10
-23.596418	-4.320522E-10
-23.497458	-4.440481E-10
-23.394770	-4.129709E-10
-23.295923	-4.101368E-10
-23.196898	-4.061382E-10
-23.097975	-3.963693E-10
-22.995825	-3.706070E-10
-22.896917	-3.412505E-10
-22.798071	-3.711638E-10
-22.695709	-3.627612E-10
-22.596806	-4.156029E-10
-22.497469	-3.343674E-10
-22.392008	-3.214100E-10
-22.292963	-4.020383E-10
-22.193987	-3.247506E-10
-22.091576	-2.325313E-10
-21.992773	-2.932182E-10
-21.893686	-3.868542E-10
-21.791512	-2.834494E-10
-21.692028	-3.552201E-10
-21.593163	-3.897392E-10
-21.493975	-2.754522E-10
-21.391859	-3.969262E-10
-21.292749	-3.384670E-10
-21.193928	-3.888788E-10
-21.091566	-4.070994E-10
-20.992689	-3.793632E-10
-20.893326	-3.849813E-10
-20.794466	-3.958125E-10
-20.692326	-3.871580E-10
-20.593325	-3.905991E-10
-20.494352	-3.874614E-10
-20.391939	-3.480835E-10
-20.293137	-3.454516E-10
-20.193956	-3.324440E-10
-20.095232	-3.289009E-10
-19.992474	-3.255602E-10
-19.893591	-3.196891E-10
-19.794418	-3.037962E-10
-19.695568	-2.499428E-10
-19.593534	-2.018591E-10
-19.494793	-2.955460E-10
-19.389141	-3.208532E-10
-19.290215	-2.765152E-10
-19.190817	-3.130082E-10
-19.088718	-3.360375E-10
-18.989626	-3.199929E-10
-18.890709	-3.228776E-10
-18.788408	-3.117427E-10
-18.689388	-2.903334E-10
-18.590548	-2.867394E-10
-18.491444	-3.056689E-10
-18.389286	-2.840062E-10
-18.289898	-2.831456E-10
-18.191133	-2.716055E-10
-18.088587	-2.742883E-10
-17.989809	-2.692268E-10
-17.890570	-2.626468E-10
-17.791718	-2.574337E-10
-17.689421	-2.489305E-10
-17.590519	-2.654812E-10
-17.491180	-2.498921E-10
-17.392279	-2.588509E-10
-17.289854	-2.511067E-10
-17.191053	-2.502467E-10
-17.091799	-2.476653E-10
-16.989721	-2.467033E-10
-16.890808	-2.366313E-10
-16.791750	-2.342019E-10
-16.692900	-2.336449E-10
-16.590134	-2.337464E-10
-16.491268	-2.316206E-10
-16.385582	-2.151201E-10
-16.286739	-2.190172E-10
-16.187757	-2.141584E-10
-16.085611	-2.128425E-10
-15.986500	-2.107675E-10
-15.887678	-2.170434E-10
-15.788261	-2.207384E-10
-15.686068	-2.131463E-10
-15.586991	-2.154743E-10
-15.488148	-1.947731E-10
-15.385660	-2.120833E-10
-15.286839	-2.122858E-10
-15.187840	-2.064146E-10
-15.088879	-1.941154E-10
-14.986715	-1.885476E-10
-14.887289	-1.921920E-10
-14.788463	-1.970003E-10
-14.685998	-1.913826E-10
-14.587091	-1.544845E-10
-14.488043	-1.812088E-10
-14.389352	-1.801457E-10
-14.286937	-1.903192E-10
-14.188037	-1.805509E-10
-14.088421	-1.734142E-10
-13.986452	-1.683526E-10
-13.887330	-1.581287E-10
-13.788383	-1.679985E-10
-13.689292	-1.481073E-10
-13.587080	-1.636963E-10
-13.488025	-1.630887E-10
-13.382553	-1.552943E-10
-13.282987	-1.536242E-10
-13.184216	-1.553448E-10
-13.081971	-1.492712E-10
-12.982872	-1.383892E-10
-12.883918	-1.425902E-10
-12.784945	-1.141448E-10
-12.682511	-1.340870E-10
-12.583435	-1.283676E-10
-12.484423	-1.298353E-10
-12.381527	-1.139933E-10
-12.282533	-1.217877E-10
-12.183237	-1.143982E-10
-12.084251	-9.966944E-11
-11.981719	-8.797726E-11
-11.882668	-7.324871E-11
-11.783375	-8.519385E-11
-11.681103	-7.208464E-11
-11.581549	-6.342962E-11
-11.482537	-6.363221E-11
-11.383250	-6.186054E-11
-11.281077	-5.533113E-11
-11.181796	-5.917802E-11
-11.082686	-4.191833E-11
-10.980325	-3.640177E-11
-10.881187	-6.165801E-11
-10.782129	-3.624970E-11
-10.682566	-2.693670E-11
-10.580274	-1.443515E-11
-10.480953	-3.027736E-11
-10.375292	-1.721884E-11
-10.276081	-3.635098E-11
-10.177159	-1.139827E-11
-10.074506	-9.272472E-12
-9.975554	-2.470960E-11
-9.875884	-2.420358E-11
-9.776784	-3.306103E-11
-9.674295	-1.362521E-11
-9.575267	-2.693670E-11
-9.476114	-3.589562E-11
-9.373921	-2.678485E-11
-9.274867	-2.966991E-11
-9.175673	-4.530953E-11
-9.076601	-2.926503E-11
-8.973727	-3.159334E-11
-8.874726	-4.490469E-11
-8.775558	-3.518680E-11
-8.673238	-3.755357E-12
-8.573907	-1.625736E-11
-8.474864	-3.225126E-11
-8.375674	-3.098585E-11
-8.273436	-3.189682E-11
-8.173730	-1.711753E-11
-8.074844	-7.691348E-13
-7.975474	-1.615588E-11
-7.873177	-1.322023E-11
-7.773813	-3.250414E-11
-7.674920	-2.020498E-11
-7.572380	-5.931811E-12
-7.470011	-8.361284E-12
-7.367145	2.752421E-11
-7.268070	1.325093E-11
-7.169075	1.239044E-11
-7.066484	-8.715667E-12
-6.967504	2.706867E-11
-6.868253	4.164558E-11
-6.769199	1.163127E-11
-6.666687	-5.280040E-11
-6.567521	1.942582E-11
-6.468095	6.735752E-11
-6.365690	1.204786E-12
-6.266388	-2.663297E-11
-6.167359	-2.172332E-11
-6.068457	-2.384923E-11
-5.966210	-2.388839E-12
-5.867008	-7.551348E-12
-5.768094	-1.676320E-11
-5.668401	-9.171192E-12
-5.566124	8.898049E-12
-5.467068	3.385080E-11
-5.367816	3.420517E-11
-5.265534	-4.672659E-11
-5.166157	9.252446E-12
-5.067302	-1.325177E-10
-4.968043	-1.048717E-11
-4.865692	7.430390E-12
-4.766179	2.048887E-11
-4.667082	3.162391E-11
-4.564621	3.309178E-11
-4.462216	3.825430E-11
-4.359594	3.516684E-11
-4.260748	5.000889E-12
-4.161449	1.932464E-11
-4.062471	1.689526E-11
-3.959538	7.531503E-12
-3.860540	5.203366E-12
-3.761289	1.421273E-11
-3.658963	1.304852E-11
-3.559630	1.811001E-11
-3.460613	3.268691E-11
-3.361557	2.398118E-11
-3.258966	3.339540E-11
-3.160009	2.443677E-11
-3.060436	9.505605E-12
-2.958160	4.792165E-11
-2.858868	5.060430E-11
-2.759822	8.497117E-11
-2.660725	8.340209E-11
-2.558446	1.701548E-10
-2.459168	5.774070E-11
-2.360242	3.931722E-11
-2.257397	-3.199807E-11
-2.158471	-4.109574E-12
-2.059080	3.440769E-11
-1.960074	1.390886E-11
-1.857522	2.069130E-11
-1.758515	3.491386E-11
-1.659409	3.617907E-11
-1.557009	4.053204E-11
-1.454620	4.341716E-11
-1.351696	4.341698E-11
-1.252791	4.999673E-11
-1.153449	7.444347E-11
-1.054423	5.232506E-11
-0.951903	5.819634E-11
-0.852866	5.531127E-11
-0.753737	5.794329E-11
-0.651339	5.991713E-11
-0.551866	6.199244E-11
-0.452819	5.591871E-11
-0.353660	5.713358E-11
-0.251160	8.056777E-11
-0.151627	6.361198E-11
-0.052792	7.682228E-11
0.048873	9.084228E-11
0.151314	7.484828E-11
0.250050	6.766117E-11
0.349475	7.100170E-11
0.451785	7.909989E-11
0.551432	7.980851E-11
0.650401	7.945421E-11
0.749583	6.320705E-11
0.851862	8.355397E-11
0.951217	7.899860E-11
1.050246	7.940364E-11
1.149539	8.390826E-11
1.251758	8.755244E-11
1.351303	8.512308E-11
1.450354	8.846347E-11
1.556207	1.021800E-10
1.655126	8.856472E-11
1.757628	1.004085E-10
1.856768	8.846358E-11
1.955819	9.225960E-11
2.058383	8.993126E-11
2.157322	1.042550E-10
2.256917	1.007121E-10
2.355967	1.049131E-10
2.458439	1.021799E-10
2.557286	1.038503E-10
2.656378	1.169086E-10
2.758738	1.112399E-10
2.858112	1.146816E-10
2.957082	1.075956E-10
3.056719	1.221725E-10
3.158987	1.140237E-10
3.258188	1.118979E-10
3.357178	1.086586E-10
3.456564	1.151371E-10
3.558832	1.094178E-10
3.658034	1.062797E-10
3.757015	1.178197E-10
3.859373	1.151372E-10
3.958939	1.182753E-10
4.057939	1.085574E-10
4.157101	1.096202E-10
4.259381	1.113411E-10
4.358684	1.219701E-10
4.457622	1.275376E-10
4.563484	1.243996E-10
4.662462	1.386222E-10
4.765434	1.178197E-10
4.864462	1.205529E-10
4.963746	1.535533E-10
5.065996	1.732928E-10
5.165083	1.397863E-10
5.264184	6.442186E-11
5.363378	8.036524E-11
5.465779	1.162507E-10
5.565306	1.158963E-10
5.664354	1.197431E-10
5.763345	1.291067E-10
5.865896	1.445946E-10
5.964818	1.391282E-10
6.063643	1.263735E-10
6.166125	1.580073E-10
6.265399	1.576024E-10
6.364376	1.448477E-10
6.463910	1.431268E-10
6.566230	1.679278E-10
6.665564	1.966260E-10
6.764507	1.376098E-10
6.867189	1.362939E-10
6.966148	1.514781E-10
7.065434	1.537557E-10
7.164502	1.534015E-10
7.267162	1.697499E-10
7.366299	1.547174E-10
7.465468	1.445946E-10
7.571071	1.671685E-10
7.670099	1.630181E-10
7.772687	1.617528E-10
7.871784	1.624614E-10
7.970971	1.659032E-10
8.069976	1.700029E-10
8.172764	1.640811E-10
8.271841	1.604874E-10
8.371057	1.544644E-10
8.473388	1.786073E-10
8.572751	1.759248E-10
8.671657	1.705091E-10
8.770975	1.770889E-10
8.873322	1.850859E-10
8.972820	1.902486E-10
9.071853	1.937916E-10
9.174405	1.907547E-10
9.273270	1.726855E-10
9.372253	1.894387E-10
9.471446	1.843267E-10
9.573713	1.914633E-10
9.673029	1.923743E-10
9.771989	1.929817E-10
9.875003	1.955631E-10
9.973914	1.977901E-10
10.073145	1.950063E-10
10.172199	1.908053E-10
10.274779	2.018898E-10
10.373718	2.025478E-10
10.473036	2.105448E-10
10.578625	2.089252E-10
10.678204	2.078623E-10
10.780477	2.129743E-10
10.879718	2.201615E-10
10.978726	2.074068E-10
11.077981	2.159605E-10
11.180182	2.236539E-10
11.279481	2.175296E-10
11.378448	2.278042E-10
11.480862	2.232490E-10
11.580368	2.215787E-10
11.679442	2.161630E-10
11.778682	2.266401E-10
11.880908	2.264883E-10
11.980197	2.254760E-10
12.079204	2.273993E-10
12.181705	2.265389E-10
12.280822	2.458732E-10
12.380291	2.332200E-10
12.479384	2.420774E-10
12.581817	2.376740E-10
12.680815	2.402047E-10
12.779798	2.405590E-10
12.878781	2.436463E-10
12.981151	2.452658E-10
13.080088	2.440006E-10
13.179484	2.561469E-10
13.281569	2.451646E-10
13.380634	2.479482E-10
13.479636	2.557927E-10
13.585037	2.593354E-10
13.684231	2.575640E-10
13.786373	2.625238E-10
13.885468	2.572604E-10
13.984305	2.629287E-10
14.083685	2.726457E-10
14.185925	2.709756E-10
14.284981	2.676860E-10
14.383870	2.767958E-10
14.486281	2.721903E-10
14.585086	2.707226E-10
14.684206	2.719372E-10
14.783030	2.687488E-10
14.885692	2.827677E-10
14.984532	2.827677E-10
15.083725	2.730506E-10
15.182642	2.879299E-10
15.284683	2.850958E-10
15.383864	2.911183E-10
15.482732	2.871707E-10
15.585217	2.922824E-10
15.684009	2.887903E-10
15.783406	2.914726E-10
15.882206	2.918775E-10
15.984561	2.826665E-10
16.083410	3.056940E-10
16.182348	3.019994E-10
16.284496	3.053903E-10
16.383732	2.995196E-10
16.482483	3.060482E-10
16.588369	3.153604E-10
16.687334	3.233568E-10
16.789766	3.113622E-10
16.888597	3.002787E-10
16.987659	3.240653E-10
17.086535	3.217373E-10
17.188871	3.271525E-10
17.287743	3.263427E-10
17.386599	3.322135E-10
17.486048	3.290757E-10
17.588280	3.310494E-10
17.687277	3.363635E-10
17.786022	3.212312E-10
17.888500	3.398556E-10
17.987394	3.327196E-10
18.086521	3.306446E-10
18.185368	3.348452E-10
18.287960	3.350476E-10
18.386858	3.378311E-10
18.486109	3.366165E-10
18.588268	3.360599E-10
18.687281	3.360092E-10
18.786142	3.380336E-10
18.885231	3.466879E-10
18.987379	3.557976E-10
19.086243	3.552409E-10
19.185703	3.652111E-10
19.287834	3.613647E-10
19.386839	3.605044E-10
19.485701	3.658184E-10
19.590969	3.686525E-10
19.689920	3.712337E-10
19.788906	3.708793E-10
19.891119	3.864672E-10
19.990454	3.727519E-10
20.089462	3.735111E-10
20.191828	3.785215E-10
20.290686	3.823678E-10
20.389772	3.897063E-10
20.488733	4.116203E-10
20.591135	4.100008E-10
20.689793	3.761934E-10
20.789272	3.956782E-10
20.891394	3.662232E-10
20.990513	3.420317E-10
21.089415	4.229569E-10
21.188303	3.167776E-10
21.290655	3.857080E-10
21.389423	3.813555E-10
21.488600	3.939575E-10
21.590631	3.908702E-10
21.690136	4.260946E-10
21.789059	4.062556E-10
21.888056	3.996257E-10
21.990149	4.013465E-10
22.089321	4.228557E-10
22.188210	4.368746E-10
22.290640	3.894026E-10
22.389540	3.940587E-10
22.488922	3.847971E-10
22.594236	3.854043E-10
22.693386	4.064075E-10
22.792171	4.235136E-10
22.894165	4.376335E-10
22.993219	4.211855E-10
23.092007	4.025610E-10
23.194462	4.225013E-10
23.293320	3.493196E-10
23.392769	3.918824E-10
23.491514	5.215446E-10
23.593868	4.833343E-10
23.692793	4.636979E-10
23.791967	4.651148E-10
23.894043	3.614659E-10
23.993172	3.361104E-10
24.092075	3.768514E-10
24.191496	4.463893E-10
24.293705	4.766034E-10
24.392670	5.957387E-10
24.491547	4.634447E-10
24.593973	4.265502E-10
24.692919	3.958806E-10
24.791956	3.889978E-10
24.890818	4.142013E-10
24.992886	4.312063E-10
25.092390	4.461868E-10
25.191204	4.400124E-10
25.290331	4.604081E-10
25.392267	4.977076E-10
25.491566	5.443191E-10
25.597012	4.683033E-10
25.696075	3.977532E-10
25.794903	4.704794E-10
25.897682	4.527154E-10
25.996510	4.287770E-10
26.095480	4.497293E-10
26.197611	4.563592E-10
26.296816	4.676960E-10
26.395821	4.644061E-10
26.495237	4.684551E-10
26.597567	4.822209E-10
26.696978	4.775140E-10
26.796093	4.914317E-10
26.895092	4.817653E-10
26.997705	4.818163E-10
27.096754	4.714916E-10
27.195997	4.469459E-10
27.298334	4.777672E-10
27.397600	4.835367E-10
27.496632	5.213422E-10
27.596304	4.807532E-10
27.698517	4.553471E-10
27.797688	4.902676E-10
27.896612	4.959360E-10
27.999208	5.009463E-10
28.098455	5.030724E-10
28.197737	5.014527E-10
28.296694	5.011995E-10
28.399458	5.107142E-10
28.498505	5.022623E-10
28.604319	5.085885E-10
28.703287	4.990739E-10
28.802372	5.089935E-10
28.904968	5.080825E-10
29.003855	5.117769E-10
29.103216	5.102588E-10
29.202124	5.102587E-10
29.304947	5.231642E-10
29.403919	5.156234E-10
29.503201	5.265551E-10
29.605383	5.106129E-10
29.704540	5.179515E-10
29.803492	5.229112E-10
29.902796	5.214433E-10
30.005136	5.228606E-10
