t (s)	Ids (Amps)
0.000000000000	-0.000000000074
0.500000000000	-0.000000000276
1.000000000000	-0.000000000141
1.500000000000	-0.000000000915
2.000000000000	0.000000000026
2.500000000000	-0.000000000756
3.000000000000	0.000000000234
3.500000000000	0.000000000034
4.000000000000	-0.000000000494
4.500000000000	-0.000000000134
5.000000000000	-0.000000000158
5.500000000000	-0.000000000060
6.000000000000	-0.000000000293
6.500000000000	-0.000000000202
7.000000000000	0.000000000006
7.500000000000	-0.000000000120
8.000000000000	-0.000000000087
8.500000000000	-0.000000000239
9.000000000000	-0.000000000116
9.500000000000	-0.000000000096
10.000000000000	-0.000000000154
10.500000000000	-0.000000000111
11.000000000000	-0.000000000327
11.500000000000	-0.000000000104
12.000000000000	0.000000000409
12.500000000000	-0.000000000348
13.000000000000	-0.000000000056
13.500000000000	-0.000000000297
14.000000000000	-0.000000000166
14.500000000000	-0.000000000118
15.000000000000	-0.000000000182
15.500000000000	0.000000000070
16.000000000000	-0.000000000247
16.500000000000	-0.000000000140
17.000000000000	-0.000000000240
17.500000000000	-0.000000000231
18.000000000000	-0.000000000150
18.500000000000	-0.000000000248
19.000000000000	-0.000000000183
19.500000000000	-0.000000000129
20.000000000000	-0.000000000099
20.500000000000	-0.000000000104
21.000000000000	-0.000000000126
21.500000000000	-0.000000000118
22.000000000000	-0.000000000143
22.500000000000	-0.000000000110
23.000000000000	-0.000000000100
23.500000000000	-0.000000000444
24.000000000000	-0.000000000131
24.500000000000	-0.000000000110
25.000000000000	-0.000000000141
25.500000000000	-0.000000000055
26.000000000000	-0.000000000013
26.500000000000	-0.000000000112
27.000000000000	-0.000000000263
27.500000000000	-0.000000000180
28.000000000000	-0.000000000161
28.500000000000	-0.000000000392
29.000000000000	-0.000000000164
29.500000000000	-0.000000000071
30.000000000000	0.000000000135
30.500000000000	0.000000015456
31.000000000000	0.000000000193
31.500000000000	0.000000000333
32.000000000000	0.000000000662
32.500000000000	0.000000000439
33.000000000000	0.000000017018
33.500000000000	0.000000001170
34.000000000000	0.000000000450
34.500000000000	0.000000000764
35.000000000000	0.000000000242
35.500000000000	0.000000000263
36.000000000000	0.000000000268
36.500000000000	0.000000000176
37.000000000000	0.000000000162
37.500000000000	0.000000000142
38.000000000000	0.000000000138
38.500000000000	0.000000000252
39.000000000000	0.000000000108
39.500000000000	0.000000000097
40.000000000000	-0.000000000050
40.500000000000	-0.000000015707
41.000000000000	-0.000000000407
41.500000000000	-0.000000000314
42.000000000000	-0.000000000771
42.500000000000	-0.000000000482
43.000000000000	-0.000000017487
43.500000000000	-0.000000000738
44.000000000000	-0.000000000504
44.500000000000	-0.000000000492
45.000000000000	-0.000000000390
45.500000000000	-0.000000000454
46.000000000000	-0.000000000543
46.500000000000	-0.000000000112
47.000000000000	0.000000020294
47.500000000000	-0.000000000021
48.000000000000	0.000000000100
48.500000000000	-0.000000000224
49.000000000000	0.000000000206
49.500000000000	0.000000000059
50.000000000000	0.000000000004
50.500000000000	-0.000000000063
51.000000000000	-0.000000000136
51.500000000000	-0.000000000198
52.000000000000	-0.000000000620
52.500000000000	-0.000000000438
53.000000000000	-0.000000013832
53.500000000000	-0.000000000764
54.000000000000	-0.000000000607
54.500000000000	-0.000000000948
55.000000000000	-0.000000000456
55.500000000000	-0.000000000436
56.000000000000	-0.000000000526
56.500000000000	-0.000000000377
57.000000000000	-0.000000000374
57.500000000000	-0.000000000269
58.000000000000	-0.000000000331
58.500000000000	-0.000000000502
59.000000000000	-0.000000000271
59.500000000000	-0.000000000294
60.000000000000	-0.000000000216
60.500000000000	-0.000000000285
61.000000000000	-0.000000000359
61.500000000000	-0.000000000295
62.000000000000	0.000000000349
62.500000000000	0.000000000113
63.000000000000	0.000000017774
63.500000000000	0.000000000259
64.000000000000	0.000000000255
64.500000000000	0.000000000686
65.000000000000	0.000000000114
65.500000000000	0.000000000040
66.000000000000	0.000000000043
66.500000000000	0.000000000026
67.000000000000	-0.000000000025
67.500000000000	-0.000000000044
68.000000000000	0.000000000022
68.500000000000	-0.000000000324
69.000000000000	-0.000000000044
69.500000000000	0.000000000030
70.000000000000	-0.000000000069
70.500000000000	-0.000000000094
71.000000000000	0.000000000181
71.500000000000	0.000000002169
72.000000000000	0.000000000922
72.500000000000	-0.000000000421
73.000000000000	-0.000000000631
73.500000000000	-0.000000000683
74.000000000000	-0.000000000439
74.500000000000	-0.000000000355
75.000000000000	-0.000000000384
75.500000000000	-0.000000000041
76.000000000000	-0.000000000050
76.500000000000	-0.000000000083
77.000000000000	-0.000000000050
77.500000000000	-0.000000000116
78.000000000000	-0.000000000083
78.500000000000	-0.000000000107
79.000000000000	-0.000000000110
79.500000000000	-0.000000000052
80.000000000000	-0.000000000073
80.500000000000	-0.000000000181
81.000000000000	0.000000000459
81.500000000000	0.000000000619
82.000000000000	0.000000000143
82.500000000000	-0.000000000676
83.000000000000	-0.000000000698
83.500000000000	-0.000000000426
84.000000000000	0.000000000033
84.500000000000	0.000000000427
85.000000000000	-0.000000000214
85.500000000000	-0.000000000209
86.000000000000	0.000000000048
86.500000000000	-0.000000000133
87.000000000000	-0.000000000040
87.500000000000	-0.000000000059
88.000000000000	-0.000000000091
88.500000000000	-0.000000000097
89.000000000000	-0.000000000115
89.500000000000	0.000000000017
90.000000000000	-0.000000000072
90.500000000000	-0.000000000122
91.000000000000	-0.000000000149
91.500000000000	-0.000000000169
92.000000000000	-0.000000000130
92.500000000000	-0.000000000071
93.000000000000	-0.000000000043
93.500000000000	-0.000000000197
94.000000000000	-0.000000000095
94.500000000000	-0.000000000102
95.000000000000	-0.000000000145
95.500000000000	0.000000000030
96.000000000000	-0.000000000186
96.500000000000	-0.000000000184
97.000000000000	-0.000000000159
97.500000000000	-0.000000000210
98.000000000000	-0.000000000114
98.500000000000	-0.000000000053
99.000000000000	-0.000000000177
99.500000000000	-0.000000000098
100.000000000000	-0.000000000115
100.500000000000	-0.000000000030
101.000000000000	-0.000000000161
101.500000000000	-0.000000000143
102.000000000000	-0.000000000612
102.500000000000	0.000000000173
103.000000000000	0.000000000558
103.500000000000	-0.000000000585
104.000000000000	-0.000000000234
104.500000000000	0.000000000003
105.000000000000	-0.000000000078
105.500000000000	-0.000000000110
106.000000000000	-0.000000000103
106.500000000000	-0.000000000048
107.000000000000	-0.000000000180
107.500000000000	-0.000000000128
108.000000000000	-0.000000000141
108.500000000000	-0.000000000126
109.000000000000	-0.000000000062
109.500000000000	-0.000000000121
110.000000000000	-0.000000000211
110.500000000000	-0.000000000128
111.000000000000	-0.000000000152
111.500000000000	-0.000000000161
112.000000000000	-0.000000000161
112.500000000000	-0.000000000091
113.000000000000	-0.000000000074
113.500000000000	-0.000000000216
114.000000000000	-0.000000000155
114.500000000000	-0.000000000059
115.000000000000	-0.000000000084
115.500000000000	-0.000000000080
116.000000000000	-0.000000000222
116.500000000000	-0.000000000135
117.000000000000	-0.000000000228
117.500000000000	-0.000000000086
118.000000000000	-0.000000000025
118.500000000000	-0.000000000185
119.000000000000	-0.000000000166
119.500000000000	-0.000000000111
120.000000000000	-0.000000000101
120.500000000000	0.000000000029
121.000000000000	-0.000000000121
121.500000000000	-0.000000000140
122.000000000000	-0.000000000175
122.500000000000	-0.000000000171
123.000000000000	-0.000000000083
123.500000000000	-0.000000000233
124.000000000000	-0.000000000122
124.500000000000	-0.000000000082
125.000000000000	-0.000000000144
125.500000000000	-0.000000000114
126.000000000000	-0.000000000009
126.500000000000	0.000000000015
127.000000000000	-0.000000000140
127.500000000000	-0.000000000080
128.000000000000	-0.000000000118
128.500000000000	-0.000000000204
129.000000000000	-0.000000000089
129.500000000000	-0.000000000114
130.000000000000	-0.000000000079
130.500000000000	-0.000000000166
131.000000000000	-0.000000000116
131.500000000000	-0.000000000120
132.000000000000	-0.000000000122
132.500000000000	-0.000000000130
133.000000000000	-0.000000000138
133.500000000000	-0.000000000145
134.000000000000	-0.000000000082
134.500000000000	-0.000000000128
135.000000000000	-0.000000000109
135.500000000000	-0.000000000129
136.000000000000	-0.000000000113
136.500000000000	-0.000000000277
137.000000000000	-0.000000000087
137.500000000000	-0.000000000108
138.000000000000	-0.000000000084
138.500000000000	-0.000000000135
139.000000000000	-0.000000000129
139.500000000000	-0.000000000043
140.000000000000	-0.000000000106
140.500000000000	-0.000000000113
141.000000000000	-0.000000000112
141.500000000000	-0.000000000029
142.000000000000	-0.000000000142
142.500000000000	-0.000000000087
143.000000000000	-0.000000000030
143.500000000000	-0.000000000127
144.000000000000	-0.000000000369
144.500000000000	-0.000000000059
145.000000000000	-0.000000000323
145.500000000000	-0.000000000525
146.000000000000	-0.000000000202
146.500000000000	-0.000000000182
147.000000000000	-0.000000000198
147.500000000000	-0.000000000048
148.000000000000	0.000000000115
148.500000000000	-0.000000000123
149.000000000000	-0.000000000165
149.500000000000	-0.000000000049
150.000000000000	-0.000000000075
150.500000000000	-0.000000000112
151.000000000000	-0.000000000131
151.500000000000	-0.000000000098
152.000000000000	-0.000000000033
152.500000000000	-0.000000000186
153.000000000000	-0.000000000408
153.500000000000	-0.000000000044
154.000000000000	-0.000000000096
154.500000000000	-0.000000000056
155.000000000000	0.000000000137
155.500000000000	-0.000000000089
156.000000000000	-0.000000000341
156.500000000000	-0.000000000104
157.000000000000	-0.000000000070
157.500000000000	-0.000000000131
158.000000000000	-0.000000000143
158.500000000000	-0.000000000089
159.000000000000	-0.000000000124
159.500000000000	-0.000000000058
160.000000000000	-0.000000000110
160.500000000000	-0.000000000136
161.000000000000	0.000000000330
161.500000000000	0.000000001076
162.000000000000	-0.000000000136
162.500000000000	-0.000000000136
163.000000000000	-0.000000000376
163.500000000000	-0.000000000329
164.000000000000	-0.000000000071
164.500000000000	-0.000000000148
165.000000000000	-0.000000000231
165.500000000000	0.000000000011
166.000000000000	-0.000000000086
166.500000000000	-0.000000000131
167.000000000000	-0.000000000044
167.500000000000	-0.000000000099
168.000000000000	-0.000000000198
168.500000000000	-0.000000000095
169.000000000000	-0.000000000077
169.500000000000	-0.000000000054
170.000000000000	-0.000000000106
170.500000000000	-0.000000000128
171.000000000000	-0.000000000072
171.500000000000	-0.000000000142
172.000000000000	-0.000000000038
172.500000000000	-0.000000000120
173.000000000000	-0.000000000114
173.500000000000	-0.000000000081
174.000000000000	-0.000000000097
174.500000000000	-0.000000000048
175.000000000000	-0.000000000104
175.500000000000	-0.000000000136
176.000000000000	-0.000000000047
176.500000000000	-0.000000000087
177.000000000000	-0.000000000053
177.500000000000	-0.000000000198
178.000000000000	-0.000000000138
178.500000000000	-0.000000000097
179.000000000000	-0.000000000112
179.500000000000	-0.000000000053
180.000000000000	-0.000000000113
180.500000000000	-0.000000000119
181.000000000000	-0.000000000095
181.500000000000	-0.000000000072
182.000000000000	-0.000000000093
182.500000000000	-0.000000000103
183.000000000000	-0.000000000125
183.500000000000	-0.000000000161
184.000000000000	-0.000000000121
184.500000000000	-0.000000000163
185.000000000000	-0.000000000119
185.500000000000	-0.000000000093
186.000000000000	-0.000000000141
186.500000000000	-0.000000000149
187.000000000000	-0.000000000061
187.500000000000	-0.000000000113
188.000000000000	-0.000000000128
188.500000000000	-0.000000000136
189.000000000000	-0.000000000107
189.500000000000	-0.000000000136
190.000000000000	-0.000000000126
190.500000000000	-0.000000000134
191.000000000000	-0.000000000077
191.500000000000	-0.000000000268
192.000000000000	0.000000000005
192.500000000000	-0.000000000150
193.000000000000	-0.000000000138
193.500000000000	-0.000000000074
194.000000000000	-0.000000000168
194.500000000000	-0.000000000035
195.000000000000	-0.000000000124
195.500000000000	-0.000000000127
196.000000000000	-0.000000000238
196.500000000000	0.000000000008
197.000000000000	-0.000000000458
197.500000000000	-0.000000000620
198.000000000000	-0.000000000310
198.500000000000	-0.000000000416
199.000000000000	-0.000000000227
199.500000000000	-0.000000000065
200.000000000000	-0.000000000060
200.500000000000	0.000000000093
201.000000000000	0.000000000065
201.500000000000	0.000000000093
202.000000000000	-0.000000000010
202.500000000000	-0.000000000110
203.000000000000	0.000000000195
203.500000000000	0.000000000028
204.000000000000	0.000000000061
204.500000000000	-0.000000000055
205.000000000000	-0.000000000215
205.500000000000	-0.000000000140
206.000000000000	-0.000000000083
206.500000000000	-0.000000000139
207.000000000000	-0.000000000175
207.500000000000	-0.000000000121
208.000000000000	-0.000000000068
208.500000000000	-0.000000000039
209.000000000000	-0.000000000074
209.500000000000	-0.000000000021
210.000000000000	-0.000000000067
210.500000000000	-0.000000000064
211.000000000000	-0.000000000130
211.500000000000	-0.000000000072
212.000000000000	-0.000000000067
212.500000000000	-0.000000000343
213.000000000000	-0.000000000347
213.500000000000	-0.000000000109
214.000000000000	-0.000000000064
214.500000000000	0.000000000100
215.000000000000	0.000000000222
215.500000000000	0.000000000887
216.000000000000	-0.000000000213
216.500000000000	-0.000000000250
217.000000000000	-0.000000000062
217.500000000000	-0.000000000122
218.000000000000	-0.000000000023
218.500000000000	-0.000000000028
219.000000000000	-0.000000000119
219.500000000000	-0.000000000132
220.000000000000	-0.000000000160
220.500000000000	-0.000000000191
221.000000000000	-0.000000000112
221.500000000000	-0.000000000264
222.000000000000	-0.000000000733
222.500000000000	-0.000000000254
223.000000000000	-0.000000000039
223.500000000000	-0.000000000062
224.000000000000	0.000000000035
224.500000000000	-0.000000000123
225.000000000000	-0.000000000038
225.500000000000	-0.000000000344
226.000000000000	-0.000000000063
226.500000000000	-0.000000000098
227.000000000000	-0.000000000060
227.500000000000	-0.000000000123
228.000000000000	-0.000000000094
228.500000000000	0.000000000001
229.000000000000	-0.000000000094
229.500000000000	-0.000000000086
230.000000000000	-0.000000000105
230.500000000000	-0.000000000083
231.000000000000	-0.000000000101
231.500000000000	-0.000000000060
232.000000000000	-0.000000000095
232.500000000000	-0.000000000118
233.000000000000	-0.000000000112
233.500000000000	-0.000000000089
234.000000000000	-0.000000000106
234.500000000000	0.000000000001
235.000000000000	-0.000000000023
235.500000000000	-0.000000000021
236.000000000000	-0.000000000149
236.500000000000	-0.000000000074
237.000000000000	-0.000000000048
237.500000000000	-0.000000000141
238.000000000000	-0.000000000022
238.500000000000	-0.000000000087
239.000000000000	-0.000000000134
239.500000000000	-0.000000000163
