Voltage   	Current	
19.989580	-3.870440E-10
19.001050	3.090329E-10
18.000720	4.413750E-10
17.001390	6.574241E-10
16.000860	8.780281E-10
15.001220	1.176366E-9
14.000660	1.503755E-9
13.001180	1.809988E-9
12.000780	2.026646E-9
11.001250	2.328579E-9
10.001050	2.703994E-9
9.001220	2.882594E-9
8.000958	3.184627E-9
7.000307	3.551944E-9
6.001354	3.831053E-9
5.000132	4.224286E-9
4.001020	4.527684E-9
3.000527	4.882200E-9
2.000974	5.201488E-9
1.000168	5.552564E-9
0.000868	5.849939E-9
0.998734	6.086745E-9
1.999270	6.508919E-9
2.998536	6.937469E-9
3.999068	7.388654E-9
4.998127	7.788000E-9
5.998968	8.117820E-9
6.998213	8.558323E-9
7.998594	8.931812E-9
8.999477	9.232536E-9
9.998533	9.549952E-9
10.999100	9.935741E-9
11.998480	1.025660E-8
12.998950	1.077807E-8
13.998390	1.089655E-8
14.998750	1.124889E-8
15.998320	1.149287E-8
16.998650	1.191111E-8
17.998100	1.220590E-8
18.998660	1.246998E-8
