Voltage   	Current	
19.988720	1.195742E-8
19.000310	5.781672E-9
17.999450	5.733342E-9
17.000200	5.702773E-9
15.999910	5.418200E-9
15.000390	5.628733E-9
14.000360	4.553244E-9
13.000910	5.431911E-9
12.000650	5.218190E-9
11.001340	5.079420E-9
10.000640	5.064846E-9
9.001160	4.799356E-9
8.000838	4.733765E-9
6.999968	4.426165E-9
6.000925	4.127167E-9
5.000093	3.932578E-9
4.000965	3.707418E-9
3.000270	3.524618E-9
2.000790	3.196521E-9
1.000275	2.763967E-9
0.000662	2.552675E-9
0.998769	2.324987E-9
1.999270	1.901543E-9
2.998635	1.990360E-9
3.999274	1.587514E-9
4.998394	1.518432E-9
5.998874	1.471114E-9
6.997814	1.256734E-9
7.998590	1.020998E-9
8.998727	5.862682E-10
9.998181	6.141536E-10
10.998660	5.026118E-10
11.998030	3.717373E-10
12.998350	3.480017E-10
13.997660	2.380790E-10
14.998400	2.049780E-10
15.997900	1.846821E-10
16.998490	1.558347E-11
17.998010	-5.016099E-12
18.998610	-1.933984E-10
