Voltage   	Current	
29.980250	2.207390E-8
28.999740	1.767498E-8
28.000380	1.677789E-8
27.000490	1.590433E-8
26.000980	1.512667E-8
25.000420	1.424920E-8
24.001020	1.324585E-8
23.000230	1.224819E-8
22.000170	1.103150E-8
21.000200	9.808990E-9
19.999980	8.813104E-9
19.000670	7.553601E-9
18.000040	6.716225E-9
17.000600	5.852079E-9
16.000150	5.162631E-9
15.000650	4.384217E-9
14.000230	3.689456E-9
13.001410	3.238682E-9
12.000750	2.623835E-9
11.001560	2.253327E-9
10.000630	1.954734E-9
9.001486	1.588073E-9
8.001075	1.320200E-9
7.000319	9.590544E-10
6.001260	8.835457E-10
5.000175	7.067686E-10
4.000862	5.382410E-10
3.000107	4.001291E-10
2.000644	2.978485E-10
0.999940	1.558830E-10
0.000366	8.401224E-11
0.998456	4.018109E-11
1.998970	-4.414077E-11
2.998489	-8.569412E-11
3.999106	-1.234517E-10
4.998252	-2.053440E-10
5.998942	-2.141507E-10
6.998007	-2.365721E-10
7.998684	-2.755444E-10
8.998937	-3.048998E-10
9.998108	-3.396208E-10
10.998950	-3.393681E-10
11.998180	-3.652314E-10
12.999360	-3.662944E-10
13.997930	-3.905887E-10
14.998240	-4.175146E-10
15.998240	-4.399365E-10
16.998110	-4.417588E-10
17.997580	-4.656991E-10
18.998310	-4.729365E-10
19.997490	-4.694947E-10
20.997800	-5.003185E-10
21.997140	-5.225375E-10
22.997870	-5.001667E-10
23.997980	-5.548794E-10
24.997580	-5.487557E-10
25.997950	-5.875755E-10
26.997550	-6.120218E-10
27.997920	-6.102502E-10
28.997450	-6.245741E-10
