t (s)	Ids (Amps)
0.000000000000	0.000000000351
0.500000000000	-0.000000000363
1.000000000000	0.000000000363
1.500000000000	0.000000000300
2.000000000000	0.000000000055
2.500000000000	-0.000000000169
3.000000000000	-0.000000002467
3.500000000000	-0.000000000285
4.000000000000	-0.000000000263
4.500000000000	-0.000000000231
5.000000000000	-0.000000000203
5.500000000000	-0.000000000225
6.000000000000	-0.000000000224
6.500000000000	-0.000000000225
7.000000000000	-0.000000000235
7.500000000000	-0.000000000224
8.000000000000	-0.000000000217
8.500000000000	-0.000000000220
9.000000000000	-0.000000000211
9.500000000000	0.000000000070
10.000000000000	0.000000000655
10.500000000000	0.000000004045
11.000000000000	0.000000001435
11.500000000000	0.000000001390
12.000000000000	0.000000001400
12.500000000000	0.000000001352
13.000000000000	0.000000001366
13.500000000000	0.000000001318
14.000000000000	0.000000001309
14.500000000000	0.000000001315
15.000000000000	0.000000001312
15.500000000000	0.000000001268
16.000000000000	0.000000001294
16.500000000000	0.000000001275
17.000000000000	0.000000001268
17.500000000000	0.000000001279
18.000000000000	0.000000001291
18.500000000000	0.000000001263
19.000000000000	0.000000001247
19.500000000000	0.000000001245
20.000000000000	0.000000001254
20.500000000000	0.000000001250
21.000000000000	0.000000001245
21.500000000000	0.000000001257
22.000000000000	0.000000001232
22.500000000000	0.000000001216
23.000000000000	0.000000001215
23.500000000000	0.000000001208
24.000000000000	0.000000001182
24.500000000000	0.000000001179
25.000000000000	0.000000001200
25.500000000000	0.000000001198
26.000000000000	0.000000001210
26.500000000000	0.000000001211
27.000000000000	0.000000001215
27.500000000000	0.000000001185
28.000000000000	0.000000001186
28.500000000000	0.000000001184
29.000000000000	0.000000001195
29.500000000000	0.000000001170
30.000000000000	0.000000001181
30.500000000000	0.000000001168
31.000000000000	0.000000001169
31.500000000000	0.000000001151
32.000000000000	0.000000001146
32.500000000000	0.000000001124
33.000000000000	0.000000001120
33.500000000000	0.000000001141
34.000000000000	0.000000001149
34.500000000000	0.000000001154
35.000000000000	0.000000001162
35.500000000000	0.000000001161
36.000000000000	0.000000001145
36.500000000000	0.000000001156
37.000000000000	0.000000001155
37.500000000000	0.000000001151
38.000000000000	0.000000001141
38.500000000000	0.000000001129
39.000000000000	0.000000001155
39.500000000000	0.000000001136
40.000000000000	0.000000001138
40.500000000000	0.000000001135
41.000000000000	0.000000001121
41.500000000000	0.000000001129
42.000000000000	0.000000001128
42.500000000000	0.000000001112
43.000000000000	0.000000001126
43.500000000000	0.000000001126
44.000000000000	0.000000001120
44.500000000000	0.000000001123
45.000000000000	0.000000001105
45.500000000000	0.000000001114
46.000000000000	0.000000001105
46.500000000000	0.000000001100
47.000000000000	0.000000001121
47.500000000000	0.000000001097
48.000000000000	0.000000001115
48.500000000000	0.000000001107
49.000000000000	0.000000001104
49.500000000000	0.000000001093
50.000000000000	0.000000001093
50.500000000000	0.000000001117
51.000000000000	0.000000001100
51.500000000000	0.000000001111
52.000000000000	0.000000001086
52.500000000000	0.000000001088
53.000000000000	0.000000001104
53.500000000000	0.000000001104
54.000000000000	0.000000001135
54.500000000000	0.000000001127
55.000000000000	0.000000001097
55.500000000000	0.000000001101
56.000000000000	0.000000001099
56.500000000000	0.000000001116
57.000000000000	0.000000001114
57.500000000000	0.000000001095
58.000000000000	0.000000001095
58.500000000000	0.000000001107
59.000000000000	0.000000001086
59.500000000000	0.000000001097
60.000000000000	0.000000001103
60.500000000000	0.000000001078
61.000000000000	0.000000001074
61.500000000000	0.000000001075
62.000000000000	0.000000001071
62.500000000000	0.000000001069
63.000000000000	0.000000001078
63.500000000000	0.000000001075
64.000000000000	0.000000001058
64.500000000000	0.000000001073
65.000000000000	0.000000001067
65.500000000000	0.000000001061
66.000000000000	0.000000001065
66.500000000000	0.000000001047
67.000000000000	0.000000001075
67.500000000000	0.000000001084
68.000000000000	0.000000001062
68.500000000000	0.000000001065
69.000000000000	0.000000001076
69.500000000000	0.000000001061
70.000000000000	0.000000001050
70.500000000000	0.000000001068
71.000000000000	0.000000001072
71.500000000000	0.000000001076
72.000000000000	0.000000001069
72.500000000000	0.000000001076
73.000000000000	0.000000001078
73.500000000000	0.000000001048
74.000000000000	0.000000001051
74.500000000000	0.000000001038
75.000000000000	0.000000001079
75.500000000000	0.000000001066
76.000000000000	0.000000001064
76.500000000000	0.000000001057
77.000000000000	0.000000001051
77.500000000000	0.000000001056
78.000000000000	0.000000001045
78.500000000000	0.000000001053
79.000000000000	0.000000001067
79.500000000000	0.000000001051
80.000000000000	0.000000001066
80.500000000000	0.000000001064
81.000000000000	0.000000001097
81.500000000000	0.000000001088
82.000000000000	0.000000001051
82.500000000000	0.000000001045
83.000000000000	0.000000001041
83.500000000000	0.000000001035
84.000000000000	0.000000001073
84.500000000000	0.000000001088
85.000000000000	0.000000001085
85.500000000000	0.000000001044
86.000000000000	0.000000001045
86.500000000000	0.000000001042
87.000000000000	0.000000001030
87.500000000000	0.000000001039
88.000000000000	0.000000001056
88.500000000000	0.000000001037
89.000000000000	0.000000001040
89.500000000000	0.000000001040
90.000000000000	0.000000001048
90.500000000000	0.000000001038
91.000000000000	0.000000001027
91.500000000000	0.000000001033
92.000000000000	0.000000001042
92.500000000000	0.000000001041
93.000000000000	0.000000001057
93.500000000000	0.000000001033
94.000000000000	0.000000001051
94.500000000000	0.000000001050
95.000000000000	0.000000001058
95.500000000000	0.000000001050
96.000000000000	0.000000001048
96.500000000000	0.000000001052
97.000000000000	0.000000001051
97.500000000000	0.000000001069
98.000000000000	0.000000001063
98.500000000000	0.000000001064
99.000000000000	0.000000001051
99.500000000000	0.000000001054
100.000000000000	0.000000001044
100.500000000000	0.000000001074
101.000000000000	0.000000001040
101.500000000000	0.000000001063
102.000000000000	0.000000001063
102.500000000000	0.000000001065
103.000000000000	0.000000001075
103.500000000000	0.000000001072
104.000000000000	0.000000001044
104.500000000000	0.000000001062
105.000000000000	0.000000001083
105.500000000000	0.000000001075
106.000000000000	0.000000001076
106.500000000000	0.000000001034
107.000000000000	0.000000001059
107.500000000000	0.000000001044
108.000000000000	0.000000001044
108.500000000000	0.000000001049
109.000000000000	0.000000001041
109.500000000000	0.000000001061
110.000000000000	0.000000001056
110.500000000000	0.000000001056
111.000000000000	0.000000001046
111.500000000000	0.000000001094
112.000000000000	0.000000001046
112.500000000000	0.000000001065
113.000000000000	0.000000001060
113.500000000000	0.000000001048
114.000000000000	0.000000001145
114.500000000000	0.000000001058
115.000000000000	0.000000001063
115.500000000000	0.000000001028
116.000000000000	0.000000001031
116.500000000000	0.000000001031
117.000000000000	0.000000001027
117.500000000000	0.000000001072
118.000000000000	0.000000001683
118.500000000000	0.000000000823
119.000000000000	0.000000000256
119.500000000000	0.000000000376
120.000000000000	0.000000000403
120.500000000000	0.000000000727
121.000000000000	0.000000000748
121.500000000000	0.000000000719
122.000000000000	0.000000001502
122.500000000000	0.000000001758
123.000000000000	0.000000001957
123.500000000000	0.000000002145
124.000000000000	0.000000002104
124.500000000000	0.000000002705
125.000000000000	0.000000002853
125.500000000000	0.000000002914
126.000000000000	0.000000002666
126.500000000000	0.000000002658
127.000000000000	0.000000002633
127.500000000000	0.000000002637
128.000000000000	0.000000002636
128.500000000000	0.000000002646
129.000000000000	0.000000002612
129.500000000000	0.000000002601
130.000000000000	0.000000001862
130.500000000000	-0.000000001684
131.000000000000	-0.000000000123
131.500000000000	-0.000000000075
132.000000000000	-0.000000000068
132.500000000000	-0.000000000041
133.000000000000	-0.000000000041
133.500000000000	-0.000000000057
134.000000000000	0.000000000019
134.500000000000	-0.000000000040
135.000000000000	-0.000000000009
135.500000000000	-0.000000000022
136.000000000000	-0.000000000007
136.500000000000	0.000000000014
137.000000000000	0.000000000011
137.500000000000	0.000000000038
138.000000000000	0.000000000030
138.500000000000	0.000000000043
139.000000000000	0.000000000055
139.500000000000	0.000000000053
140.000000000000	0.000000000054
140.500000000000	0.000000000053
141.000000000000	0.000000000086
141.500000000000	0.000000000081
142.000000000000	0.000000000093
142.500000000000	0.000000000102
143.000000000000	0.000000000110
143.500000000000	0.000000000110
144.000000000000	0.000000000107
144.500000000000	0.000000000102
145.000000000000	0.000000000106
145.500000000000	0.000000000121
146.000000000000	0.000000000131
146.500000000000	0.000000000123
147.000000000000	0.000000000118
147.500000000000	0.000000000137
148.000000000000	0.000000000142
148.500000000000	0.000000000142
149.000000000000	0.000000000147
149.500000000000	0.000000000142
150.000000000000	0.000000000153
150.500000000000	0.000000000154
151.000000000000	0.000000000161
151.500000000000	0.000000000153
152.000000000000	0.000000000161
152.500000000000	0.000000000166
153.000000000000	0.000000000169
153.500000000000	0.000000000172
154.000000000000	0.000000000163
154.500000000000	0.000000000179
155.000000000000	0.000000000169
155.500000000000	0.000000000163
156.000000000000	0.000000000176
156.500000000000	0.000000000168
157.000000000000	0.000000000168
157.500000000000	0.000000000155
158.000000000000	0.000000000174
158.500000000000	0.000000000166
159.000000000000	0.000000000178
159.500000000000	0.000000000189
160.000000000000	0.000000000178
160.500000000000	0.000000000189
161.000000000000	0.000000000182
161.500000000000	0.000000000175
162.000000000000	0.000000000175
162.500000000000	0.000000000176
163.000000000000	0.000000000195
163.500000000000	0.000000000188
164.000000000000	0.000000000193
164.500000000000	0.000000000193
165.000000000000	0.000000000192
165.500000000000	0.000000000204
166.000000000000	0.000000000193
166.500000000000	0.000000000193
167.000000000000	0.000000000203
167.500000000000	0.000000000189
168.000000000000	0.000000000203
168.500000000000	0.000000000211
169.000000000000	0.000000000195
169.500000000000	0.000000000200
170.000000000000	0.000000000197
170.500000000000	0.000000000187
171.000000000000	0.000000000195
171.500000000000	0.000000000191
172.000000000000	0.000000000197
172.500000000000	0.000000000202
173.000000000000	0.000000000199
173.500000000000	0.000000000191
174.000000000000	0.000000000204
174.500000000000	0.000000000206
175.000000000000	0.000000000195
175.500000000000	0.000000000194
176.000000000000	0.000000000204
176.500000000000	0.000000000217
177.000000000000	0.000000000210
177.500000000000	0.000000000216
178.000000000000	0.000000000205
178.500000000000	0.000000000219
179.000000000000	0.000000000196
179.500000000000	0.000000000220
180.000000000000	0.000000000224
180.500000000000	0.000000000211
181.000000000000	0.000000000209
181.500000000000	0.000000000212
182.000000000000	0.000000000218
182.500000000000	0.000000000192
183.000000000000	0.000000000224
183.500000000000	0.000000000206
184.000000000000	0.000000000209
184.500000000000	0.000000000231
185.000000000000	0.000000000223
185.500000000000	0.000000000231
186.000000000000	0.000000000224
186.500000000000	0.000000000223
187.000000000000	0.000000000220
187.500000000000	0.000000000231
188.000000000000	0.000000000225
188.500000000000	0.000000000220
189.000000000000	0.000000000234
189.500000000000	0.000000000228
190.000000000000	0.000000000257
190.500000000000	0.000000000229
191.000000000000	0.000000000228
191.500000000000	0.000000000231
192.000000000000	0.000000000232
192.500000000000	0.000000000230
193.000000000000	0.000000000239
193.500000000000	0.000000000254
194.000000000000	0.000000000235
194.500000000000	0.000000000240
195.000000000000	0.000000000240
195.500000000000	0.000000000238
196.000000000000	0.000000000235
196.500000000000	0.000000000246
197.000000000000	0.000000000263
197.500000000000	0.000000000258
198.000000000000	0.000000000255
198.500000000000	0.000000000247
199.000000000000	0.000000000242
199.500000000000	0.000000000237
200.000000000000	0.000000000254
200.500000000000	0.000000000245
201.000000000000	0.000000000242
201.500000000000	0.000000000255
202.000000000000	0.000000000260
202.500000000000	0.000000000248
203.000000000000	0.000000000256
203.500000000000	0.000000000245
204.000000000000	0.000000000254
204.500000000000	0.000000000250
205.000000000000	0.000000000236
205.500000000000	0.000000000233
206.000000000000	0.000000000248
206.500000000000	0.000000000262
207.000000000000	0.000000000470
207.500000000000	0.000000000205
208.000000000000	0.000000000277
208.500000000000	0.000000000268
209.000000000000	0.000000000250
209.500000000000	0.000000000252
210.000000000000	0.000000000249
210.500000000000	0.000000000260
211.000000000000	0.000000000252
211.500000000000	0.000000000254
212.000000000000	0.000000000247
212.500000000000	0.000000000252
213.000000000000	0.000000000242
213.500000000000	0.000000000251
214.000000000000	0.000000000269
214.500000000000	0.000000000250
215.000000000000	0.000000000247
215.500000000000	0.000000000250
216.000000000000	0.000000000243
216.500000000000	0.000000000250
217.000000000000	0.000000000253
217.500000000000	0.000000000251
218.000000000000	0.000000000251
218.500000000000	0.000000000253
219.000000000000	0.000000000256
219.500000000000	0.000000000262
220.000000000000	0.000000000258
220.500000000000	0.000000000256
221.000000000000	0.000000000264
221.500000000000	0.000000000269
222.000000000000	0.000000000265
222.500000000000	0.000000000263
223.000000000000	0.000000000266
223.500000000000	0.000000000260
224.000000000000	0.000000000263
224.500000000000	0.000000000260
225.000000000000	0.000000000267
225.500000000000	0.000000000256
226.000000000000	0.000000000259
226.500000000000	0.000000000261
227.000000000000	0.000000000256
227.500000000000	0.000000000258
228.000000000000	0.000000000262
228.500000000000	0.000000000267
229.000000000000	0.000000000262
229.500000000000	0.000000000261
230.000000000000	0.000000000258
230.500000000000	0.000000000267
231.000000000000	0.000000000274
231.500000000000	0.000000000258
232.000000000000	0.000000000266
232.500000000000	0.000000000259
233.000000000000	0.000000000309
233.500000000000	0.000000000282
234.000000000000	0.000000000184
234.500000000000	0.000000000231
235.000000000000	0.000000000255
235.500000000000	0.000000000258
236.000000000000	0.000000000261
236.500000000000	0.000000000228
237.000000000000	0.000000000148
237.500000000000	0.000000000349
238.000000000000	0.000000001295
238.500000000000	0.000000000545
239.000000000000	0.000000000300
239.500000000000	0.000000000172
240.000000000000	0.000000000235
240.500000000000	0.000000000198
241.000000000000	0.000000000218
241.500000000000	-0.000000000104
242.000000000000	-0.000000000284
242.500000000000	-0.000000000260
243.000000000000	-0.000000000245
243.500000000000	-0.000000000245
244.000000000000	-0.000000000185
244.500000000000	-0.000000000188
245.000000000000	-0.000000000252
245.500000000000	-0.000000000276
246.000000000000	-0.000000000239
246.500000000000	-0.000000000232
247.000000000000	-0.000000000227
247.500000000000	-0.000000000222
248.000000000000	-0.000000000200
248.500000000000	-0.000000000215
249.000000000000	-0.000000000211
249.500000000000	-0.000000000214
250.000000000000	-0.000000000217
250.500000000000	-0.000000000217
251.000000000000	-0.000000000219
251.500000000000	-0.000000000214
252.000000000000	-0.000000000211
252.500000000000	-0.000000000212
253.000000000000	-0.000000000208
253.500000000000	-0.000000000211
254.000000000000	-0.000000000210
254.500000000000	-0.000000000215
255.000000000000	-0.000000000209
255.500000000000	-0.000000000215
256.000000000000	-0.000000000209
256.500000000000	-0.000000000204
257.000000000000	-0.000000000209
257.500000000000	-0.000000000204
258.000000000000	-0.000000000210
258.500000000000	-0.000000000213
259.000000000000	-0.000000000209
259.500000000000	-0.000000000209
260.000000000000	-0.000000000207
260.500000000000	-0.000000000206
261.000000000000	-0.000000000204
261.500000000000	-0.000000000206
262.000000000000	-0.000000000202
262.500000000000	-0.000000000204
263.000000000000	-0.000000000205
263.500000000000	-0.000000000204
264.000000000000	-0.000000000208
264.500000000000	-0.000000000209
265.000000000000	-0.000000000196
265.500000000000	-0.000000000203
266.000000000000	-0.000000000201
266.500000000000	-0.000000000201
267.000000000000	-0.000000000204
267.500000000000	-0.000000000212
268.000000000000	-0.000000000202
268.500000000000	-0.000000000202
269.000000000000	-0.000000000202
269.500000000000	-0.000000000202
270.000000000000	-0.000000000192
270.500000000000	-0.000000000163
271.000000000000	-0.000000000230
271.500000000000	-0.000000000119
272.000000000000	0.000000000825
272.500000000000	0.000000001344
273.000000000000	0.000000001651
273.500000000000	0.000000001552
274.000000000000	0.000000001551
274.500000000000	0.000000001515
275.000000000000	0.000000001486
275.500000000000	0.000000001476
276.000000000000	0.000000001444
276.500000000000	0.000000001455
277.000000000000	0.000000001448
277.500000000000	0.000000001430
278.000000000000	0.000000001439
278.500000000000	0.000000001418
279.000000000000	0.000000001430
279.500000000000	0.000000001432
280.000000000000	0.000000001401
280.500000000000	0.000000001398
281.000000000000	0.000000001407
281.500000000000	0.000000001405
282.000000000000	0.000000001405
282.500000000000	0.000000001380
283.000000000000	0.000000001366
283.500000000000	0.000000001360
284.000000000000	0.000000001372
284.500000000000	0.000000001382
285.000000000000	0.000000001381
285.500000000000	0.000000001382
286.000000000000	0.000000001367
286.500000000000	0.000000001376
287.000000000000	0.000000001367
287.500000000000	0.000000001353
288.000000000000	0.000000001335
288.500000000000	0.000000001358
289.000000000000	0.000000001332
289.500000000000	0.000000001332
290.000000000000	0.000000001341
290.500000000000	0.000000001329
291.000000000000	0.000000001353
291.500000000000	0.000000001330
292.000000000000	0.000000001334
292.500000000000	0.000000001326
293.000000000000	0.000000001321
293.500000000000	0.000000001315
294.000000000000	0.000000001318
294.500000000000	0.000000001322
295.000000000000	0.000000001342
295.500000000000	0.000000001330
296.000000000000	0.000000001336
296.500000000000	0.000000001325
297.000000000000	0.000000001336
297.500000000000	0.000000001300
298.000000000000	0.000000001295
298.500000000000	0.000000001300
299.000000000000	0.000000001297
299.500000000000	0.000000001296
300.000000000000	0.000000001310
300.500000000000	0.000000001312
301.000000000000	0.000000001317
301.500000000000	0.000000001296
302.000000000000	0.000000001259
302.500000000000	0.000000001310
303.000000000000	0.000000001293
303.500000000000	0.000000001286
304.000000000000	0.000000001282
304.500000000000	0.000000001295
305.000000000000	0.000000001269
305.500000000000	0.000000001275
306.000000000000	0.000000001318
306.500000000000	0.000000001316
307.000000000000	0.000000001306
307.500000000000	0.000000001315
308.000000000000	0.000000001293
308.500000000000	0.000000001302
309.000000000000	0.000000001302
309.500000000000	0.000000001299
310.000000000000	0.000000001289
310.500000000000	0.000000001289
311.000000000000	0.000000001297
311.500000000000	0.000000001298
312.000000000000	0.000000001299
312.500000000000	0.000000001307
313.000000000000	0.000000001275
313.500000000000	0.000000001272
314.000000000000	0.000000001263
314.500000000000	0.000000001263
315.000000000000	0.000000001265
315.500000000000	0.000000001277
316.000000000000	0.000000001278
316.500000000000	0.000000001275
317.000000000000	0.000000001274
317.500000000000	0.000000001264
318.000000000000	0.000000001289
318.500000000000	0.000000001304
319.000000000000	0.000000001257
319.500000000000	0.000000001265
320.000000000000	0.000000001250
320.500000000000	0.000000001244
321.000000000000	0.000000001275
321.500000000000	0.000000001247
322.000000000000	0.000000001269
322.500000000000	0.000000001254
323.000000000000	0.000000001283
323.500000000000	0.000000001269
324.000000000000	0.000000001254
324.500000000000	0.000000001266
325.000000000000	0.000000001289
325.500000000000	0.000000001281
326.000000000000	0.000000001250
326.500000000000	0.000000001247
327.000000000000	0.000000001247
327.500000000000	0.000000001242
328.000000000000	0.000000001258
328.500000000000	0.000000001275
329.000000000000	0.000000001277
329.500000000000	0.000000001277
330.000000000000	0.000000001260
330.500000000000	0.000000001243
331.000000000000	0.000000001274
331.500000000000	0.000000001268
332.000000000000	0.000000001284
332.500000000000	0.000000001275
333.000000000000	0.000000001260
333.500000000000	0.000000001250
334.000000000000	0.000000001263
334.500000000000	0.000000001262
335.000000000000	0.000000001260
335.500000000000	0.000000001275
336.000000000000	0.000000001265
336.500000000000	0.000000001262
337.000000000000	0.000000001244
337.500000000000	0.000000001260
338.000000000000	0.000000001245
338.500000000000	0.000000001257
339.000000000000	0.000000001241
339.500000000000	0.000000001265
340.000000000000	0.000000001249
340.500000000000	0.000000001261
341.000000000000	0.000000001264
341.500000000000	0.000000001268
342.000000000000	0.000000001262
342.500000000000	0.000000001260
343.000000000000	0.000000001224
343.500000000000	0.000000001255
344.000000000000	0.000000001281
344.500000000000	0.000000001256
345.000000000000	0.000000001243
345.500000000000	0.000000001252
346.000000000000	0.000000001233
346.500000000000	0.000000001247
347.000000000000	0.000000001240
347.500000000000	0.000000001237
348.000000000000	0.000000001238
348.500000000000	0.000000001257
349.000000000000	0.000000001245
349.500000000000	0.000000001227
350.000000000000	0.000000001231
350.500000000000	0.000000001238
351.000000000000	0.000000001212
351.500000000000	0.000000001226
352.000000000000	0.000000001238
352.500000000000	0.000000001253
353.000000000000	0.000000001234
353.500000000000	0.000000001304
354.000000000000	0.000000001155
354.500000000000	0.000000001233
355.000000000000	0.000000001227
355.500000000000	0.000000000302
356.000000000000	0.000000000017
356.500000000000	0.000000000579
357.000000000000	0.000000000246
357.500000000000	0.000000000236
358.000000000000	0.000000000112
358.500000000000	0.000000000291
359.000000000000	0.000000000229
359.500000000000	0.000000001722
360.000000000000	0.000000001654
360.500000000000	0.000000002300
361.000000000000	0.000000002659
361.500000000000	0.000000002737
362.000000000000	0.000000002691
362.500000000000	0.000000002676
363.000000000000	0.000000002729
363.500000000000	0.000000002727
364.000000000000	0.000000002605
364.500000000000	0.000000002590
365.000000000000	0.000000002581
365.500000000000	0.000000002612
366.000000000000	0.000000002588
366.500000000000	0.000000002593
367.000000000000	0.000000002577
367.500000000000	0.000000002571
368.000000000000	0.000000002540
368.500000000000	0.000000002546
369.000000000000	0.000000002550
369.500000000000	0.000000002531
370.000000000000	0.000000002523
370.500000000000	0.000000002507
371.000000000000	0.000000002494
371.500000000000	0.000000002517
372.000000000000	0.000000002526
372.500000000000	0.000000002510
373.000000000000	0.000000002488
373.500000000000	0.000000002501
374.000000000000	0.000000002506
374.500000000000	0.000000002502
375.000000000000	0.000000002522
375.500000000000	0.000000002484
376.000000000000	0.000000002510
376.500000000000	0.000000002503
377.000000000000	0.000000002507
377.500000000000	0.000000002502
378.000000000000	0.000000002483
378.500000000000	0.000000002509
379.000000000000	0.000000002506
379.500000000000	0.000000002477
380.000000000000	0.000000002493
380.500000000000	0.000000002468
381.000000000000	0.000000002490
381.500000000000	0.000000002492
382.000000000000	0.000000002481
382.500000000000	0.000000002490
383.000000000000	0.000000002489
383.500000000000	0.000000002481
384.000000000000	0.000000002460
384.500000000000	0.000000002468
385.000000000000	0.000000002478
385.500000000000	0.000000002472
386.000000000000	0.000000002471
386.500000000000	0.000000002498
387.000000000000	0.000000002475
387.500000000000	0.000000002452
388.000000000000	0.000000002464
388.500000000000	0.000000002465
389.000000000000	0.000000002513
389.500000000000	0.000000002458
390.000000000000	0.000000001940
390.500000000000	0.000000000724
391.000000000000	-0.000000000123
391.500000000000	-0.000000000102
392.000000000000	-0.000000000076
392.500000000000	-0.000000000162
393.000000000000	-0.000000000118
393.500000000000	-0.000000000094
394.000000000000	-0.000000000076
394.500000000000	-0.000000000038
395.000000000000	-0.000000000057
395.500000000000	-0.000000000062
396.000000000000	-0.000000000048
396.500000000000	-0.000000000044
397.000000000000	-0.000000000047
397.500000000000	-0.000000000049
398.000000000000	-0.000000000039
398.500000000000	-0.000000000040
399.000000000000	-0.000000000036
399.500000000000	-0.000000000037
400.000000000000	-0.000000000035
400.500000000000	-0.000000000028
401.000000000000	-0.000000000031
401.500000000000	-0.000000000025
402.000000000000	-0.000000000023
402.500000000000	-0.000000000030
403.000000000000	-0.000000000021
403.500000000000	-0.000000000020
404.000000000000	-0.000000000023
404.500000000000	-0.000000000018
405.000000000000	-0.000000000002
405.500000000000	-0.000000000011
406.000000000000	-0.000000000010
406.500000000000	-0.000000000013
407.000000000000	-0.000000000008
407.500000000000	0.000000000001
408.000000000000	0.000000000015
408.500000000000	0.000000000006
409.000000000000	0.000000000020
409.500000000000	0.000000000016
410.000000000000	0.000000000020
410.500000000000	0.000000000006
411.000000000000	0.000000000017
411.500000000000	0.000000000022
412.000000000000	0.000000000029
412.500000000000	0.000000000018
413.000000000000	0.000000000037
413.500000000000	0.000000000038
414.000000000000	0.000000000030
414.500000000000	0.000000000034
415.000000000000	0.000000000041
415.500000000000	0.000000000042
416.000000000000	0.000000000036
416.500000000000	0.000000000043
417.000000000000	0.000000000037
417.500000000000	0.000000000045
418.000000000000	0.000000000048
418.500000000000	0.000000000049
419.000000000000	0.000000000053
419.500000000000	0.000000000057
420.000000000000	0.000000000058
420.500000000000	0.000000000056
421.000000000000	0.000000000045
421.500000000000	0.000000000059
422.000000000000	0.000000000060
422.500000000000	0.000000000058
423.000000000000	0.000000000064
423.500000000000	0.000000000071
424.000000000000	0.000000000067
424.500000000000	0.000000000066
425.000000000000	0.000000000068
425.500000000000	0.000000000068
426.000000000000	0.000000000076
426.500000000000	0.000000000072
427.000000000000	0.000000000075
427.500000000000	0.000000000070
428.000000000000	0.000000000069
428.500000000000	0.000000000087
429.000000000000	0.000000000088
429.500000000000	0.000000000088
430.000000000000	0.000000000085
430.500000000000	0.000000000080
431.000000000000	0.000000000079
431.500000000000	0.000000000083
432.000000000000	0.000000000083
432.500000000000	0.000000000096
433.000000000000	0.000000000086
433.500000000000	0.000000000089
434.000000000000	0.000000000096
434.500000000000	0.000000000086
435.000000000000	0.000000000090
435.500000000000	0.000000000101
436.000000000000	0.000000000090
436.500000000000	0.000000000103
437.000000000000	0.000000000100
437.500000000000	0.000000000096
438.000000000000	0.000000000101
438.500000000000	0.000000000104
439.000000000000	0.000000000102
439.500000000000	0.000000000097
440.000000000000	0.000000000103
440.500000000000	0.000000000111
441.000000000000	0.000000000112
441.500000000000	0.000000000113
442.000000000000	0.000000000114
442.500000000000	0.000000000109
443.000000000000	0.000000000111
443.500000000000	0.000000000104
444.000000000000	0.000000000109
444.500000000000	0.000000000101
445.000000000000	0.000000000110
445.500000000000	0.000000000129
446.000000000000	0.000000000113
446.500000000000	0.000000000112
447.000000000000	0.000000000111
447.500000000000	0.000000000115
448.000000000000	0.000000000100
448.500000000000	0.000000000111
449.000000000000	0.000000000126
449.500000000000	0.000000000119
450.000000000000	0.000000000111
450.500000000000	0.000000000115
451.000000000000	0.000000000119
451.500000000000	0.000000000119
452.000000000000	0.000000000116
452.500000000000	0.000000000117
453.000000000000	0.000000000114
453.500000000000	0.000000000111
454.000000000000	0.000000000133
454.500000000000	0.000000000117
455.000000000000	0.000000000118
455.500000000000	0.000000000116
456.000000000000	0.000000000125
456.500000000000	0.000000000108
457.000000000000	0.000000000130
457.500000000000	0.000000000123
458.000000000000	0.000000000124
458.500000000000	0.000000000125
459.000000000000	0.000000000119
459.500000000000	0.000000000118
460.000000000000	0.000000000125
460.500000000000	0.000000000121
461.000000000000	0.000000000125
461.500000000000	0.000000000110
462.000000000000	0.000000000123
462.500000000000	0.000000000129
463.000000000000	0.000000000124
463.500000000000	0.000000000128
464.000000000000	0.000000000131
464.500000000000	0.000000000130
465.000000000000	0.000000000126
465.500000000000	0.000000000129
466.000000000000	0.000000000137
466.500000000000	0.000000000142
467.000000000000	0.000000000126
467.500000000000	0.000000000146
468.000000000000	0.000000000122
468.500000000000	0.000000000127
469.000000000000	0.000000000106
469.500000000000	0.000000000145
470.000000000000	0.000000000080
470.500000000000	0.000000000120
471.000000000000	0.000000000140
471.500000000000	0.000000000134
472.000000000000	0.000000000127
472.500000000000	0.000000000133
473.000000000000	0.000000000126
473.500000000000	0.000000000128
474.000000000000	0.000000000131
474.500000000000	0.000000000130
475.000000000000	0.000000000126
475.500000000000	0.000000000126
476.000000000000	0.000000000121
476.500000000000	0.000000000129
477.000000000000	0.000000000128
477.500000000000	0.000000000132
478.000000000000	0.000000000128
478.500000000000	0.000000000129
479.000000000000	0.000000000130
479.500000000000	0.000000000152
