t (s)	Ids (Amps)
0.000000000000	0.000000000988
0.500000000000	0.000000000983
1.000000000000	0.000000000972
1.500000000000	0.000000000967
2.000000000000	0.000000000969
2.500000000000	0.000000000969
3.000000000000	0.000000000995
3.500000000000	0.000000000992
4.000000000000	0.000000000975
4.500000000000	0.000000000981
5.000000000000	0.000000000950
5.500000000000	0.000000000960
6.000000000000	0.000000000946
6.500000000000	0.000000000949
7.000000000000	0.000000000923
7.500000000000	0.000000000927
8.000000000000	0.000000000934
8.500000000000	0.000000000935
9.000000000000	0.000000000927
9.500000000000	0.000000000920
10.000000000000	0.000000000941
10.500000000000	0.000000000953
11.000000000000	0.000000000957
11.500000000000	0.000000000970
12.000000000000	0.000000000947
12.500000000000	0.000000000936
13.000000000000	0.000000000937
13.500000000000	0.000000000934
14.000000000000	0.000000000925
14.500000000000	0.000000000921
15.000000000000	0.000000000917
15.500000000000	0.000000000915
16.000000000000	0.000000000934
16.500000000000	0.000000000916
17.000000000000	0.000000000920
17.500000000000	0.000000000927
18.000000000000	0.000000000938
18.500000000000	0.000000000953
19.000000000000	0.000000000927
19.500000000000	0.000000000929
20.000000000000	0.000000000924
20.500000000000	0.000000000926
21.000000000000	0.000000000935
21.500000000000	0.000000000941
22.000000000000	0.000000000924
22.500000000000	0.000000000929
23.000000000000	0.000000000948
23.500000000000	0.000000000948
24.000000000000	0.000000000950
24.500000000000	0.000000000938
25.000000000000	0.000000000940
25.500000000000	0.000000000929
26.000000000000	0.000000000953
26.500000000000	0.000000000929
27.000000000000	0.000000000931
27.500000000000	0.000000000928
28.000000000000	0.000000000925
28.500000000000	0.000000000926
29.000000000000	0.000000000921
29.500000000000	0.000000000947
30.000000000000	0.000000000923
30.500000000000	0.000000000929
31.000000000000	0.000000000948
31.500000000000	0.000000000935
32.000000000000	0.000000000952
32.500000000000	0.000000000943
33.000000000000	0.000000000955
33.500000000000	0.000000000947
34.000000000000	0.000000000942
34.500000000000	0.000000000926
35.000000000000	0.000000000951
35.500000000000	0.000000000936
36.000000000000	0.000000000940
36.500000000000	0.000000000931
37.000000000000	0.000000000942
37.500000000000	0.000000000934
38.000000000000	0.000000000932
38.500000000000	0.000000000938
39.000000000000	0.000000000930
39.500000000000	0.000000000933
40.000000000000	0.000000000925
40.500000000000	0.000000000928
41.000000000000	0.000000000939
41.500000000000	0.000000000935
42.000000000000	0.000000000944
42.500000000000	0.000000000939
43.000000000000	0.000000000901
43.500000000000	0.000000000901
44.000000000000	0.000000000899
44.500000000000	0.000000000919
45.000000000000	0.000000000922
45.500000000000	0.000000000923
46.000000000000	0.000000000932
46.500000000000	0.000000000954
47.000000000000	0.000000000943
47.500000000000	0.000000000943
48.000000000000	0.000000000955
48.500000000000	0.000000000960
49.000000000000	0.000000000959
49.500000000000	0.000000000960
50.000000000000	0.000000000940
50.500000000000	0.000000000926
51.000000000000	0.000000000968
51.500000000000	0.000000000937
52.000000000000	0.000000000948
52.500000000000	0.000000000935
53.000000000000	0.000000000950
53.500000000000	0.000000000929
54.000000000000	0.000000000942
54.500000000000	0.000000000938
55.000000000000	0.000000000952
55.500000000000	0.000000000928
56.000000000000	0.000000000962
56.500000000000	0.000000000931
57.000000000000	0.000000000946
57.500000000000	0.000000000935
58.000000000000	0.000000000934
58.500000000000	0.000000000940
59.000000000000	0.000000000952
59.500000000000	0.000000000930
60.000000000000	0.000000000933
60.500000000000	0.000000000935
61.000000000000	0.000000000915
61.500000000000	0.000000000930
62.000000000000	0.000000000913
62.500000000000	0.000000000923
63.000000000000	0.000000000933
63.500000000000	0.000000000944
64.000000000000	0.000000000929
64.500000000000	0.000000000934
65.000000000000	0.000000000950
65.500000000000	0.000000000947
66.000000000000	0.000000000935
66.500000000000	0.000000000937
67.000000000000	0.000000000943
67.500000000000	0.000000000931
68.000000000000	0.000000000950
68.500000000000	0.000000000942
69.000000000000	0.000000000946
69.500000000000	0.000000000965
70.000000000000	0.000000000957
70.500000000000	0.000000000959
71.000000000000	0.000000000954
71.500000000000	0.000000000959
72.000000000000	0.000000000953
72.500000000000	0.000000000957
73.000000000000	0.000000000967
73.500000000000	0.000000000976
74.000000000000	0.000000000965
74.500000000000	0.000000000951
75.000000000000	0.000000000948
75.500000000000	0.000000000958
76.000000000000	0.000000000961
76.500000000000	0.000000000959
77.000000000000	0.000000000937
77.500000000000	0.000000000947
78.000000000000	0.000000000956
78.500000000000	0.000000000974
79.000000000000	0.000000000964
79.500000000000	0.000000000957
80.000000000000	0.000000000955
80.500000000000	0.000000000941
81.000000000000	0.000000000962
81.500000000000	0.000000000958
82.000000000000	0.000000000975
82.500000000000	0.000000000975
83.000000000000	0.000000000948
83.500000000000	0.000000000970
84.000000000000	0.000000000968
84.500000000000	0.000000000966
85.000000000000	0.000000000954
85.500000000000	0.000000000957
86.000000000000	0.000000000958
86.500000000000	0.000000000960
87.000000000000	0.000000000969
87.500000000000	0.000000000977
88.000000000000	0.000000000990
88.500000000000	0.000000000969
89.000000000000	0.000000000980
89.500000000000	0.000000000962
90.000000000000	0.000000000979
90.500000000000	0.000000000976
91.000000000000	0.000000000965
91.500000000000	0.000000000965
92.000000000000	0.000000000970
92.500000000000	0.000000000961
93.000000000000	0.000000000964
93.500000000000	0.000000000973
94.000000000000	0.000000000970
94.500000000000	0.000000000978
95.000000000000	0.000000000978
95.500000000000	0.000000000972
96.000000000000	0.000000000984
96.500000000000	0.000000000960
97.000000000000	0.000000000973
97.500000000000	0.000000000958
98.000000000000	0.000000000963
98.500000000000	0.000000000949
99.000000000000	0.000000000965
99.500000000000	0.000000000956
100.000000000000	0.000000000961
100.500000000000	0.000000000956
101.000000000000	0.000000000951
101.500000000000	0.000000000939
102.000000000000	0.000000000948
102.500000000000	0.000000000955
103.000000000000	0.000000000941
103.500000000000	0.000000000964
104.000000000000	0.000000000955
104.500000000000	0.000000000952
105.000000000000	0.000000000954
105.500000000000	0.000000000951
106.000000000000	0.000000000964
106.500000000000	0.000000000945
107.000000000000	0.000000000944
107.500000000000	0.000000000966
108.000000000000	0.000000000950
108.500000000000	0.000000000958
109.000000000000	0.000000000963
109.500000000000	0.000000000974
110.000000000000	0.000000000954
110.500000000000	0.000000000961
111.000000000000	0.000000000958
111.500000000000	0.000000000981
112.000000000000	0.000000000988
112.500000000000	0.000000000992
113.000000000000	0.000000000967
113.500000000000	0.000000000959
114.000000000000	0.000000000958
114.500000000000	0.000000000968
115.000000000000	0.000000000951
115.500000000000	0.000000000969
116.000000000000	0.000000000976
116.500000000000	0.000000000983
117.000000000000	0.000000000984
117.500000000000	0.000000000985
118.000000000000	0.000000000980
118.500000000000	0.000000000960
119.000000000000	0.000000000973
119.500000000000	0.000000000998
120.000000000000	0.000000000997
120.500000000000	0.000000000989
121.000000000000	0.000000000996
121.500000000000	0.000000000992
122.000000000000	0.000000000977
122.500000000000	0.000000000982
123.000000000000	0.000000000982
123.500000000000	0.000000000974
124.000000000000	0.000000000983
124.500000000000	0.000000000983
125.000000000000	0.000000000980
125.500000000000	0.000000000977
126.000000000000	0.000000000986
126.500000000000	0.000000001001
127.000000000000	0.000000000957
127.500000000000	0.000000000976
128.000000000000	0.000000000976
128.500000000000	0.000000000981
129.000000000000	0.000000000975
129.500000000000	0.000000000983
130.000000000000	0.000000000985
130.500000000000	0.000000000980
131.000000000000	0.000000000982
131.500000000000	0.000000000983
132.000000000000	0.000000000980
132.500000000000	0.000000000988
133.000000000000	0.000000001015
133.500000000000	0.000000001008
134.000000000000	0.000000001002
134.500000000000	0.000000001011
135.000000000000	0.000000001001
135.500000000000	0.000000000988
136.000000000000	0.000000000989
136.500000000000	0.000000001006
137.000000000000	0.000000001007
137.500000000000	0.000000000986
138.000000000000	0.000000001000
138.500000000000	0.000000001001
139.000000000000	0.000000000993
139.500000000000	0.000000000985
140.000000000000	0.000000000984
140.500000000000	0.000000000986
141.000000000000	0.000000000990
141.500000000000	0.000000001027
142.000000000000	0.000000001081
142.500000000000	0.000000001071
143.000000000000	0.000000001044
143.500000000000	0.000000001007
144.000000000000	0.000000000983
144.500000000000	0.000000000979
145.000000000000	0.000000000978
145.500000000000	0.000000000982
146.000000000000	0.000000001040
146.500000000000	0.000000001005
147.000000000000	0.000000000970
147.500000000000	0.000000000953
148.000000000000	0.000000000957
148.500000000000	0.000000000969
149.000000000000	0.000000000959
149.500000000000	0.000000000966
150.000000000000	0.000000000980
150.500000000000	0.000000000980
151.000000000000	0.000000000972
151.500000000000	0.000000000988
152.000000000000	0.000000000974
152.500000000000	0.000000000977
153.000000000000	0.000000000978
153.500000000000	0.000000000973
154.000000000000	0.000000001004
154.500000000000	0.000000000994
155.000000000000	0.000000000998
155.500000000000	0.000000000990
156.000000000000	0.000000000983
156.500000000000	0.000000000991
157.000000000000	0.000000000978
157.500000000000	0.000000000975
158.000000000000	0.000000000992
158.500000000000	0.000000001016
159.000000000000	0.000000001014
159.500000000000	0.000000001003
160.000000000000	0.000000000999
160.500000000000	0.000000001001
161.000000000000	0.000000001000
161.500000000000	0.000000000982
162.000000000000	0.000000000993
162.500000000000	0.000000000992
163.000000000000	0.000000000983
163.500000000000	0.000000000989
164.000000000000	0.000000000988
164.500000000000	0.000000000992
165.000000000000	0.000000001005
165.500000000000	0.000000000996
166.000000000000	0.000000000990
166.500000000000	0.000000000972
167.000000000000	0.000000000995
167.500000000000	0.000000000997
168.000000000000	0.000000000999
168.500000000000	0.000000000989
169.000000000000	0.000000000999
169.500000000000	0.000000000988
170.000000000000	0.000000000994
170.500000000000	0.000000001005
171.000000000000	0.000000000980
171.500000000000	0.000000000984
172.000000000000	0.000000000988
172.500000000000	0.000000000981
173.000000000000	0.000000001012
173.500000000000	0.000000000992
174.000000000000	0.000000000972
174.500000000000	0.000000000986
175.000000000000	0.000000000979
175.500000000000	0.000000000979
176.000000000000	0.000000001029
176.500000000000	0.000000000999
177.000000000000	0.000000000990
177.500000000000	0.000000000991
178.000000000000	0.000000000983
178.500000000000	0.000000000953
179.000000000000	0.000000000971
179.500000000000	0.000000000977
180.000000000000	0.000000000979
180.500000000000	0.000000000977
181.000000000000	0.000000000960
181.500000000000	0.000000000974
182.000000000000	0.000000000977
182.500000000000	0.000000000984
183.000000000000	0.000000000985
183.500000000000	0.000000000980
184.000000000000	0.000000000999
184.500000000000	0.000000000962
185.000000000000	0.000000000975
185.500000000000	0.000000000988
186.000000000000	0.000000000976
186.500000000000	0.000000000965
187.000000000000	0.000000000995
187.500000000000	0.000000000979
188.000000000000	0.000000000974
188.500000000000	0.000000000981
189.000000000000	0.000000000975
189.500000000000	0.000000000980
190.000000000000	0.000000000958
190.500000000000	0.000000000984
191.000000000000	0.000000000989
191.500000000000	0.000000001006
192.000000000000	0.000000000997
192.500000000000	0.000000001004
193.000000000000	0.000000000982
193.500000000000	0.000000000993
194.000000000000	0.000000000993
194.500000000000	0.000000001005
195.000000000000	0.000000001022
195.500000000000	0.000000001007
196.000000000000	0.000000001030
196.500000000000	0.000000001056
197.000000000000	0.000000001042
197.500000000000	0.000000001014
198.000000000000	0.000000001020
198.500000000000	0.000000001028
199.000000000000	0.000000001015
199.500000000000	0.000000001092
200.000000000000	0.000000001150
200.500000000000	0.000000000898
201.000000000000	0.000000000987
201.500000000000	0.000000000987
202.000000000000	0.000000001034
202.500000000000	0.000000001073
203.000000000000	0.000000000988
203.500000000000	0.000000000975
204.000000000000	0.000000000968
204.500000000000	0.000000000895
205.000000000000	0.000000001049
205.500000000000	0.000000000980
206.000000000000	0.000000000973
206.500000000000	0.000000000954
207.000000000000	0.000000000964
207.500000000000	0.000000000994
208.000000000000	0.000000000989
208.500000000000	0.000000000968
209.000000000000	0.000000000968
209.500000000000	0.000000000973
210.000000000000	0.000000000988
210.500000000000	0.000000000972
211.000000000000	0.000000000977
211.500000000000	0.000000000999
212.000000000000	0.000000000996
212.500000000000	0.000000000991
213.000000000000	0.000000000984
213.500000000000	0.000000001000
214.000000000000	0.000000000997
214.500000000000	0.000000000992
215.000000000000	0.000000000993
215.500000000000	0.000000000995
216.000000000000	0.000000001006
216.500000000000	0.000000000997
217.000000000000	0.000000000993
217.500000000000	0.000000001027
218.000000000000	0.000000001036
218.500000000000	0.000000000997
219.000000000000	0.000000000979
219.500000000000	0.000000000974
220.000000000000	0.000000000984
220.500000000000	0.000000000992
221.000000000000	0.000000000966
221.500000000000	0.000000000994
222.000000000000	0.000000000969
222.500000000000	0.000000000976
223.000000000000	0.000000000971
223.500000000000	0.000000000971
224.000000000000	0.000000000939
224.500000000000	0.000000000959
225.000000000000	0.000000000992
225.500000000000	0.000000000972
226.000000000000	0.000000000976
226.500000000000	0.000000000983
227.000000000000	0.000000000979
227.500000000000	0.000000000979
228.000000000000	0.000000000976
228.500000000000	0.000000000981
229.000000000000	0.000000000978
229.500000000000	0.000000000972
230.000000000000	0.000000000990
230.500000000000	0.000000000983
231.000000000000	0.000000000982
231.500000000000	0.000000001003
232.000000000000	0.000000001008
232.500000000000	0.000000001008
233.000000000000	0.000000000996
233.500000000000	0.000000000993
234.000000000000	0.000000001007
234.500000000000	0.000000001006
235.000000000000	0.000000001014
235.500000000000	0.000000000983
236.000000000000	0.000000001000
236.500000000000	0.000000001008
237.000000000000	0.000000000980
237.500000000000	0.000000000994
238.000000000000	0.000000000977
238.500000000000	0.000000000986
239.000000000000	0.000000000983
239.500000000000	0.000000000986
240.000000000000	0.000000000986
240.500000000000	0.000000000993
241.000000000000	0.000000001005
241.500000000000	0.000000001002
242.000000000000	0.000000001011
242.500000000000	0.000000001010
243.000000000000	0.000000001007
243.500000000000	0.000000001007
244.000000000000	0.000000000996
244.500000000000	0.000000000999
245.000000000000	0.000000001008
245.500000000000	0.000000001006
246.000000000000	0.000000000994
246.500000000000	0.000000000999
247.000000000000	0.000000001001
247.500000000000	0.000000001008
248.000000000000	0.000000001011
248.500000000000	0.000000001001
249.000000000000	0.000000000983
249.500000000000	0.000000000979
250.000000000000	0.000000000977
250.500000000000	0.000000000981
251.000000000000	0.000000000978
251.500000000000	0.000000000969
252.000000000000	0.000000001024
252.500000000000	0.000000000994
253.000000000000	0.000000000984
253.500000000000	0.000000000983
254.000000000000	0.000000000988
254.500000000000	0.000000000958
255.000000000000	0.000000000723
255.500000000000	0.000000001083
256.000000000000	0.000000001023
256.500000000000	0.000000001018
257.000000000000	0.000000001006
257.500000000000	0.000000000959
258.000000000000	0.000000000978
258.500000000000	0.000000000990
259.000000000000	0.000000001006
259.500000000000	0.000000000989
260.000000000000	0.000000000998
260.500000000000	0.000000000996
261.000000000000	0.000000000984
261.500000000000	0.000000000968
262.000000000000	0.000000000976
262.500000000000	0.000000000980
263.000000000000	0.000000000989
263.500000000000	0.000000000985
264.000000000000	0.000000000982
264.500000000000	0.000000000983
265.000000000000	0.000000000973
265.500000000000	0.000000000979
266.000000000000	0.000000000987
266.500000000000	0.000000000998
267.000000000000	0.000000000987
267.500000000000	0.000000000975
268.000000000000	0.000000000975
268.500000000000	0.000000000951
269.000000000000	0.000000001006
269.500000000000	0.000000000995
270.000000000000	0.000000000998
270.500000000000	0.000000000986
271.000000000000	0.000000001011
271.500000000000	0.000000001000
272.000000000000	0.000000001002
272.500000000000	0.000000001007
273.000000000000	0.000000000997
273.500000000000	0.000000001019
274.000000000000	0.000000001014
274.500000000000	0.000000000962
275.000000000000	0.000000000953
275.500000000000	0.000000000944
276.000000000000	0.000000000994
276.500000000000	0.000000001007
277.000000000000	0.000000001020
277.500000000000	0.000000001015
278.000000000000	0.000000001036
278.500000000000	0.000000001305
279.000000000000	0.000000001254
279.500000000000	0.000000001135
280.000000000000	0.000000001079
280.500000000000	0.000000000996
281.000000000000	0.000000001087
281.500000000000	0.000000000966
282.000000000000	0.000000000979
282.500000000000	0.000000000979
283.000000000000	0.000000000988
283.500000000000	0.000000000973
284.000000000000	0.000000000852
284.500000000000	0.000000000867
285.000000000000	0.000000000849
285.500000000000	0.000000000911
286.000000000000	0.000000000919
286.500000000000	0.000000000919
287.000000000000	0.000000000923
287.500000000000	0.000000000915
288.000000000000	0.000000000954
288.500000000000	0.000000001012
289.000000000000	0.000000000974
289.500000000000	0.000000000962
290.000000000000	0.000000000908
290.500000000000	0.000000000912
291.000000000000	0.000000000923
291.500000000000	0.000000000936
292.000000000000	0.000000000951
292.500000000000	0.000000000955
293.000000000000	0.000000001064
293.500000000000	0.000000001018
294.000000000000	0.000000000960
294.500000000000	0.000000000968
295.000000000000	0.000000000951
295.500000000000	0.000000000954
296.000000000000	0.000000000974
296.500000000000	0.000000000993
297.000000000000	0.000000000984
297.500000000000	0.000000000982
298.000000000000	0.000000000979
298.500000000000	0.000000000973
299.000000000000	0.000000000967
299.500000000000	0.000000000978
