t (s)	Ids (Amps)
0.000000000000	0.000000000663
0.500000000000	0.000000000657
1.000000000000	0.000000000971
1.500000000000	0.000000000673
2.000000000000	0.000000000663
2.500000000000	0.000000000674
3.000000000000	0.000000000599
3.500000000000	0.000000000677
4.000000000000	0.000000000668
4.500000000000	0.000000000668
5.000000000000	0.000000000659
5.500000000000	0.000000000599
6.000000000000	0.000000000659
6.500000000000	0.000000000663
7.000000000000	0.000000000639
7.500000000000	0.000000000634
8.000000000000	0.000000000654
8.500000000000	0.000000000651
9.000000000000	0.000000000631
9.500000000000	0.000000000633
10.000000000000	0.000000000661
10.500000000000	0.000000000645
11.000000000000	0.000000000650
11.500000000000	0.000000000651
12.000000000000	0.000000000652
12.500000000000	0.000000000644
13.000000000000	0.000000000607
13.500000000000	0.000000000629
14.000000000000	0.000000000633
14.500000000000	0.000000000619
15.000000000000	0.000000000612
15.500000000000	0.000000000623
16.000000000000	0.000000000606
16.500000000000	0.000000000619
17.000000000000	0.000000000605
17.500000000000	0.000000000645
18.000000000000	0.000000000599
18.500000000000	0.000000000606
19.000000000000	0.000000000615
19.500000000000	0.000000000625
20.000000000000	0.000000000585
20.500000000000	0.000000000599
21.000000000000	0.000000000641
21.500000000000	0.000000000616
22.000000000000	0.000000000580
22.500000000000	0.000000000622
23.000000000000	0.000000000608
23.500000000000	0.000000000609
24.000000000000	0.000000000626
24.500000000000	0.000000000603
25.000000000000	0.000000000608
25.500000000000	0.000000000607
26.000000000000	0.000000000623
26.500000000000	0.000000000618
27.000000000000	0.000000000625
27.500000000000	0.000000000639
28.000000000000	0.000000000627
28.500000000000	0.000000000633
29.000000000000	0.000000000613
29.500000000000	0.000000000622
30.000000000000	0.000000000608
30.500000000000	0.000000000630
31.000000000000	0.000000000647
31.500000000000	0.000000000639
32.000000000000	0.000000000630
32.500000000000	0.000000000632
33.000000000000	0.000000000636
33.500000000000	0.000000000635
34.000000000000	0.000000000621
34.500000000000	0.000000000611
35.000000000000	0.000000000617
35.500000000000	0.000000000629
36.000000000000	0.000000000615
36.500000000000	0.000000000625
37.000000000000	0.000000000605
37.500000000000	0.000000000627
38.000000000000	0.000000000607
38.500000000000	0.000000000605
39.000000000000	0.000000000603
39.500000000000	0.000000000605
40.000000000000	0.000000000601
40.500000000000	0.000000000602
41.000000000000	0.000000000605
41.500000000000	0.000000000610
42.000000000000	0.000000000621
42.500000000000	0.000000000607
43.000000000000	0.000000000592
43.500000000000	0.000000000585
44.000000000000	0.000000000596
44.500000000000	0.000000000606
45.000000000000	0.000000000605
45.500000000000	0.000000000600
46.000000000000	0.000000000598
46.500000000000	0.000000000597
47.000000000000	0.000000000580
47.500000000000	0.000000000598
48.000000000000	0.000000000597
48.500000000000	0.000000000592
49.000000000000	0.000000000587
49.500000000000	0.000000000586
50.000000000000	0.000000000579
50.500000000000	0.000000000573
51.000000000000	0.000000000555
51.500000000000	0.000000000620
52.000000000000	0.000000000591
52.500000000000	0.000000000592
53.000000000000	0.000000000580
53.500000000000	0.000000000493
54.000000000000	0.000000000667
54.500000000000	0.000000000581
55.000000000000	0.000000000730
55.500000000000	0.000000000603
56.000000000000	0.000000000565
56.500000000000	0.000000000604
57.000000000000	0.000000000587
57.500000000000	0.000000000598
58.000000000000	0.000000000583
58.500000000000	0.000000000588
59.000000000000	0.000000000587
59.500000000000	0.000000000589
60.000000000000	0.000000000587
60.500000000000	0.000000000592
61.000000000000	0.000000000646
61.500000000000	0.000000001295
62.000000000000	0.000000001934
62.500000000000	0.000000004974
63.000000000000	0.000000002858
63.500000000000	0.000000003081
64.000000000000	0.000000003471
64.500000000000	0.000000003596
65.000000000000	0.000000006272
65.500000000000	0.000000003942
66.000000000000	0.000000003791
66.500000000000	0.000000003743
67.000000000000	0.000000003767
67.500000000000	0.000000003728
68.000000000000	0.000000003684
68.500000000000	0.000000003648
69.000000000000	0.000000003635
69.500000000000	0.000000003605
70.000000000000	0.000000003587
70.500000000000	0.000000003579
71.000000000000	0.000000003571
71.500000000000	0.000000003004
72.000000000000	0.000000002291
72.500000000000	-0.000000001402
73.000000000000	0.000000000497
73.500000000000	0.000000000247
74.000000000000	-0.000000000089
74.500000000000	-0.000000000125
75.000000000000	-0.000000002621
75.500000000000	-0.000000000204
76.000000000000	-0.000000000169
76.500000000000	-0.000000000198
77.000000000000	-0.000000000260
77.500000000000	-0.000000000045
78.000000000000	-0.000000000982
78.500000000000	-0.000000000186
79.000000000000	-0.000000000037
79.500000000000	-0.000000000141
80.000000000000	-0.000000002677
80.500000000000	-0.000000000250
81.000000000000	-0.000000000261
81.500000000000	-0.000000000213
82.000000000000	-0.000000000200
82.500000000000	-0.000000000218
83.000000000000	-0.000000000206
83.500000000000	-0.000000000202
84.000000000000	-0.000000000198
84.500000000000	-0.000000000198
85.000000000000	-0.000000000198
85.500000000000	-0.000000000179
86.000000000000	-0.000000000083
86.500000000000	0.000000000313
87.000000000000	0.000000000272
87.500000000000	0.000000000243
88.000000000000	0.000000000245
88.500000000000	0.000000000248
89.000000000000	0.000000000239
89.500000000000	0.000000000227
90.000000000000	0.000000000224
90.500000000000	0.000000000206
91.000000000000	0.000000000191
91.500000000000	0.000000000209
92.000000000000	0.000000000203
92.500000000000	0.000000000197
93.000000000000	0.000000000193
93.500000000000	0.000000000196
94.000000000000	0.000000000197
94.500000000000	0.000000000188
95.000000000000	0.000000000184
95.500000000000	0.000000000176
96.000000000000	0.000000000175
96.500000000000	0.000000000183
97.000000000000	0.000000000169
97.500000000000	0.000000000152
98.000000000000	0.000000000171
98.500000000000	0.000000000148
99.000000000000	0.000000000173
99.500000000000	0.000000000178
100.000000000000	0.000000000168
100.500000000000	0.000000000160
101.000000000000	0.000000000161
101.500000000000	0.000000000147
102.000000000000	0.000000000152
102.500000000000	0.000000000158
103.000000000000	0.000000000154
103.500000000000	0.000000000138
104.000000000000	0.000000000186
104.500000000000	0.000000000157
105.000000000000	0.000000000152
105.500000000000	0.000000000134
106.000000000000	0.000000000143
106.500000000000	0.000000000140
107.000000000000	0.000000000131
107.500000000000	0.000000000148
108.000000000000	0.000000000129
108.500000000000	0.000000000122
109.000000000000	0.000000000138
109.500000000000	0.000000000140
110.000000000000	0.000000000150
110.500000000000	0.000000000155
111.000000000000	0.000000000156
111.500000000000	0.000000000136
112.000000000000	0.000000000143
112.500000000000	0.000000000158
113.000000000000	0.000000000109
113.500000000000	0.000000000125
114.000000000000	0.000000000126
114.500000000000	0.000000000129
115.000000000000	0.000000000040
115.500000000000	0.000000000093
116.000000000000	0.000000000108
116.500000000000	0.000000000103
117.000000000000	0.000000000101
117.500000000000	0.000000000101
118.000000000000	0.000000000114
118.500000000000	0.000000000109
119.000000000000	0.000000000107
119.500000000000	0.000000000403
120.000000000000	-0.000000000128
120.500000000000	-0.000000000218
121.000000000000	0.000000000496
121.500000000000	0.000000000096
122.000000000000	0.000000000132
122.500000000000	0.000000002791
123.000000000000	0.000000001489
123.500000000000	0.000000002000
124.000000000000	0.000000002619
124.500000000000	0.000000002925
125.000000000000	0.000000005394
125.500000000000	0.000000003511
126.000000000000	0.000000003573
126.500000000000	0.000000003850
127.000000000000	0.000000003692
127.500000000000	0.000000003651
128.000000000000	0.000000003611
128.500000000000	0.000000003553
129.000000000000	0.000000003503
129.500000000000	0.000000003480
130.000000000000	0.000000003514
130.500000000000	0.000000003342
131.000000000000	0.000000003444
131.500000000000	0.000000003239
132.000000000000	0.000000002766
132.500000000000	-0.000000000502
133.000000000000	0.000000000930
133.500000000000	0.000000000397
134.000000000000	-0.000000000009
134.500000000000	-0.000000000077
135.000000000000	-0.000000002339
135.500000000000	-0.000000000207
136.000000000000	-0.000000000213
136.500000000000	-0.000000000196
137.000000000000	-0.000000000129
137.500000000000	-0.000000000184
138.000000000000	-0.000000000370
138.500000000000	-0.000000000083
139.000000000000	-0.000000000155
139.500000000000	-0.000000000099
140.000000000000	-0.000000002432
140.500000000000	-0.000000000310
141.000000000000	-0.000000000369
141.500000000000	-0.000000000327
142.000000000000	-0.000000000333
142.500000000000	-0.000000000341
143.000000000000	-0.000000000327
143.500000000000	-0.000000000293
144.000000000000	-0.000000000294
144.500000000000	-0.000000000286
145.000000000000	-0.000000000292
145.500000000000	-0.000000000276
146.000000000000	-0.000000000280
146.500000000000	-0.000000000194
147.000000000000	-0.000000000144
147.500000000000	0.000000002157
148.000000000000	0.000000000773
148.500000000000	0.000000001033
149.000000000000	0.000000000842
149.500000000000	0.000000000745
150.000000000000	0.000000000775
150.500000000000	0.000000000756
151.000000000000	0.000000000742
151.500000000000	0.000000000729
152.000000000000	0.000000000734
152.500000000000	0.000000000741
153.000000000000	0.000000000699
153.500000000000	0.000000000740
154.000000000000	0.000000000717
154.500000000000	0.000000000701
155.000000000000	0.000000000684
155.500000000000	0.000000000691
156.000000000000	0.000000000690
156.500000000000	0.000000000690
157.000000000000	0.000000000683
157.500000000000	0.000000000669
158.000000000000	0.000000000676
158.500000000000	0.000000000649
159.000000000000	0.000000000663
159.500000000000	0.000000000663
160.000000000000	0.000000000668
160.500000000000	0.000000000661
161.000000000000	0.000000000658
161.500000000000	0.000000000676
162.000000000000	0.000000000724
162.500000000000	0.000000000546
163.000000000000	0.000000000662
163.500000000000	0.000000000755
164.000000000000	0.000000000641
164.500000000000	0.000000000561
165.000000000000	0.000000000760
165.500000000000	0.000000000460
166.000000000000	0.000000000737
166.500000000000	0.000000000667
167.000000000000	0.000000000656
167.500000000000	0.000000000643
168.000000000000	0.000000000626
168.500000000000	0.000000000667
169.000000000000	0.000000000629
169.500000000000	0.000000000609
170.000000000000	0.000000000603
170.500000000000	0.000000000546
171.000000000000	0.000000000639
171.500000000000	0.000000000692
172.000000000000	0.000000000671
172.500000000000	0.000000000628
173.000000000000	0.000000000647
173.500000000000	0.000000000552
174.000000000000	0.000000000615
174.500000000000	0.000000000686
175.000000000000	0.000000000636
175.500000000000	0.000000000666
176.000000000000	0.000000000540
176.500000000000	0.000000000635
177.000000000000	0.000000000716
177.500000000000	0.000000000615
178.000000000000	0.000000000709
178.500000000000	0.000000000534
179.000000000000	0.000000000629
179.500000000000	0.000000000587
180.000000000000	0.000000000268
180.500000000000	0.000000003223
181.000000000000	0.000000000899
181.500000000000	0.000000000482
182.000000000000	0.000000000890
182.500000000000	0.000000000276
183.000000000000	0.000000000476
183.500000000000	0.000000000468
184.000000000000	0.000000000713
184.500000000000	0.000000000952
185.000000000000	0.000000003043
185.500000000000	0.000000002314
186.000000000000	0.000000002662
186.500000000000	0.000000003153
187.000000000000	0.000000003309
187.500000000000	0.000000004813
188.000000000000	0.000000003698
188.500000000000	0.000000003742
189.000000000000	0.000000003752
189.500000000000	0.000000003689
190.000000000000	0.000000003541
190.500000000000	0.000000003738
191.000000000000	0.000000003469
191.500000000000	0.000000003565
192.000000000000	0.000000003520
192.500000000000	0.000000003522
193.000000000000	0.000000003503
193.500000000000	0.000000003477
194.000000000000	0.000000003446
194.500000000000	0.000000002959
195.000000000000	0.000000001396
195.500000000000	0.000000000861
196.000000000000	0.000000000511
196.500000000000	0.000000000020
197.000000000000	-0.000000000083
197.500000000000	-0.000000000856
198.000000000000	-0.000000000199
198.500000000000	-0.000000000254
199.000000000000	-0.000000000207
199.500000000000	0.000000000492
200.000000000000	0.000000000244
200.500000000000	-0.000000000278
201.000000000000	-0.000000000093
201.500000000000	-0.000000000208
202.000000000000	-0.000000000177
202.500000000000	-0.000000000939
203.000000000000	-0.000000000353
203.500000000000	-0.000000000406
204.000000000000	-0.000000000425
204.500000000000	-0.000000000426
205.000000000000	-0.000000000445
205.500000000000	-0.000000000446
206.000000000000	-0.000000000468
206.500000000000	-0.000000000433
207.000000000000	-0.000000000429
207.500000000000	-0.000000000410
208.000000000000	-0.000000000383
208.500000000000	-0.000000000348
209.000000000000	-0.000000000195
209.500000000000	0.000000000160
210.000000000000	0.000000000500
210.500000000000	0.000000001179
211.000000000000	0.000000001449
211.500000000000	0.000000001474
212.000000000000	0.000000001355
212.500000000000	0.000000001310
213.000000000000	0.000000001302
213.500000000000	0.000000001355
214.000000000000	0.000000001209
214.500000000000	0.000000001268
215.000000000000	0.000000001225
215.500000000000	0.000000001212
216.000000000000	0.000000001200
216.500000000000	0.000000001207
217.000000000000	0.000000001201
217.500000000000	0.000000001204
218.000000000000	0.000000001178
218.500000000000	0.000000001245
219.000000000000	0.000000001162
219.500000000000	0.000000001179
220.000000000000	0.000000001140
220.500000000000	0.000000001005
221.000000000000	0.000000001196
221.500000000000	0.000000001107
222.000000000000	0.000000001169
222.500000000000	0.000000001193
223.000000000000	0.000000001153
223.500000000000	0.000000000892
224.000000000000	0.000000001080
224.500000000000	0.000000001129
225.000000000000	0.000000001154
225.500000000000	0.000000001287
226.000000000000	0.000000001019
226.500000000000	0.000000001105
227.000000000000	0.000000001106
227.500000000000	0.000000001143
228.000000000000	0.000000001240
228.500000000000	0.000000001191
229.000000000000	0.000000001074
229.500000000000	0.000000001143
230.000000000000	0.000000001060
230.500000000000	0.000000001123
231.000000000000	0.000000001110
231.500000000000	0.000000001113
232.000000000000	0.000000001140
232.500000000000	0.000000001063
233.000000000000	0.000000001129
233.500000000000	0.000000001079
234.000000000000	0.000000001102
234.500000000000	0.000000001102
235.000000000000	0.000000001049
235.500000000000	0.000000001104
236.000000000000	0.000000001096
236.500000000000	0.000000001095
237.000000000000	0.000000001074
237.500000000000	0.000000001086
238.000000000000	0.000000001099
238.500000000000	0.000000001047
239.000000000000	0.000000001099
239.500000000000	0.000000001045
