Voltage   	Current	
29.981210	9.520834E-9
28.999600	3.371248E-10
27.999760	2.477965E-10
26.999730	1.310120E-9
26.000180	7.366979E-10
24.999460	2.381295E-10
24.000140	5.217532E-10
23.000230	-5.447706E-11
21.999290	6.037935E-10
21.000050	5.677514E-11
19.999620	5.026728E-10
19.000520	9.298173E-12
17.999510	7.548161E-10
17.000320	-2.708567E-10
15.999770	-2.899893E-10
15.000710	2.158082E-10
14.000180	-1.450779E-10
13.000450	-3.881321E-10
12.000400	1.834145E-10
11.000910	-2.132057E-10
10.000160	1.847305E-10
9.000731	-3.524987E-10
8.000607	-3.366049E-10
6.999333	8.152629E-11
6.000110	-2.030824E-10
4.999514	-2.656935E-10
4.000377	-5.882125E-10
2.999798	-1.256918E-10
2.000665	-8.555390E-11
0.999979	-1.418885E-10
0.000241	-1.361183E-10
0.997829	6.898306E-10
1.998554	-1.007890E-10
2.997437	-1.364292E-9
3.998214	-2.642247E-10
4.997518	-2.078394E-10
5.998307	-4.813122E-10
6.997633	-2.613165E-11
7.998221	-2.433712E-10
8.998701	-1.815196E-10
9.997829	-2.543545E-10
10.998120	-5.113266E-10
11.997550	1.281937E-10
12.997850	2.351938E-10
13.997540	-2.079404E-10
14.998150	-1.085831E-10
15.997710	-2.022713E-10
16.997850	-7.146467E-10
17.997160	-2.503048E-10
18.997610	-2.081933E-10
19.996650	-2.716135E-10
20.997040	-3.039563E-10
21.996820	-2.681209E-10
22.997310	-2.031313E-10
23.997800	-3.257712E-10
24.997450	-2.867979E-10
25.997920	-2.585039E-10
26.997100	-1.498337E-10
27.997340	-3.685405E-10
28.996770	-2.534422E-10
