Voltage   	Current	
19.985150	1.070055E-8
19.000990	9.095340E-9
18.000380	9.008351E-9
17.000920	8.935462E-9
16.000410	8.759955E-9
15.001050	8.712130E-9
14.000710	8.497348E-9
13.001050	8.234682E-9
12.001140	7.705418E-9
11.001590	7.734466E-9
10.001160	7.380560E-9
9.001774	6.873864E-9
8.001487	6.326076E-9
7.000337	5.995952E-9
6.001371	5.699587E-9
5.000320	5.274424E-9
4.001098	4.831390E-9
3.000454	4.526623E-9
2.001064	4.150498E-9
1.000421	3.734191E-9
0.000709	3.431345E-9
0.998700	3.061547E-9
1.999408	2.841955E-9
2.998716	2.655006E-9
3.999291	2.364915E-9
4.998539	2.126143E-9
5.999427	1.951846E-9
6.998702	1.807561E-9
7.999208	1.710847E-9
8.999864	1.479413E-9
9.998734	1.225458E-9
10.999350	1.078389E-9
11.999070	9.349126E-10
12.999090	7.873879E-10
13.998380	6.764531E-10
14.998930	5.374308E-10
15.998400	4.077201E-10
16.999160	3.679416E-10
17.998520	2.558936E-10
18.999150	1.603372E-10
