Voltage   	Current	
19.986300	1.864970E-8
19.000360	1.526184E-8
17.999750	1.379918E-8
17.000380	1.238957E-8
16.000320	1.110232E-8
15.000520	9.829806E-9
13.999960	8.464175E-9
13.000910	7.099196E-9
12.000660	5.762615E-9
11.001290	4.532357E-9
10.000420	3.507375E-9
9.001019	2.752387E-9
8.000809	2.063245E-9
6.999770	1.509834E-9
6.000522	1.136846E-9
5.000119	8.229677E-10
4.001093	5.799435E-10
3.000171	3.890461E-10
2.001081	2.319548E-10
1.000365	1.378645E-10
0.000619	5.415000E-11
0.998438	1.477274E-11
1.998987	-5.851539E-11
2.998553	-9.252779E-11
3.999149	-1.160122E-10
4.997969	-1.411165E-10
5.998565	-1.590844E-10
6.997689	-1.732560E-10
7.998345	-1.800382E-10
8.999002	-1.911730E-10
9.998001	-2.274631E-10
10.999100	-2.094951E-10
11.998490	-2.285260E-10
12.998510	-2.358646E-10
13.997840	-2.613738E-10
14.998380	-2.696238E-10
15.997660	-3.165931E-10
16.998560	-3.071282E-10
17.997950	-3.032819E-10
18.997940	-3.275258E-10
