Voltage   	Current	
19.986420	-6.282712E-10
19.000660	-3.586030E-10
17.999990	-3.336506E-10
17.000620	-3.044467E-10
16.000100	-2.816201E-10
15.000680	-2.768623E-10
14.000070	-2.602613E-10
13.000860	-2.321199E-10
12.000380	-2.174928E-10
11.001020	-1.989681E-10
10.000430	-1.715861E-10
9.000924	-1.656645E-10
8.000701	-1.430910E-10
7.000165	-1.368655E-10
6.001238	-1.153041E-10
5.000398	-1.003226E-10
4.000591	-6.585474E-11
3.000519	-7.339626E-11
2.001219	-6.241310E-11
1.000241	-1.883485E-11
0.000812	4.929469E-10
0.998958	5.227704E-11
1.999395	7.586286E-11
2.998695	7.302854E-11
3.999059	9.924626E-11
4.998119	8.831377E-11
5.998792	1.030928E-10
6.997809	2.174287E-10
7.998521	1.229839E-10
8.999070	1.346757E-10
9.998241	1.467723E-10
10.998750	1.648919E-10
11.998580	1.704088E-10
12.998770	1.774441E-10
13.998040	2.957231E-10
14.998880	2.255268E-10
15.997820	2.398504E-10
16.998570	2.414701E-10
17.997740	1.989548E-10
18.998470	9.190743E-11
