Voltage   	Current	
29.980360	-8.673580E-9
28.999120	8.997976E-11
27.999710	1.263753E-9
26.999360	2.994192E-10
25.999810	3.771569E-10
24.999340	-2.926684E-10
23.999950	2.101901E-10
22.999940	2.444561E-10
21.999550	2.791749E-10
20.999670	2.468854E-10
19.999240	3.404136E-10
18.999960	3.125779E-10
17.999670	3.712860E-10
17.000140	3.193090E-10
15.999690	1.223734E-10
15.000280	3.428935E-10
13.999610	3.282164E-10
13.000620	3.679962E-10
11.999960	1.915133E-10
11.000710	8.278933E-10
10.000170	2.062928E-10
9.000435	2.083174E-10
8.000019	5.136025E-10
6.999269	2.132776E-10
6.000419	1.916145E-10
4.999368	2.463287E-10
4.000299	2.162133E-10
2.999785	1.077459E-10
2.000472	1.181725E-10
0.999747	1.494019E-10
0.000172	3.618216E-10
0.997739	1.656492E-10
1.998335	5.381482E-10
2.997686	1.919689E-10
3.998351	1.305148E-9
4.997449	1.336607E-10
5.998204	3.936048E-10
6.997294	2.455695E-10
7.998221	1.156420E-10
8.998619	2.084187E-10
9.998031	5.477640E-10
10.998520	2.916756E-10
11.997940	1.986501E-10
12.998120	1.332021E-9
13.997460	2.510861E-10
14.998010	3.449682E-10
15.997710	1.731403E-10
16.997950	4.395589E-10
17.997010	1.294620E-9
18.997810	3.580762E-10
19.996990	7.188771E-10
20.997300	2.762900E-10
21.996600	2.133030E-9
22.997280	2.880822E-10
23.997220	2.811992E-10
24.996760	2.993683E-10
25.997240	2.935987E-10
26.996790	3.577725E-10
27.997110	3.404131E-10
28.996590	2.301055E-9
