t (s)	Ids (Amps)
0.000000000000	0.000000034436
0.500000000000	0.000000034290
1.000000000000	0.000000034160
1.500000000000	0.000000034030
2.000000000000	0.000000033945
2.500000000000	0.000000033823
3.000000000000	0.000000033905
3.500000000000	0.000000033909
4.000000000000	0.000000033761
4.500000000000	0.000000033806
5.000000000000	0.000000033538
5.500000000000	0.000000033496
6.000000000000	0.000000033397
6.500000000000	0.000000033409
7.000000000000	0.000000033366
7.500000000000	0.000000033325
8.000000000000	0.000000033307
8.500000000000	0.000000033277
9.000000000000	0.000000033270
9.500000000000	0.000000033265
10.000000000000	0.000000033216
10.500000000000	0.000000033205
11.000000000000	0.000000033136
11.500000000000	0.000000033119
12.000000000000	0.000000033125
12.500000000000	0.000000033115
13.000000000000	0.000000033116
13.500000000000	0.000000033115
14.000000000000	0.000000033076
14.500000000000	0.000000033097
15.000000000000	0.000000033084
15.500000000000	0.000000033078
16.000000000000	0.000000033070
16.500000000000	0.000000033078
17.000000000000	0.000000033069
17.500000000000	0.000000033042
18.000000000000	0.000000033090
18.500000000000	0.000000033050
19.000000000000	0.000000033066
19.500000000000	0.000000033034
20.000000000000	0.000000033056
20.500000000000	0.000000033027
21.000000000000	0.000000033020
21.500000000000	0.000000033043
22.000000000000	0.000000033028
22.500000000000	0.000000033065
23.000000000000	0.000000033030
23.500000000000	0.000000033057
24.000000000000	0.000000033050
24.500000000000	0.000000033059
25.000000000000	0.000000033069
25.500000000000	0.000000033062
26.000000000000	0.000000033059
26.500000000000	0.000000033057
27.000000000000	0.000000033049
27.500000000000	0.000000033052
28.000000000000	0.000000033063
28.500000000000	0.000000033060
29.000000000000	0.000000033054
29.500000000000	0.000000033063
30.000000000000	0.000000033031
30.500000000000	0.000000033025
31.000000000000	0.000000033070
31.500000000000	0.000000033063
32.000000000000	0.000000033082
32.500000000000	0.000000033074
33.000000000000	0.000000033073
33.500000000000	0.000000033074
34.000000000000	0.000000033063
34.500000000000	0.000000033084
35.000000000000	0.000000033068
35.500000000000	0.000000033047
36.000000000000	0.000000033043
36.500000000000	0.000000033026
37.000000000000	0.000000033048
37.500000000000	0.000000033135
38.000000000000	0.000000033091
38.500000000000	0.000000033010
39.000000000000	0.000000033098
39.500000000000	0.000000033100
40.000000000000	0.000000033086
40.500000000000	0.000000033032
41.000000000000	0.000000033069
41.500000000000	0.000000033092
42.000000000000	0.000000033080
42.500000000000	0.000000033077
43.000000000000	0.000000033052
43.500000000000	0.000000033050
44.000000000000	0.000000033058
44.500000000000	0.000000033026
45.000000000000	0.000000033060
45.500000000000	0.000000033065
46.000000000000	0.000000033058
46.500000000000	0.000000033041
47.000000000000	0.000000033034
47.500000000000	0.000000033008
48.000000000000	0.000000033060
48.500000000000	0.000000033069
49.000000000000	0.000000033081
49.500000000000	0.000000033081
50.000000000000	0.000000033064
50.500000000000	0.000000033067
51.000000000000	0.000000033078
51.500000000000	0.000000033065
52.000000000000	0.000000033082
52.500000000000	0.000000033073
53.000000000000	0.000000033099
53.500000000000	0.000000033069
54.000000000000	0.000000033095
54.500000000000	0.000000033097
55.000000000000	0.000000033080
55.500000000000	0.000000033078
56.000000000000	0.000000033083
56.500000000000	0.000000033068
57.000000000000	0.000000033082
57.500000000000	0.000000033068
58.000000000000	0.000000033039
58.500000000000	0.000000033019
59.000000000000	0.000000033066
59.500000000000	0.000000033076
60.000000000000	0.000000033080
60.500000000000	0.000000033053
61.000000000000	0.000000033065
61.500000000000	0.000000033063
62.000000000000	0.000000033086
62.500000000000	0.000000033082
63.000000000000	0.000000033056
63.500000000000	0.000000033041
64.000000000000	0.000000033037
64.500000000000	0.000000033077
65.000000000000	0.000000033367
65.500000000000	0.000000033978
66.000000000000	0.000000033288
66.500000000000	0.000000033184
67.000000000000	0.000000033615
67.500000000000	0.000000033132
68.000000000000	0.000000032976
68.500000000000	0.000000032965
69.000000000000	0.000000032995
69.500000000000	0.000000033129
70.000000000000	0.000000033063
70.500000000000	0.000000033051
71.000000000000	0.000000033183
71.500000000000	0.000000033458
72.000000000000	0.000000033769
72.500000000000	0.000000034083
73.000000000000	0.000000033384
73.500000000000	0.000000033176
74.000000000000	0.000000033069
74.500000000000	0.000000032811
75.000000000000	0.000000032696
75.500000000000	0.000000032918
76.000000000000	0.000000033351
76.500000000000	0.000000033250
77.000000000000	0.000000033105
77.500000000000	0.000000033075
78.000000000000	0.000000033092
78.500000000000	0.000000033098
79.000000000000	0.000000032811
79.500000000000	0.000000032894
80.000000000000	0.000000032889
80.500000000000	0.000000032841
81.000000000000	0.000000032953
81.500000000000	0.000000032855
82.000000000000	0.000000032879
82.500000000000	0.000000032947
83.000000000000	0.000000033022
83.500000000000	0.000000033139
84.000000000000	0.000000033192
84.500000000000	0.000000033169
85.000000000000	0.000000032970
85.500000000000	0.000000033037
86.000000000000	0.000000033577
86.500000000000	0.000000033490
87.000000000000	0.000000033626
87.500000000000	0.000000033520
88.000000000000	0.000000033468
88.500000000000	0.000000033222
89.000000000000	0.000000032889
89.500000000000	0.000000032766
90.000000000000	0.000000033052
90.500000000000	0.000000032885
91.000000000000	0.000000032817
91.500000000000	0.000000032844
92.000000000000	0.000000032818
92.500000000000	0.000000032793
93.000000000000	0.000000033774
93.500000000000	0.000000033771
94.000000000000	0.000000033380
94.500000000000	0.000000032780
95.000000000000	0.000000032599
95.500000000000	0.000000032665
96.000000000000	0.000000032870
96.500000000000	0.000000032880
97.000000000000	0.000000032900
97.500000000000	0.000000032861
98.000000000000	0.000000033032
98.500000000000	0.000000033174
99.000000000000	0.000000033281
99.500000000000	0.000000033417
100.000000000000	0.000000033000
100.500000000000	0.000000032963
101.000000000000	0.000000032975
101.500000000000	0.000000032967
102.000000000000	0.000000032906
102.500000000000	0.000000032928
103.000000000000	0.000000032925
103.500000000000	0.000000032963
104.000000000000	0.000000032962
104.500000000000	0.000000033018
105.000000000000	0.000000033173
105.500000000000	0.000000033198
106.000000000000	0.000000033022
106.500000000000	0.000000033273
107.000000000000	0.000000033208
107.500000000000	0.000000033029
108.000000000000	0.000000033123
108.500000000000	0.000000033388
109.000000000000	0.000000033043
109.500000000000	0.000000033038
110.000000000000	0.000000033281
110.500000000000	0.000000033361
111.000000000000	0.000000033329
111.500000000000	0.000000033386
112.000000000000	0.000000033171
112.500000000000	0.000000033097
113.000000000000	0.000000032913
113.500000000000	0.000000032876
114.000000000000	0.000000032922
114.500000000000	0.000000032951
115.000000000000	0.000000032919
115.500000000000	0.000000032942
116.000000000000	0.000000032960
116.500000000000	0.000000032965
117.000000000000	0.000000032979
117.500000000000	0.000000032969
118.000000000000	0.000000033000
118.500000000000	0.000000032982
119.000000000000	0.000000033015
119.500000000000	0.000000033021
120.000000000000	0.000000032994
120.500000000000	0.000000033005
121.000000000000	0.000000033022
121.500000000000	0.000000033072
122.000000000000	0.000000033218
122.500000000000	0.000000033106
123.000000000000	0.000000033078
123.500000000000	0.000000033064
124.000000000000	0.000000033067
124.500000000000	0.000000033076
125.000000000000	0.000000033056
125.500000000000	0.000000033069
126.000000000000	0.000000033032
126.500000000000	0.000000033042
127.000000000000	0.000000033024
127.500000000000	0.000000033067
128.000000000000	0.000000033065
128.500000000000	0.000000033029
129.000000000000	0.000000033046
129.500000000000	0.000000033073
130.000000000000	0.000000033068
130.500000000000	0.000000033077
131.000000000000	0.000000033032
131.500000000000	0.000000033040
132.000000000000	0.000000033051
132.500000000000	0.000000033020
133.000000000000	0.000000033039
133.500000000000	0.000000033075
134.000000000000	0.000000033301
134.500000000000	0.000000033205
135.000000000000	0.000000033191
135.500000000000	0.000000033170
136.000000000000	0.000000033215
136.500000000000	0.000000033194
137.000000000000	0.000000033110
137.500000000000	0.000000033066
138.000000000000	0.000000033088
138.500000000000	0.000000033074
139.000000000000	0.000000033057
139.500000000000	0.000000033096
140.000000000000	0.000000033040
140.500000000000	0.000000033040
141.000000000000	0.000000033063
141.500000000000	0.000000033020
142.000000000000	0.000000033386
142.500000000000	0.000000034221
143.000000000000	0.000000033500
143.500000000000	0.000000033065
144.000000000000	0.000000033228
144.500000000000	0.000000033323
145.000000000000	0.000000032939
145.500000000000	0.000000032724
146.000000000000	0.000000032707
146.500000000000	0.000000032701
147.000000000000	0.000000032764
147.500000000000	0.000000032785
148.000000000000	0.000000032801
148.500000000000	0.000000032842
149.000000000000	0.000000032848
149.500000000000	0.000000032884
150.000000000000	0.000000032941
150.500000000000	0.000000033000
151.000000000000	0.000000032975
151.500000000000	0.000000032954
152.000000000000	0.000000032951
152.500000000000	0.000000032964
153.000000000000	0.000000033028
153.500000000000	0.000000032980
154.000000000000	0.000000032959
154.500000000000	0.000000032995
155.000000000000	0.000000033062
155.500000000000	0.000000032998
156.000000000000	0.000000032934
156.500000000000	0.000000032986
157.000000000000	0.000000033162
157.500000000000	0.000000033158
158.000000000000	0.000000032971
158.500000000000	0.000000032962
159.000000000000	0.000000032998
159.500000000000	0.000000033475
160.000000000000	0.000000033429
160.500000000000	0.000000033357
161.000000000000	0.000000033167
161.500000000000	0.000000032904
162.000000000000	0.000000032942
162.500000000000	0.000000033672
163.000000000000	0.000000034689
163.500000000000	0.000000034615
164.000000000000	0.000000034101
164.500000000000	0.000000033249
165.000000000000	0.000000032983
165.500000000000	0.000000032529
166.000000000000	0.000000032484
166.500000000000	0.000000032488
167.000000000000	0.000000032544
167.500000000000	0.000000033514
168.000000000000	0.000000032898
168.500000000000	0.000000032826
169.000000000000	0.000000032804
169.500000000000	0.000000032762
170.000000000000	0.000000032802
170.500000000000	0.000000032836
171.000000000000	0.000000032922
171.500000000000	0.000000032961
172.000000000000	0.000000033077
172.500000000000	0.000000032972
173.000000000000	0.000000033031
173.500000000000	0.000000033308
174.000000000000	0.000000033187
174.500000000000	0.000000033196
175.000000000000	0.000000033263
175.500000000000	0.000000033208
176.000000000000	0.000000033164
176.500000000000	0.000000032843
177.000000000000	0.000000032897
177.500000000000	0.000000032939
178.000000000000	0.000000032869
178.500000000000	0.000000032907
179.000000000000	0.000000032928
179.500000000000	0.000000032951
180.000000000000	0.000000032972
180.500000000000	0.000000032977
181.000000000000	0.000000032938
181.500000000000	0.000000032984
182.000000000000	0.000000032944
182.500000000000	0.000000033040
183.000000000000	0.000000033153
183.500000000000	0.000000033551
184.000000000000	0.000000033774
184.500000000000	0.000000033867
185.000000000000	0.000000033645
185.500000000000	0.000000033572
186.000000000000	0.000000033265
186.500000000000	0.000000033260
187.000000000000	0.000000033210
187.500000000000	0.000000033214
188.000000000000	0.000000032962
188.500000000000	0.000000032940
189.000000000000	0.000000032899
189.500000000000	0.000000032921
190.000000000000	0.000000032866
190.500000000000	0.000000032871
191.000000000000	0.000000032839
191.500000000000	0.000000032870
192.000000000000	0.000000032875
192.500000000000	0.000000032857
193.000000000000	0.000000032886
193.500000000000	0.000000032879
194.000000000000	0.000000032869
194.500000000000	0.000000032944
195.000000000000	0.000000032967
195.500000000000	0.000000032937
196.000000000000	0.000000032923
196.500000000000	0.000000032854
197.000000000000	0.000000032853
197.500000000000	0.000000032884
198.000000000000	0.000000032917
198.500000000000	0.000000032923
199.000000000000	0.000000032942
199.500000000000	0.000000032947
200.000000000000	0.000000032944
200.500000000000	0.000000032968
201.000000000000	0.000000032972
201.500000000000	0.000000032980
202.000000000000	0.000000032993
202.500000000000	0.000000033016
203.000000000000	0.000000033016
203.500000000000	0.000000033017
204.000000000000	0.000000032988
204.500000000000	0.000000032983
205.000000000000	0.000000033005
205.500000000000	0.000000033042
206.000000000000	0.000000033033
206.500000000000	0.000000033026
207.000000000000	0.000000033029
207.500000000000	0.000000033117
208.000000000000	0.000000033227
208.500000000000	0.000000033270
209.000000000000	0.000000033470
209.500000000000	0.000000033226
210.000000000000	0.000000033240
210.500000000000	0.000000033245
211.000000000000	0.000000033150
211.500000000000	0.000000033112
212.000000000000	0.000000033133
212.500000000000	0.000000033086
213.000000000000	0.000000033084
213.500000000000	0.000000033124
214.000000000000	0.000000033073
214.500000000000	0.000000033053
215.000000000000	0.000000033065
215.500000000000	0.000000033086
216.000000000000	0.000000033064
216.500000000000	0.000000033069
217.000000000000	0.000000033070
217.500000000000	0.000000033063
218.000000000000	0.000000033100
218.500000000000	0.000000033074
219.000000000000	0.000000033066
219.500000000000	0.000000033103
220.000000000000	0.000000033080
220.500000000000	0.000000033054
221.000000000000	0.000000033072
221.500000000000	0.000000033085
222.000000000000	0.000000033049
222.500000000000	0.000000033043
223.000000000000	0.000000033083
223.500000000000	0.000000033073
224.000000000000	0.000000033075
224.500000000000	0.000000033039
225.000000000000	0.000000033074
225.500000000000	0.000000033077
226.000000000000	0.000000033070
226.500000000000	0.000000033066
227.000000000000	0.000000033084
227.500000000000	0.000000033064
228.000000000000	0.000000033062
228.500000000000	0.000000033074
229.000000000000	0.000000033085
229.500000000000	0.000000033076
230.000000000000	0.000000033097
230.500000000000	0.000000033113
231.000000000000	0.000000033111
231.500000000000	0.000000033097
232.000000000000	0.000000033094
232.500000000000	0.000000033070
233.000000000000	0.000000033087
233.500000000000	0.000000033099
234.000000000000	0.000000033065
234.500000000000	0.000000033060
235.000000000000	0.000000033050
235.500000000000	0.000000033087
236.000000000000	0.000000033078
236.500000000000	0.000000033093
237.000000000000	0.000000033044
237.500000000000	0.000000033059
238.000000000000	0.000000033074
238.500000000000	0.000000033066
239.000000000000	0.000000033073
239.500000000000	0.000000033053
240.000000000000	0.000000033067
240.500000000000	0.000000033146
241.000000000000	0.000000033093
241.500000000000	0.000000033082
242.000000000000	0.000000033082
242.500000000000	0.000000033078
243.000000000000	0.000000033093
243.500000000000	0.000000033084
244.000000000000	0.000000033094
244.500000000000	0.000000033091
245.000000000000	0.000000033095
245.500000000000	0.000000033080
246.000000000000	0.000000033072
246.500000000000	0.000000033043
247.000000000000	0.000000033077
247.500000000000	0.000000033094
248.000000000000	0.000000033081
248.500000000000	0.000000033085
249.000000000000	0.000000033069
249.500000000000	0.000000033093
250.000000000000	0.000000033079
250.500000000000	0.000000033079
251.000000000000	0.000000033088
251.500000000000	0.000000033106
252.000000000000	0.000000033108
252.500000000000	0.000000033106
253.000000000000	0.000000033103
253.500000000000	0.000000033094
254.000000000000	0.000000033079
254.500000000000	0.000000033088
255.000000000000	0.000000033103
255.500000000000	0.000000033088
256.000000000000	0.000000033123
256.500000000000	0.000000033076
257.000000000000	0.000000033089
257.500000000000	0.000000033100
258.000000000000	0.000000033080
258.500000000000	0.000000033088
259.000000000000	0.000000033071
259.500000000000	0.000000033103
260.000000000000	0.000000033105
260.500000000000	0.000000033113
261.000000000000	0.000000033125
261.500000000000	0.000000033098
262.000000000000	0.000000033110
262.500000000000	0.000000033109
263.000000000000	0.000000033111
263.500000000000	0.000000033086
264.000000000000	0.000000033124
264.500000000000	0.000000033149
265.000000000000	0.000000033097
265.500000000000	0.000000033096
266.000000000000	0.000000033119
266.500000000000	0.000000033138
267.000000000000	0.000000033117
267.500000000000	0.000000033147
268.000000000000	0.000000033165
268.500000000000	0.000000033120
269.000000000000	0.000000033143
269.500000000000	0.000000033117
270.000000000000	0.000000033117
270.500000000000	0.000000033107
271.000000000000	0.000000033098
271.500000000000	0.000000033128
272.000000000000	0.000000033104
272.500000000000	0.000000033128
273.000000000000	0.000000033108
273.500000000000	0.000000033143
274.000000000000	0.000000033087
274.500000000000	0.000000033137
275.000000000000	0.000000033117
275.500000000000	0.000000033138
276.000000000000	0.000000033124
276.500000000000	0.000000033072
277.000000000000	0.000000033079
277.500000000000	0.000000033106
278.000000000000	0.000000033068
278.500000000000	0.000000033076
279.000000000000	0.000000033066
279.500000000000	0.000000033096
280.000000000000	0.000000033100
280.500000000000	0.000000033079
281.000000000000	0.000000033069
281.500000000000	0.000000033114
282.000000000000	0.000000033064
282.500000000000	0.000000033060
283.000000000000	0.000000033080
283.500000000000	0.000000033097
284.000000000000	0.000000033102
284.500000000000	0.000000033112
285.000000000000	0.000000033089
285.500000000000	0.000000033065
286.000000000000	0.000000033050
286.500000000000	0.000000033025
287.000000000000	0.000000033134
287.500000000000	0.000000033160
288.000000000000	0.000000033174
288.500000000000	0.000000033142
289.000000000000	0.000000033077
289.500000000000	0.000000033099
290.000000000000	0.000000033200
290.500000000000	0.000000033369
291.000000000000	0.000000033435
291.500000000000	0.000000033582
292.000000000000	0.000000033569
292.500000000000	0.000000033535
293.000000000000	0.000000033491
293.500000000000	0.000000033450
294.000000000000	0.000000033400
294.500000000000	0.000000033366
295.000000000000	0.000000033309
295.500000000000	0.000000033262
296.000000000000	0.000000033251
296.500000000000	0.000000033208
297.000000000000	0.000000033188
297.500000000000	0.000000033191
298.000000000000	0.000000033158
298.500000000000	0.000000033154
299.000000000000	0.000000033150
299.500000000000	0.000000033128
