Voltage   	Current	
19.986000	-6.680029E-9
18.998620	1.208091E-10
17.998410	5.936535E-11
16.998930	2.002713E-10
15.998760	2.616123E-10
14.999340	3.290227E-10
13.998870	2.979492E-10
12.999520	3.657139E-10
11.999170	5.172271E-11
10.999820	3.742667E-10
9.999314	3.819085E-10
8.999778	4.301890E-10
7.999624	1.789127E-10
6.998908	7.308139E-11
5.999904	2.039362E-11
4.999175	7.146196E-11
3.999518	4.333773E-10
2.999223	2.138861E-10
1.999691	1.896426E-10
0.999116	2.057881E-10
-0.000390	2.379272E-10
0.997232	-1.665698E-10
1.997867	1.784066E-10
2.996923	1.936411E-10
3.997411	2.180870E-10
4.996767	2.083188E-10
5.997475	2.405590E-10
6.996500	2.915724E-10
7.997101	2.699626E-10
8.997512	2.732016E-10
9.997194	4.626288E-10
10.997340	2.864610E-10
11.996960	-2.333542E-11
12.997420	4.611104E-10
13.996370	2.485553E-10
14.997260	5.202210E-10
15.996360	3.047812E-10
16.997380	4.282656E-10
17.996590	4.463327E-10
18.997170	3.557944E-10
