Voltage   	Current	
19.984890	-7.207158E-9
18.998580	-1.897793E-11
17.998390	-5.491210E-11
16.998630	1.827099E-10
15.998110	2.104957E-10
14.998710	1.696015E-10
13.998270	2.221870E-10
12.998970	2.872698E-10
11.998910	1.136755E-10
10.999230	2.062443E-10
9.998769	2.706200E-10
8.999740	2.885350E-10
7.999547	8.163824E-11
6.998972	3.201140E-10
5.999706	3.421788E-10
4.998810	1.655019E-10
3.999737	1.535069E-10
2.999081	1.828617E-10
1.999743	4.101951E-10
0.999005	3.241120E-10
-0.000523	3.349419E-10
0.997151	9.179391E-10
1.997919	1.463200E-10
2.997296	-1.363971E-10
3.997858	1.990575E-10
4.997037	2.220858E-10
5.997801	2.511868E-10
6.996599	2.339795E-10
7.997491	1.308328E-10
8.997740	2.103945E-10
9.997156	1.803817E-10
10.997220	5.025032E-10
11.997150	3.402558E-10
12.997240	4.800335E-10
13.996540	4.705699E-10
14.996960	3.408631E-10
15.996250	2.637880E-10
16.996920	4.560960E-10
17.996020	3.683429E-10
18.996430	3.946588E-10
