t (s)	Ids (Amps)
0.000000000000	-0.000000000175
0.500000000000	-0.000000000710
1.000000000000	-0.000000000498
1.500000000000	0.000000000250
2.000000000000	0.000000000081
2.500000000000	0.000000000220
3.000000000000	-0.000000000534
3.500000000000	-0.000000000083
4.000000000000	-0.000000000006
4.500000000000	-0.000000000047
5.000000000000	-0.000000000590
5.500000000000	0.000000000031
6.000000000000	0.000000000133
6.500000000000	0.000000000063
7.000000000000	-0.000000000466
7.500000000000	0.000000000058
8.000000000000	-0.000000000013
8.500000000000	0.000000000109
9.000000000000	-0.000000000001
9.500000000000	0.000000000086
10.000000000000	0.000000000031
10.500000000000	0.000000000269
11.000000000000	-0.000000000015
11.500000000000	-0.000000000081
12.000000000000	-0.000000000010
12.500000000000	0.000000000029
13.000000000000	0.000000000087
13.500000000000	0.000000000173
14.000000000000	0.000000000101
14.500000000000	0.000000000072
15.000000000000	0.000000000006
15.500000000000	0.000000000036
16.000000000000	0.000000000320
16.500000000000	0.000000000368
17.000000000000	0.000000000136
17.500000000000	0.000000000058
18.000000000000	0.000000000033
18.500000000000	0.000000000083
19.000000000000	0.000000000064
19.500000000000	0.000000000062
20.000000000000	0.000000000057
20.500000000000	-0.000000000002
21.000000000000	0.000000000008
21.500000000000	-0.000000000023
22.000000000000	-0.000000000311
22.500000000000	-0.000000000120
23.000000000000	0.000000000150
23.500000000000	0.000000000153
24.000000000000	0.000000000036
24.500000000000	0.000000000008
25.000000000000	0.000000000077
25.500000000000	-0.000000000034
26.000000000000	0.000000000029
26.500000000000	-0.000000000162
27.000000000000	0.000000000238
27.500000000000	-0.000000000184
28.000000000000	0.000000000263
28.500000000000	0.000000000009
29.000000000000	0.000000000045
29.500000000000	0.000000000667
30.000000000000	-0.000000000038
30.500000000000	-0.000000000078
31.000000000000	-0.000000000082
31.500000000000	0.000000000003
32.000000000000	0.000000000011
32.500000000000	-0.000000000024
33.000000000000	0.000000000169
33.500000000000	-0.000000000098
34.000000000000	-0.000000000023
34.500000000000	-0.000000000062
35.000000000000	0.000000000007
35.500000000000	-0.000000001021
36.000000000000	-0.000000000038
36.500000000000	0.000000000083
37.000000000000	0.000000000027
37.500000000000	-0.000000000136
38.000000000000	0.000000000409
38.500000000000	-0.000000001531
39.000000000000	-0.000000000126
39.500000000000	0.000000000408
40.000000000000	-0.000000000376
40.500000000000	-0.000000000044
41.000000000000	-0.000000000077
41.500000000000	0.000000000066
42.000000000000	-0.000000000064
42.500000000000	0.000000000038
43.000000000000	0.000000000041
43.500000000000	0.000000000052
44.000000000000	0.000000000023
44.500000000000	0.000000000012
45.000000000000	0.000000000035
45.500000000000	0.000000000071
46.000000000000	0.000000000031
46.500000000000	0.000000000071
47.000000000000	0.000000000002
47.500000000000	-0.000000000010
48.000000000000	0.000000000181
48.500000000000	0.000000000021
49.000000000000	0.000000000206
49.500000000000	0.000000000929
50.000000000000	0.000000000202
50.500000000000	0.000000000338
51.000000000000	-0.000000000038
51.500000000000	-0.000000000304
52.000000000000	0.000000000108
52.500000000000	0.000000000115
53.000000000000	-0.000000000062
53.500000000000	0.000000000408
54.000000000000	-0.000000000059
54.500000000000	-0.000000000018
55.000000000000	-0.000000000030
55.500000000000	-0.000000000005
56.000000000000	0.000000000075
56.500000000000	0.000000000067
57.000000000000	0.000000000102
57.500000000000	0.000000000904
58.000000000000	0.000000000591
58.500000000000	-0.000000001186
59.000000000000	-0.000000000017
59.500000000000	-0.000000000286
60.000000000000	-0.000000000301
60.500000000000	0.000000000392
61.000000000000	-0.000000000013
61.500000000000	0.000000000347
62.000000000000	-0.000000000395
62.500000000000	0.000000000198
63.000000000000	-0.000000000034
63.500000000000	-0.000000000100
64.000000000000	-0.000000000027
64.500000000000	0.000000000040
65.000000000000	0.000000000048
65.500000000000	0.000000000051
66.000000000000	0.000000000151
66.500000000000	0.000000000021
67.000000000000	0.000000000072
67.500000000000	0.000000000129
68.000000000000	-0.000000000009
68.500000000000	0.000000000403
69.000000000000	0.000000000060
69.500000000000	0.000000000149
70.000000000000	0.000000000083
70.500000000000	0.000000000163
71.000000000000	0.000000000092
71.500000000000	0.000000000345
72.000000000000	0.000000000266
72.500000000000	-0.000000000061
73.000000000000	0.000000000186
73.500000000000	0.000000000139
74.000000000000	0.000000000471
74.500000000000	0.000000000351
75.000000000000	0.000000000096
75.500000000000	-0.000000000107
76.000000000000	0.000000000192
76.500000000000	0.000000000438
77.000000000000	0.000000000045
77.500000000000	-0.000000000005
78.000000000000	0.000000000196
78.500000000000	0.000000000028
79.000000000000	0.000000000088
79.500000000000	-0.000000000094
80.000000000000	0.000000000255
80.500000000000	-0.000000000089
81.000000000000	-0.000000000093
81.500000000000	0.000000000015
82.000000000000	0.000000000764
82.500000000000	0.000000000017
83.000000000000	0.000000000095
83.500000000000	0.000000000050
84.000000000000	0.000000000046
84.500000000000	0.000000000037
85.000000000000	0.000000000049
85.500000000000	0.000000000100
86.000000000000	-0.000000000259
86.500000000000	0.000000000271
87.000000000000	0.000000000068
87.500000000000	0.000000000131
88.000000000000	-0.000000000118
88.500000000000	0.000000000099
89.000000000000	0.000000000154
89.500000000000	0.000000000006
90.000000000000	-0.000000000003
90.500000000000	0.000000000076
91.000000000000	0.000000000147
91.500000000000	0.000000000004
92.000000000000	0.000000000032
92.500000000000	-0.000000000044
93.000000000000	-0.000000000007
93.500000000000	0.000000000052
94.000000000000	0.000000000057
94.500000000000	0.000000000019
95.000000000000	0.000000000012
95.500000000000	0.000000000018
96.000000000000	0.000000000054
96.500000000000	0.000000000043
97.000000000000	0.000000000047
97.500000000000	0.000000000129
98.000000000000	0.000000000132
98.500000000000	0.000000000012
99.000000000000	0.000000000037
99.500000000000	0.000000000006
100.000000000000	0.000000000135
100.500000000000	0.000000000136
101.000000000000	0.000000000082
101.500000000000	0.000000000076
102.000000000000	0.000000000098
102.500000000000	0.000000000095
103.000000000000	0.000000000042
103.500000000000	0.000000000052
104.000000000000	0.000000000087
104.500000000000	0.000000000209
105.000000000000	0.000000000286
105.500000000000	-0.000000000077
106.000000000000	0.000000000530
106.500000000000	-0.000000000037
107.000000000000	0.000000000126
107.500000000000	-0.000000000243
108.000000000000	0.000000000171
108.500000000000	-0.000000000783
109.000000000000	0.000000000066
109.500000000000	-0.000000000480
110.000000000000	0.000000000096
110.500000000000	-0.000000000552
111.000000000000	0.000000000096
111.500000000000	0.000000000229
112.000000000000	0.000000001819
112.500000000000	0.000000000149
113.000000000000	0.000000000155
113.500000000000	0.000000000232
114.000000000000	0.000000000152
114.500000000000	0.000000000140
115.000000000000	0.000000000137
115.500000000000	0.000000000125
116.000000000000	0.000000000157
116.500000000000	0.000000000118
117.000000000000	0.000000000123
117.500000000000	0.000000000120
118.000000000000	0.000000000088
118.500000000000	0.000000000053
119.000000000000	0.000000000078
119.500000000000	0.000000000056
120.000000000000	0.000000000142
120.500000000000	0.000000000125
121.000000000000	-0.000000000003
121.500000000000	0.000000000049
122.000000000000	-0.000000000015
122.500000000000	0.000000000076
123.000000000000	0.000000000092
123.500000000000	0.000000000101
124.000000000000	0.000000000060
124.500000000000	-0.000000000018
125.000000000000	0.000000000096
125.500000000000	0.000000000256
126.000000000000	0.000000000149
126.500000000000	0.000000000138
127.000000000000	0.000000000020
127.500000000000	0.000000000279
128.000000000000	0.000000000109
128.500000000000	0.000000000195
129.000000000000	0.000000000250
129.500000000000	0.000000000103
130.000000000000	0.000000000093
130.500000000000	0.000000000201
131.000000000000	0.000000000133
131.500000000000	0.000000000075
132.000000000000	0.000000000056
132.500000000000	0.000000000167
133.000000000000	0.000000000066
133.500000000000	0.000000000162
134.000000000000	0.000000000215
134.500000000000	0.000000000006
135.000000000000	0.000000000097
135.500000000000	0.000000000084
136.000000000000	0.000000000217
136.500000000000	0.000000000101
137.000000000000	0.000000000113
137.500000000000	-0.000000000060
138.000000000000	0.000000000063
138.500000000000	0.000000000276
139.000000000000	0.000000000164
139.500000000000	0.000000000259
140.000000000000	0.000000000137
140.500000000000	0.000000000111
141.000000000000	0.000000000222
141.500000000000	0.000000000179
142.000000000000	0.000000000231
142.500000000000	0.000000000113
143.000000000000	0.000000000144
143.500000000000	0.000000000222
144.000000000000	0.000000000203
144.500000000000	0.000000000137
145.000000000000	0.000000000156
145.500000000000	0.000000000157
146.000000000000	0.000000000323
146.500000000000	0.000000000198
147.000000000000	0.000000000212
147.500000000000	0.000000000094
148.000000000000	0.000000000132
148.500000000000	0.000000000311
149.000000000000	0.000000000213
149.500000000000	0.000000000162
150.000000000000	0.000000000327
150.500000000000	0.000000000123
151.000000000000	0.000000000256
151.500000000000	0.000000000157
152.000000000000	0.000000000109
152.500000000000	0.000000000147
153.000000000000	0.000000000114
153.500000000000	0.000000000187
154.000000000000	0.000000000244
154.500000000000	0.000000000139
155.000000000000	0.000000000202
155.500000000000	0.000000000187
156.000000000000	0.000000000299
156.500000000000	0.000000000184
157.000000000000	0.000000000240
157.500000000000	0.000000000161
158.000000000000	0.000000000185
158.500000000000	0.000000000286
159.000000000000	0.000000000284
159.500000000000	0.000000000162
160.000000000000	0.000000001272
160.500000000000	0.000000000946
161.000000000000	0.000000000160
161.500000000000	0.000000000118
162.000000000000	0.000000000092
162.500000000000	0.000000000339
163.000000000000	0.000000000242
163.500000000000	0.000000000223
164.000000000000	0.000000000934
164.500000000000	0.000000000217
165.000000000000	0.000000000250
165.500000000000	0.000000000174
166.000000000000	0.000000000262
166.500000000000	0.000000001210
167.000000000000	0.000000000159
167.500000000000	0.000000001172
168.000000000000	0.000000000300
168.500000000000	0.000000001368
169.000000000000	0.000000001289
169.500000000000	0.000000000233
170.000000000000	0.000000001383
170.500000000000	0.000000000126
171.000000000000	0.000000000626
171.500000000000	0.000000000102
172.000000000000	0.000000000102
172.500000000000	0.000000001253
173.000000000000	0.000000000761
173.500000000000	0.000000001194
174.000000000000	0.000000000267
174.500000000000	0.000000000137
175.000000000000	0.000000001221
175.500000000000	0.000000000171
176.000000000000	0.000000001174
176.500000000000	0.000000000124
177.000000000000	0.000000000155
177.500000000000	0.000000001228
178.000000000000	0.000000000132
178.500000000000	0.000000001281
179.000000000000	0.000000000007
179.500000000000	0.000000000108
180.000000000000	0.000000000152
180.500000000000	0.000000000139
181.000000000000	0.000000001249
181.500000000000	0.000000000216
182.000000000000	0.000000000118
182.500000000000	0.000000000083
183.000000000000	0.000000000163
183.500000000000	0.000000001091
184.000000000000	0.000000000157
184.500000000000	0.000000000161
185.000000000000	0.000000000138
185.500000000000	0.000000000140
186.000000000000	0.000000001239
186.500000000000	0.000000000142
187.000000000000	0.000000000091
187.500000000000	0.000000000093
188.000000000000	0.000000000148
188.500000000000	0.000000000514
189.000000000000	0.000000000594
189.500000000000	0.000000001516
190.000000000000	0.000000001028
190.500000000000	-0.000000001385
191.000000000000	0.000000000139
191.500000000000	0.000000002407
192.000000000000	0.000000000240
192.500000000000	0.000000000114
193.000000000000	0.000000000165
193.500000000000	0.000000000447
194.000000000000	0.000000001014
194.500000000000	0.000000000074
195.000000000000	-0.000000000146
195.500000000000	-0.000000000288
196.000000000000	-0.000000000121
196.500000000000	0.000000000159
197.000000000000	0.000000000186
197.500000000000	0.000000000819
198.000000000000	0.000000000072
198.500000000000	0.000000001141
199.000000000000	0.000000000211
199.500000000000	0.000000000270
200.000000000000	0.000000000114
200.500000000000	0.000000000141
201.000000000000	0.000000000622
201.500000000000	0.000000000765
202.000000000000	0.000000001138
202.500000000000	0.000000000193
203.000000000000	0.000000000128
203.500000000000	0.000000000744
204.000000000000	0.000000000194
204.500000000000	0.000000000209
205.000000000000	0.000000000615
205.500000000000	0.000000000104
206.000000000000	0.000000000858
206.500000000000	0.000000000156
207.000000000000	0.000000000192
207.500000000000	0.000000001145
208.000000000000	0.000000000989
208.500000000000	0.000000000279
209.000000000000	0.000000001501
209.500000000000	0.000000000356
210.000000000000	0.000000001117
210.500000000000	0.000000000245
211.000000000000	0.000000000237
211.500000000000	0.000000000228
212.000000000000	0.000000000320
212.500000000000	0.000000001069
213.000000000000	0.000000000191
213.500000000000	0.000000000396
214.000000000000	0.000000000360
214.500000000000	0.000000000180
215.000000000000	0.000000000074
215.500000000000	0.000000000113
216.000000000000	0.000000000349
216.500000000000	0.000000000076
217.000000000000	0.000000000115
217.500000000000	0.000000001088
218.000000000000	0.000000000443
218.500000000000	0.000000000341
219.000000000000	0.000000000656
219.500000000000	-0.000000000014
220.000000000000	0.000000001081
220.500000000000	0.000000000285
221.000000000000	0.000000000418
221.500000000000	-0.000000000039
222.000000000000	0.000000000137
222.500000000000	0.000000000093
223.000000000000	-0.000000000331
223.500000000000	0.000000000983
224.000000000000	0.000000000129
224.500000000000	0.000000000205
225.000000000000	0.000000001032
225.500000000000	-0.000000000101
226.000000000000	0.000000000681
226.500000000000	0.000000000215
227.000000000000	0.000000001263
227.500000000000	-0.000000000091
228.000000000000	0.000000000160
228.500000000000	0.000000000790
229.000000000000	0.000000000286
229.500000000000	0.000000001096
230.000000000000	0.000000000936
230.500000000000	0.000000000417
231.000000000000	-0.000000000028
231.500000000000	0.000000000613
232.000000000000	0.000000000071
232.500000000000	0.000000001151
233.000000000000	0.000000000013
233.500000000000	0.000000000707
234.000000000000	0.000000001249
234.500000000000	0.000000000264
235.000000000000	0.000000000563
235.500000000000	-0.000000000370
236.000000000000	0.000000000671
236.500000000000	0.000000000797
237.000000000000	0.000000000095
237.500000000000	0.000000000690
238.000000000000	0.000000000193
238.500000000000	0.000000001033
239.000000000000	0.000000000271
239.500000000000	0.000000000066
240.000000000000	0.000000000837
240.500000000000	0.000000000001
241.000000000000	0.000000001160
241.500000000000	0.000000000570
242.000000000000	0.000000000023
242.500000000000	0.000000000655
243.000000000000	0.000000000016
243.500000000000	0.000000000961
244.000000000000	0.000000001088
244.500000000000	0.000000000169
245.000000000000	0.000000001408
245.500000000000	0.000000000363
246.000000000000	0.000000001118
246.500000000000	0.000000000163
247.000000000000	0.000000000177
247.500000000000	0.000000000345
248.000000000000	0.000000000291
248.500000000000	0.000000000231
249.000000000000	0.000000000565
249.500000000000	0.000000000254
250.000000000000	0.000000001303
250.500000000000	0.000000000068
251.000000000000	0.000000001219
251.500000000000	0.000000000193
252.000000000000	0.000000000105
252.500000000000	0.000000000400
253.000000000000	0.000000000514
253.500000000000	0.000000000538
254.000000000000	0.000000000247
254.500000000000	-0.000000000088
255.000000000000	0.000000000155
255.500000000000	-0.000000000125
256.000000000000	0.000000000236
256.500000000000	0.000000000260
257.000000000000	0.000000000379
257.500000000000	0.000000000713
258.000000000000	0.000000000839
258.500000000000	0.000000001081
259.000000000000	0.000000001405
259.500000000000	0.000000000773
260.000000000000	0.000000000664
260.500000000000	-0.000000000110
261.000000000000	0.000000001394
261.500000000000	0.000000000684
262.000000000000	0.000000001349
262.500000000000	-0.000000001482
263.000000000000	0.000000001245
263.500000000000	0.000000001998
264.000000000000	0.000000001299
264.500000000000	0.000000000046
265.000000000000	-0.000000000294
265.500000000000	-0.000000000674
266.000000000000	-0.000000000686
266.500000000000	-0.000000001058
267.000000000000	0.000000000526
267.500000000000	0.000000002681
268.000000000000	0.000000000202
268.500000000000	0.000000000023
269.000000000000	-0.000000001770
269.500000000000	0.000000000007
270.000000000000	0.000000000679
270.500000000000	0.000000000309
271.000000000000	0.000000000006
271.500000000000	-0.000000000118
272.000000000000	-0.000000000267
272.500000000000	-0.000000000251
273.000000000000	-0.000000001236
273.500000000000	-0.000000000631
274.000000000000	-0.000000000051
274.500000000000	0.000000000006
275.000000000000	0.000000000295
275.500000000000	-0.000000000264
276.000000000000	0.000000000097
276.500000000000	0.000000000580
277.000000000000	0.000000000041
277.500000000000	0.000000000487
278.000000000000	0.000000000010
278.500000000000	0.000000001209
279.000000000000	0.000000000710
279.500000000000	0.000000000492
280.000000000000	0.000000000100
280.500000000000	-0.000000001138
281.000000000000	0.000000000004
281.500000000000	0.000000000425
282.000000000000	0.000000000049
282.500000000000	0.000000001258
283.000000000000	0.000000000093
283.500000000000	0.000000000077
284.000000000000	0.000000000813
284.500000000000	0.000000000138
285.000000000000	0.000000001239
285.500000000000	0.000000000010
286.000000000000	0.000000000115
286.500000000000	0.000000002689
287.000000000000	-0.000000002039
287.500000000000	0.000000002941
288.000000000000	-0.000000000324
288.500000000000	0.000000000400
289.000000000000	0.000000000114
289.500000000000	0.000000000704
290.000000000000	0.000000000067
290.500000000000	-0.000000000002
291.000000000000	0.000000000043
291.500000000000	-0.000000000145
292.000000000000	0.000000001519
292.500000000000	0.000000000457
293.000000000000	0.000000000114
293.500000000000	0.000000001919
294.000000000000	0.000000000705
294.500000000000	0.000000001643
295.000000000000	-0.000000000410
295.500000000000	0.000000001728
296.000000000000	-0.000000000443
296.500000000000	0.000000000259
297.000000000000	0.000000000124
297.500000000000	0.000000000119
298.000000000000	0.000000000735
298.500000000000	0.000000000070
299.000000000000	0.000000000233
299.500000000000	0.000000001640
