t (s)	Ids (Amps)
0.000000000000	0.000000000539
0.500000000000	0.000000000560
1.000000000000	0.000000000538
1.500000000000	0.000000000536
2.000000000000	0.000000000539
2.500000000000	0.000000000546
3.000000000000	0.000000000798
3.500000000000	0.000000000528
4.000000000000	0.000000000562
4.500000000000	0.000000000688
5.000000000000	0.000000000655
5.500000000000	0.000000000445
6.000000000000	0.000000000578
6.500000000000	0.000000000603
7.000000000000	0.000000000557
7.500000000000	0.000000000599
8.000000000000	0.000000000434
8.500000000000	0.000000000442
9.000000000000	0.000000000711
9.500000000000	0.000000000698
10.000000000000	0.000000000714
10.500000000000	0.000000000738
11.000000000000	0.000000000401
11.500000000000	0.000000000436
12.000000000000	0.000000000454
12.500000000000	0.000000000487
13.000000000000	0.000000000470
13.500000000000	0.000000000469
14.000000000000	0.000000000512
14.500000000000	0.000000000513
15.000000000000	0.000000000510
15.500000000000	0.000000000501
16.000000000000	0.000000000508
16.500000000000	0.000000000506
17.000000000000	0.000000000521
17.500000000000	0.000000000530
18.000000000000	0.000000000503
18.500000000000	0.000000000526
19.000000000000	0.000000000528
19.500000000000	0.000000000522
20.000000000000	0.000000000519
20.500000000000	0.000000000529
21.000000000000	0.000000000536
21.500000000000	0.000000000546
22.000000000000	0.000000000538
22.500000000000	0.000000000529
23.000000000000	0.000000000532
23.500000000000	0.000000000527
24.000000000000	0.000000000535
24.500000000000	0.000000000546
25.000000000000	0.000000000549
25.500000000000	0.000000000528
26.000000000000	0.000000000538
26.500000000000	0.000000000548
27.000000000000	0.000000000548
27.500000000000	0.000000000557
28.000000000000	0.000000000549
28.500000000000	0.000000000534
29.000000000000	0.000000000557
29.500000000000	0.000000000543
30.000000000000	0.000000000537
30.500000000000	0.000000000529
31.000000000000	0.000000000546
31.500000000000	0.000000000552
32.000000000000	0.000000000539
32.500000000000	0.000000000558
33.000000000000	0.000000000545
33.500000000000	0.000000000539
34.000000000000	0.000000000543
34.500000000000	0.000000000548
35.000000000000	0.000000000538
35.500000000000	0.000000000539
36.000000000000	0.000000000544
36.500000000000	0.000000000555
37.000000000000	0.000000000551
37.500000000000	0.000000000573
38.000000000000	0.000000000637
38.500000000000	0.000000000590
39.000000000000	0.000000000583
39.500000000000	0.000000000555
40.000000000000	0.000000000550
40.500000000000	0.000000000539
41.000000000000	0.000000000548
41.500000000000	0.000000000551
42.000000000000	0.000000000552
42.500000000000	0.000000000579
43.000000000000	0.000000000553
43.500000000000	0.000000000540
44.000000000000	0.000000000531
44.500000000000	0.000000000535
45.000000000000	0.000000000539
45.500000000000	0.000000000546
46.000000000000	0.000000000557
46.500000000000	0.000000000548
47.000000000000	0.000000000532
47.500000000000	0.000000000523
48.000000000000	0.000000000535
48.500000000000	0.000000000528
49.000000000000	0.000000000571
49.500000000000	0.000000000574
50.000000000000	0.000000000533
50.500000000000	0.000000000515
51.000000000000	0.000000000531
51.500000000000	0.000000000522
52.000000000000	0.000000000548
52.500000000000	0.000000000573
53.000000000000	0.000000000559
53.500000000000	0.000000000582
54.000000000000	0.000000000517
54.500000000000	0.000000000529
55.000000000000	0.000000000567
55.500000000000	0.000000000550
56.000000000000	0.000000000540
56.500000000000	0.000000000543
57.000000000000	0.000000000573
57.500000000000	0.000000000560
58.000000000000	0.000000000547
58.500000000000	0.000000000535
59.000000000000	0.000000000552
59.500000000000	0.000000000556
60.000000000000	0.000000000551
60.500000000000	0.000000000565
61.000000000000	0.000000000572
61.500000000000	0.000000000572
62.000000000000	0.000000000545
62.500000000000	0.000000000548
63.000000000000	0.000000000503
63.500000000000	0.000000000512
64.000000000000	0.000000000559
64.500000000000	0.000000000519
65.000000000000	0.000000000605
65.500000000000	0.000000000570
66.000000000000	0.000000000550
66.500000000000	0.000000000544
67.000000000000	0.000000000571
67.500000000000	0.000000000600
68.000000000000	0.000000000576
68.500000000000	0.000000000584
69.000000000000	0.000000000549
69.500000000000	0.000000000525
70.000000000000	0.000000000581
70.500000000000	0.000000000548
71.000000000000	0.000000000603
71.500000000000	0.000000000589
72.000000000000	0.000000000508
72.500000000000	0.000000000536
73.000000000000	0.000000000547
73.500000000000	0.000000000470
74.000000000000	0.000000000546
74.500000000000	0.000000000516
75.000000000000	0.000000000527
75.500000000000	0.000000000526
76.000000000000	0.000000000550
76.500000000000	0.000000000580
77.000000000000	0.000000000540
77.500000000000	0.000000000546
78.000000000000	0.000000000538
78.500000000000	0.000000000491
79.000000000000	0.000000000539
79.500000000000	0.000000000542
80.000000000000	0.000000000568
80.500000000000	0.000000000565
81.000000000000	0.000000000539
81.500000000000	0.000000000545
82.000000000000	0.000000000572
82.500000000000	0.000000000540
83.000000000000	0.000000000544
83.500000000000	0.000000000560
84.000000000000	0.000000000534
84.500000000000	0.000000000536
85.000000000000	0.000000000542
85.500000000000	0.000000000541
86.000000000000	0.000000000541
86.500000000000	0.000000000533
87.000000000000	0.000000000552
87.500000000000	0.000000000547
88.000000000000	0.000000000533
88.500000000000	0.000000000553
89.000000000000	0.000000000555
89.500000000000	0.000000000547
90.000000000000	0.000000000557
90.500000000000	0.000000000553
91.000000000000	0.000000000549
91.500000000000	0.000000000544
92.000000000000	0.000000000543
92.500000000000	0.000000000545
93.000000000000	0.000000000540
93.500000000000	0.000000000552
94.000000000000	0.000000000429
94.500000000000	0.000000000627
95.000000000000	0.000000000565
95.500000000000	0.000000000455
96.000000000000	0.000000000549
96.500000000000	0.000000000563
97.000000000000	0.000000000512
97.500000000000	0.000000000751
98.000000000000	0.000000000973
98.500000000000	0.000000000583
99.000000000000	0.000000000654
99.500000000000	0.000000000515
100.000000000000	0.000000000478
100.500000000000	0.000000000372
101.000000000000	0.000000000510
101.500000000000	0.000000000640
102.000000000000	0.000000000578
102.500000000000	0.000000000585
103.000000000000	0.000000000575
103.500000000000	0.000000000594
104.000000000000	0.000000000586
104.500000000000	0.000000000560
105.000000000000	0.000000000555
105.500000000000	0.000000000555
106.000000000000	0.000000000573
106.500000000000	0.000000000570
107.000000000000	0.000000000563
107.500000000000	0.000000000550
108.000000000000	0.000000000546
108.500000000000	0.000000000544
109.000000000000	0.000000000547
109.500000000000	0.000000000493
110.000000000000	0.000000000564
110.500000000000	0.000000000556
111.000000000000	0.000000000539
111.500000000000	0.000000000491
112.000000000000	0.000000000492
112.500000000000	0.000000000566
113.000000000000	0.000000000530
113.500000000000	0.000000000535
114.000000000000	0.000000000541
114.500000000000	0.000000000524
115.000000000000	0.000000000536
115.500000000000	0.000000000542
116.000000000000	0.000000000547
116.500000000000	0.000000000542
117.000000000000	0.000000000545
117.500000000000	0.000000000540
118.000000000000	0.000000000556
118.500000000000	0.000000000545
119.000000000000	0.000000000569
119.500000000000	0.000000000556
120.000000000000	0.000000000527
120.500000000000	0.000000000532
121.000000000000	0.000000000534
121.500000000000	0.000000000815
122.000000000000	0.000000000723
122.500000000000	0.000000000465
123.000000000000	0.000000000617
123.500000000000	0.000000000548
124.000000000000	0.000000000550
124.500000000000	0.000000000544
125.000000000000	0.000000000537
125.500000000000	0.000000000542
126.000000000000	0.000000000534
126.500000000000	0.000000000575
127.000000000000	0.000000000538
127.500000000000	0.000000000526
128.000000000000	0.000000000537
128.500000000000	0.000000000555
129.000000000000	0.000000000519
129.500000000000	0.000000000546
130.000000000000	0.000000000557
130.500000000000	0.000000000559
131.000000000000	0.000000000570
131.500000000000	0.000000000566
132.000000000000	0.000000000541
132.500000000000	0.000000000551
133.000000000000	0.000000000544
133.500000000000	0.000000000564
134.000000000000	0.000000000561
134.500000000000	0.000000000553
135.000000000000	0.000000000559
135.500000000000	0.000000000533
136.000000000000	0.000000000552
136.500000000000	0.000000000538
137.000000000000	0.000000000552
137.500000000000	0.000000000539
138.000000000000	0.000000000544
138.500000000000	0.000000000531
139.000000000000	0.000000000544
139.500000000000	0.000000000536
140.000000000000	0.000000000556
140.500000000000	0.000000000542
141.000000000000	0.000000000537
141.500000000000	0.000000000543
142.000000000000	0.000000000547
142.500000000000	0.000000000536
143.000000000000	0.000000000541
143.500000000000	0.000000000558
144.000000000000	0.000000000533
144.500000000000	0.000000000541
145.000000000000	0.000000000535
145.500000000000	0.000000000535
146.000000000000	0.000000000528
146.500000000000	0.000000000544
147.000000000000	0.000000000540
147.500000000000	0.000000000546
148.000000000000	0.000000000538
148.500000000000	0.000000000542
149.000000000000	0.000000000544
149.500000000000	0.000000000519
150.000000000000	0.000000000533
150.500000000000	0.000000000519
151.000000000000	0.000000000557
151.500000000000	0.000000000531
152.000000000000	0.000000000543
152.500000000000	0.000000000543
153.000000000000	0.000000000526
153.500000000000	0.000000000542
154.000000000000	0.000000000532
154.500000000000	0.000000000519
155.000000000000	0.000000000516
155.500000000000	0.000000000551
156.000000000000	0.000000000564
156.500000000000	0.000000000537
157.000000000000	0.000000000512
157.500000000000	0.000000000596
158.000000000000	0.000000000510
158.500000000000	0.000000000516
159.000000000000	0.000000000561
159.500000000000	0.000000000556
160.000000000000	0.000000000528
160.500000000000	0.000000000538
161.000000000000	0.000000000746
161.500000000000	-0.000000000180
162.000000000000	0.000000000413
162.500000000000	0.000000000519
163.000000000000	0.000000000512
163.500000000000	0.000000000530
164.000000000000	0.000000000559
164.500000000000	0.000000000570
165.000000000000	0.000000000527
165.500000000000	0.000000000563
166.000000000000	0.000000000584
166.500000000000	0.000000000550
167.000000000000	0.000000000549
167.500000000000	0.000000000551
168.000000000000	0.000000000522
168.500000000000	0.000000000543
169.000000000000	0.000000000543
169.500000000000	0.000000000546
170.000000000000	0.000000000554
170.500000000000	0.000000000534
171.000000000000	0.000000000527
171.500000000000	0.000000000526
172.000000000000	0.000000000554
172.500000000000	0.000000000554
173.000000000000	0.000000000548
173.500000000000	0.000000000556
174.000000000000	0.000000000547
174.500000000000	0.000000000541
175.000000000000	0.000000000548
175.500000000000	0.000000000573
176.000000000000	0.000000000531
176.500000000000	0.000000000490
177.000000000000	0.000000000608
177.500000000000	0.000000000575
178.000000000000	0.000000000575
178.500000000000	0.000000000621
179.000000000000	0.000000000542
179.500000000000	0.000000000648
180.000000000000	0.000000000522
180.500000000000	0.000000000707
181.000000000000	0.000000000601
181.500000000000	0.000000000660
182.000000000000	0.000000000389
182.500000000000	0.000000000680
183.000000000000	0.000000000564
183.500000000000	0.000000000496
184.000000000000	0.000000000519
184.500000000000	0.000000000628
185.000000000000	0.000000000392
185.500000000000	0.000000000546
186.000000000000	0.000000000617
186.500000000000	0.000000000531
187.000000000000	0.000000000467
187.500000000000	0.000000000531
188.000000000000	0.000000000549
188.500000000000	0.000000000487
189.000000000000	0.000000000608
189.500000000000	0.000000000526
190.000000000000	0.000000000531
190.500000000000	0.000000000518
191.000000000000	0.000000000531
191.500000000000	0.000000000517
192.000000000000	0.000000000587
192.500000000000	0.000000000549
193.000000000000	0.000000000551
193.500000000000	0.000000000558
194.000000000000	0.000000000555
194.500000000000	0.000000000550
195.000000000000	0.000000000537
195.500000000000	0.000000000533
196.000000000000	0.000000000524
196.500000000000	0.000000000554
197.000000000000	0.000000000541
197.500000000000	0.000000000548
198.000000000000	0.000000000564
198.500000000000	0.000000000542
199.000000000000	0.000000000548
199.500000000000	0.000000000527
200.000000000000	0.000000000527
200.500000000000	0.000000000531
201.000000000000	0.000000000541
201.500000000000	0.000000000545
202.000000000000	0.000000000540
202.500000000000	0.000000000572
203.000000000000	0.000000000564
203.500000000000	0.000000000541
204.000000000000	0.000000000535
204.500000000000	0.000000000537
205.000000000000	0.000000000534
205.500000000000	0.000000000536
206.000000000000	0.000000000607
206.500000000000	0.000000000504
207.000000000000	0.000000000509
207.500000000000	0.000000000104
208.000000000000	0.000000000509
208.500000000000	0.000000000221
209.000000000000	0.000000000474
209.500000000000	0.000000000461
210.000000000000	0.000000001087
210.500000000000	0.000000000820
211.000000000000	0.000000000752
211.500000000000	0.000000000620
212.000000000000	0.000000000583
212.500000000000	0.000000000536
213.000000000000	0.000000000544
213.500000000000	0.000000000533
214.000000000000	0.000000000545
214.500000000000	0.000000000485
215.000000000000	0.000000000630
215.500000000000	0.000000000527
216.000000000000	0.000000000571
216.500000000000	0.000000000560
217.000000000000	0.000000000516
217.500000000000	0.000000000522
218.000000000000	0.000000000535
218.500000000000	0.000000000386
219.000000000000	0.000000000556
219.500000000000	0.000000000550
220.000000000000	0.000000000542
220.500000000000	0.000000000684
221.000000000000	0.000000000562
221.500000000000	0.000000000581
222.000000000000	0.000000000642
222.500000000000	0.000000000654
223.000000000000	0.000000000601
223.500000000000	0.000000000544
224.000000000000	0.000000000592
224.500000000000	0.000000000503
225.000000000000	0.000000000534
225.500000000000	0.000000000540
226.000000000000	0.000000000507
226.500000000000	0.000000000556
227.000000000000	0.000000000527
227.500000000000	0.000000000547
228.000000000000	0.000000000454
228.500000000000	0.000000000474
229.000000000000	0.000000000513
229.500000000000	0.000000000757
230.000000000000	0.000000000640
230.500000000000	0.000000000445
231.000000000000	0.000000000585
231.500000000000	0.000000000592
232.000000000000	0.000000000617
232.500000000000	0.000000000607
233.000000000000	0.000000000593
233.500000000000	0.000000000490
234.000000000000	0.000000000622
234.500000000000	0.000000000548
235.000000000000	0.000000000564
235.500000000000	0.000000000446
236.000000000000	0.000000000501
236.500000000000	0.000000000569
237.000000000000	0.000000000533
237.500000000000	0.000000000421
238.000000000000	0.000000000541
238.500000000000	0.000000000648
239.000000000000	0.000000000548
239.500000000000	0.000000000458
240.000000000000	0.000000000481
240.500000000000	0.000000000561
241.000000000000	0.000000000366
241.500000000000	0.000000000241
242.000000000000	0.000000000519
242.500000000000	0.000000000652
243.000000000000	0.000000000590
243.500000000000	0.000000000705
244.000000000000	0.000000000584
244.500000000000	0.000000000579
245.000000000000	0.000000000570
245.500000000000	0.000000000481
246.000000000000	0.000000000597
246.500000000000	0.000000000562
247.000000000000	0.000000000574
247.500000000000	0.000000000564
248.000000000000	0.000000000605
248.500000000000	0.000000000556
249.000000000000	0.000000000531
249.500000000000	0.000000000595
250.000000000000	0.000000000589
250.500000000000	0.000000000589
251.000000000000	0.000000000561
251.500000000000	0.000000000555
252.000000000000	0.000000000559
252.500000000000	0.000000000566
253.000000000000	0.000000000551
253.500000000000	0.000000000546
254.000000000000	0.000000000540
254.500000000000	0.000000000537
255.000000000000	0.000000000526
255.500000000000	0.000000000541
256.000000000000	0.000000000549
256.500000000000	0.000000000563
257.000000000000	0.000000000533
257.500000000000	0.000000000526
258.000000000000	0.000000000513
258.500000000000	0.000000000515
259.000000000000	0.000000000527
259.500000000000	0.000000000531
260.000000000000	0.000000000509
260.500000000000	0.000000000519
261.000000000000	0.000000000512
261.500000000000	0.000000000482
262.000000000000	0.000000000506
262.500000000000	0.000000000512
263.000000000000	0.000000000521
263.500000000000	0.000000000527
264.000000000000	0.000000000548
264.500000000000	0.000000000540
265.000000000000	0.000000000519
265.500000000000	0.000000000540
266.000000000000	0.000000000535
266.500000000000	0.000000000540
267.000000000000	0.000000000539
267.500000000000	0.000000000532
268.000000000000	0.000000000520
268.500000000000	0.000000000531
269.000000000000	0.000000000519
269.500000000000	0.000000000532
270.000000000000	0.000000000526
270.500000000000	0.000000000562
271.000000000000	0.000000000572
271.500000000000	0.000000000519
272.000000000000	0.000000000514
272.500000000000	0.000000000518
273.000000000000	0.000000000517
273.500000000000	0.000000000494
274.000000000000	0.000000000550
274.500000000000	0.000000000530
275.000000000000	0.000000000546
275.500000000000	0.000000000500
276.000000000000	0.000000000516
276.500000000000	0.000000000484
277.000000000000	0.000000000611
277.500000000000	0.000000000528
278.000000000000	0.000000000564
278.500000000000	0.000000000529
279.000000000000	0.000000000498
279.500000000000	0.000000000507
280.000000000000	0.000000000519
280.500000000000	0.000000000520
281.000000000000	0.000000000521
281.500000000000	0.000000000525
282.000000000000	0.000000000534
282.500000000000	0.000000000526
283.000000000000	0.000000000524
283.500000000000	0.000000000525
284.000000000000	0.000000000563
284.500000000000	0.000000000525
285.000000000000	0.000000000527
285.500000000000	0.000000000515
286.000000000000	0.000000000543
286.500000000000	0.000000000559
287.000000000000	0.000000000538
287.500000000000	0.000000000538
288.000000000000	0.000000000532
288.500000000000	0.000000000530
289.000000000000	0.000000000513
289.500000000000	0.000000000531
290.000000000000	0.000000000541
290.500000000000	0.000000000529
291.000000000000	0.000000000534
291.500000000000	0.000000000545
292.000000000000	0.000000000542
292.500000000000	0.000000000540
293.000000000000	0.000000000532
293.500000000000	0.000000000540
294.000000000000	0.000000000545
294.500000000000	0.000000000539
295.000000000000	0.000000000542
295.500000000000	0.000000000557
296.000000000000	0.000000000551
296.500000000000	0.000000000543
297.000000000000	0.000000000545
297.500000000000	0.000000000551
298.000000000000	0.000000000527
298.500000000000	0.000000000534
299.000000000000	0.000000000538
299.500000000000	0.000000000549
