Voltage   	Current	
19.988280	6.753010E-9
18.999860	1.021828E-11
17.999500	1.468740E-10
17.000030	-2.895600E-11
15.999680	-3.432121E-11
15.000640	-3.680128E-11
13.999960	-5.406040E-11
13.000840	-5.006198E-11
12.000320	-2.518062E-10
11.000870	8.355684E-11
10.000190	-9.019827E-11
9.001057	-1.023960E-10
8.000435	-9.784118E-11
6.999757	-9.773968E-11
6.000848	-1.130751E-10
5.000196	-1.407609E-10
4.000905	-2.704322E-10
3.000467	-2.224506E-10
2.001086	-2.622327E-10
1.000090	-2.085825E-10
0.000602	-2.295366E-10
0.998288	8.542961E-11
1.999004	-1.802392E-10
2.998257	-2.917907E-10
3.999201	-3.296491E-10
4.998192	-3.659894E-10
5.999071	-3.136557E-10
6.998183	-3.687736E-10
7.998607	-1.432913E-10
8.998899	-3.605230E-10
9.997996	-3.893728E-10
10.998540	-4.181214E-10
11.998050	-3.939279E-10
12.998530	-5.928380E-10
13.997990	-4.641793E-10
14.998830	-4.160456E-10
15.997980	-4.394293E-10
16.998660	-4.108832E-10
17.997860	-4.367973E-10
18.998170	-4.207024E-10
