t (s)	Ids (Amps)
0.000000000000	-0.000000000095
0.500000000000	-0.000000000073
1.000000000000	-0.000000000049
1.500000000000	-0.000000000116
2.000000000000	0.000000000422
2.500000000000	-0.000000000327
3.000000000000	0.000000000287
3.500000000000	-0.000000000243
4.000000000000	-0.000000000945
4.500000000000	0.000000000040
5.000000000000	0.000000000019
5.500000000000	0.000000000072
6.000000000000	-0.000000000031
6.500000000000	0.000000000001
7.000000000000	-0.000000000062
7.500000000000	-0.000000000119
8.000000000000	-0.000000000060
8.500000000000	-0.000000000090
9.000000000000	-0.000000000035
9.500000000000	-0.000000000056
10.000000000000	-0.000000000091
10.500000000000	-0.000000000074
11.000000000000	-0.000000000040
11.500000000000	-0.000000000079
12.000000000000	-0.000000000096
12.500000000000	-0.000000000070
13.000000000000	-0.000000000064
13.500000000000	-0.000000000028
14.000000000000	-0.000000000068
14.500000000000	-0.000000000056
15.000000000000	-0.000000000046
15.500000000000	-0.000000000093
16.000000000000	-0.000000000064
16.500000000000	-0.000000000058
17.000000000000	-0.000000000104
17.500000000000	-0.000000000091
18.000000000000	-0.000000000092
18.500000000000	-0.000000000055
19.000000000000	-0.000000000065
19.500000000000	-0.000000000089
20.000000000000	-0.000000000064
20.500000000000	0.000000023362
21.000000000000	-0.000000000016
21.500000000000	-0.000000000024
22.000000000000	0.000000000533
22.500000000000	-0.000000000024
23.000000000000	0.000000000123
23.500000000000	0.000000000038
24.000000000000	0.000000000097
24.500000000000	0.000000000580
25.000000000000	0.000000000045
25.500000000000	0.000000000036
26.000000000000	0.000000000007
26.500000000000	0.000000000113
27.000000000000	0.000000000188
27.500000000000	0.000000000058
28.000000000000	0.000000000076
28.500000000000	0.000000000074
29.000000000000	0.000000000153
29.500000000000	0.000000000076
30.000000000000	0.000000000120
30.500000000000	0.000000000022
31.000000000000	0.000000000081
31.500000000000	0.000000000055
32.000000000000	0.000000000155
32.500000000000	0.000000000024
33.000000000000	-0.000000000021
33.500000000000	-0.000000000011
34.000000000000	-0.000000000001
34.500000000000	0.000000000057
35.000000000000	0.000000000039
35.500000000000	-0.000000000038
36.000000000000	0.000000000020
36.500000000000	-0.000000000036
37.000000000000	0.000000000020
37.500000000000	-0.000000000007
38.000000000000	-0.000000000040
38.500000000000	-0.000000000018
39.000000000000	0.000000000017
39.500000000000	-0.000000000002
40.000000000000	-0.000000000030
40.500000000000	-0.000000000052
41.000000000000	-0.000000000027
41.500000000000	-0.000000000026
42.000000000000	0.000000000012
42.500000000000	-0.000000000038
43.000000000000	-0.000000000055
43.500000000000	-0.000000000030
44.000000000000	-0.000000000008
44.500000000000	0.000000000002
45.000000000000	-0.000000000043
45.500000000000	-0.000000000081
46.000000000000	0.000000000021
46.500000000000	-0.000000000085
47.000000000000	-0.000000000045
47.500000000000	-0.000000000062
48.000000000000	-0.000000000118
48.500000000000	-0.000000000019
49.000000000000	-0.000000000072
49.500000000000	-0.000000000025
50.000000000000	-0.000000000040
50.500000000000	-0.000000000107
51.000000000000	-0.000000000028
51.500000000000	-0.000000000076
52.000000000000	-0.000000000008
52.500000000000	-0.000000000037
53.000000000000	-0.000000000093
53.500000000000	-0.000000000028
54.000000000000	0.000000000010
54.500000000000	0.000000000119
55.000000000000	0.000000000011
55.500000000000	0.000000000004
56.000000000000	0.000000000131
56.500000000000	0.000000000201
57.000000000000	0.000000000097
57.500000000000	0.000000000104
58.000000000000	0.000000000081
58.500000000000	0.000000000217
59.000000000000	0.000000000143
59.500000000000	0.000000000237
60.000000000000	0.000000000334
60.500000000000	0.000000000105
61.000000000000	0.000000000083
61.500000000000	0.000000000102
62.000000000000	0.000000000172
62.500000000000	0.000000000103
63.000000000000	0.000000000049
63.500000000000	0.000000000061
64.000000000000	0.000000000033
64.500000000000	0.000000000065
65.000000000000	0.000000000021
65.500000000000	0.000000000005
66.000000000000	0.000000000027
66.500000000000	0.000000000009
67.000000000000	0.000000000078
67.500000000000	0.000000000026
68.000000000000	0.000000000008
68.500000000000	-0.000000000012
69.000000000000	-0.000000000060
69.500000000000	0.000000000049
70.000000000000	-0.000000000007
70.500000000000	-0.000000000005
71.000000000000	-0.000000000033
71.500000000000	-0.000000000015
72.000000000000	0.000000000052
72.500000000000	0.000000000016
73.000000000000	0.000000000002
73.500000000000	0.000000000003
74.000000000000	0.000000000002
74.500000000000	0.000000000014
75.000000000000	0.000000000017
75.500000000000	-0.000000000069
76.000000000000	-0.000000000012
76.500000000000	-0.000000000018
77.000000000000	0.000000000032
77.500000000000	0.000000000006
78.000000000000	-0.000000000052
78.500000000000	0.000000000012
79.000000000000	-0.000000000083
79.500000000000	0.000000000031
80.000000000000	0.000000000013
80.500000000000	-0.000000000012
81.000000000000	-0.000000000048
81.500000000000	0.000000000012
82.000000000000	-0.000000000015
82.500000000000	-0.000000000054
83.000000000000	-0.000000000103
83.500000000000	-0.000000000165
84.000000000000	-0.000000000112
84.500000000000	-0.000000000063
85.000000000000	-0.000000000183
85.500000000000	-0.000000022802
86.000000000000	-0.000000000168
86.500000000000	-0.000000000228
87.000000000000	-0.000000000103
87.500000000000	-0.000000000129
88.000000000000	-0.000000000179
88.500000000000	-0.000000000225
89.000000000000	-0.000000000242
89.500000000000	-0.000000000179
90.000000000000	-0.000000000177
90.500000000000	-0.000000000136
91.000000000000	-0.000000000168
91.500000000000	-0.000000000134
92.000000000000	-0.000000000083
92.500000000000	-0.000000000148
93.000000000000	-0.000000000158
93.500000000000	-0.000000000122
94.000000000000	-0.000000000121
94.500000000000	-0.000000000081
95.000000000000	-0.000000000123
95.500000000000	-0.000000000112
96.000000000000	-0.000000000142
96.500000000000	-0.000000000162
97.000000000000	-0.000000000117
97.500000000000	-0.000000000086
98.000000000000	-0.000000000098
98.500000000000	-0.000000000194
99.000000000000	-0.000000000121
99.500000000000	-0.000000000178
100.000000000000	-0.000000000289
100.500000000000	-0.000000000272
101.000000000000	-0.000000000332
101.500000000000	-0.000000000226
102.000000000000	-0.000000000232
102.500000000000	-0.000000000292
103.000000000000	-0.000000000280
103.500000000000	-0.000000000378
104.000000000000	-0.000000000366
104.500000000000	-0.000000000315
105.000000000000	-0.000000000274
105.500000000000	-0.000000000192
106.000000000000	-0.000000000244
106.500000000000	-0.000000000246
107.000000000000	-0.000000000191
107.500000000000	-0.000000000233
108.000000000000	-0.000000000195
108.500000000000	-0.000000000239
109.000000000000	-0.000000000177
109.500000000000	-0.000000000188
110.000000000000	-0.000000000193
110.500000000000	-0.000000000175
111.000000000000	-0.000000000221
111.500000000000	-0.000000000167
112.000000000000	-0.000000000159
112.500000000000	-0.000000000173
113.000000000000	-0.000000000167
113.500000000000	-0.000000000187
114.000000000000	-0.000000000153
114.500000000000	-0.000000000162
115.000000000000	-0.000000000180
115.500000000000	-0.000000000147
116.000000000000	-0.000000000147
116.500000000000	-0.000000000198
117.000000000000	-0.000000000168
117.500000000000	-0.000000000129
118.000000000000	-0.000000000187
118.500000000000	-0.000000000171
119.000000000000	-0.000000000308
119.500000000000	-0.000000000203
120.000000000000	0.000000000072
120.500000000000	-0.000000000157
121.000000000000	-0.000000000145
121.500000000000	0.000000000075
122.000000000000	0.000000000497
122.500000000000	-0.000000000130
123.000000000000	-0.000000000147
123.500000000000	-0.000000000197
124.000000000000	-0.000000000178
124.500000000000	-0.000000000733
125.000000000000	-0.000000000295
125.500000000000	-0.000000000192
126.000000000000	-0.000000000077
126.500000000000	-0.000000000213
127.000000000000	-0.000000000124
127.500000000000	-0.000000000106
128.000000000000	-0.000000000200
128.500000000000	-0.000000000163
129.000000000000	-0.000000000212
129.500000000000	-0.000000000154
130.000000000000	-0.000000000168
130.500000000000	-0.000000000230
131.000000000000	-0.000000000101
131.500000000000	-0.000000000263
132.000000000000	0.000000000062
132.500000000000	-0.000000000191
133.000000000000	-0.000000000146
133.500000000000	-0.000000000239
134.000000000000	-0.000000000140
134.500000000000	-0.000000000080
135.000000000000	-0.000000000220
135.500000000000	0.000000000181
136.000000000000	0.000000000618
136.500000000000	-0.000000000574
137.000000000000	-0.000000000380
137.500000000000	-0.000000000321
138.000000000000	-0.000000000317
138.500000000000	-0.000000000215
139.000000000000	-0.000000000176
139.500000000000	-0.000000000117
140.000000000000	-0.000000000124
140.500000000000	-0.000000000127
141.000000000000	-0.000000000141
141.500000000000	-0.000000000169
142.000000000000	-0.000000000156
142.500000000000	-0.000000000112
143.000000000000	-0.000000000123
143.500000000000	-0.000000000124
144.000000000000	-0.000000000134
144.500000000000	-0.000000000112
145.000000000000	-0.000000000061
145.500000000000	-0.000000000141
146.000000000000	-0.000000000148
146.500000000000	-0.000000000212
147.000000000000	-0.000000000161
147.500000000000	-0.000000000110
148.000000000000	-0.000000000112
148.500000000000	-0.000000000119
149.000000000000	-0.000000000111
149.500000000000	-0.000000000191
150.000000000000	-0.000000000160
150.500000000000	-0.000000000119
151.000000000000	-0.000000000125
151.500000000000	-0.000000000148
152.000000000000	-0.000000000167
152.500000000000	-0.000000000095
153.000000000000	-0.000000000106
153.500000000000	-0.000000000128
154.000000000000	-0.000000000130
154.500000000000	-0.000000000184
155.000000000000	-0.000000000121
155.500000000000	-0.000000000160
156.000000000000	-0.000000000163
156.500000000000	-0.000000000196
157.000000000000	-0.000000000125
157.500000000000	-0.000000000182
158.000000000000	-0.000000000047
158.500000000000	-0.000000000086
159.000000000000	-0.000000000151
159.500000000000	-0.000000000185
160.000000000000	-0.000000000224
160.500000000000	-0.000000000227
161.000000000000	0.000000000047
161.500000000000	-0.000000000306
162.000000000000	-0.000000000213
162.500000000000	0.000000000070
163.000000000000	0.000000000180
163.500000000000	-0.000000000120
164.000000000000	-0.000000000221
164.500000000000	-0.000000000217
165.000000000000	-0.000000000105
165.500000000000	-0.000000000109
166.000000000000	-0.000000000252
166.500000000000	0.000000000051
167.000000000000	-0.000000000066
167.500000000000	0.000000000542
168.000000000000	0.000000000128
168.500000000000	-0.000000000117
169.000000000000	-0.000000000173
169.500000000000	-0.000000000269
170.000000000000	-0.000000000152
170.500000000000	-0.000000000323
171.000000000000	-0.000000000265
171.500000000000	-0.000000000154
172.000000000000	-0.000000000152
172.500000000000	-0.000000000004
173.000000000000	-0.000000000265
173.500000000000	-0.000000000220
174.000000000000	-0.000000000071
174.500000000000	-0.000000000052
175.000000000000	-0.000000000054
175.500000000000	-0.000000000032
176.000000000000	0.000000000177
176.500000000000	-0.000000000032
177.000000000000	-0.000000000139
177.500000000000	-0.000000000186
178.000000000000	-0.000000000140
178.500000000000	-0.000000000321
179.000000000000	-0.000000000118
179.500000000000	-0.000000000156
180.000000000000	0.000000000015
180.500000000000	0.000000000101
181.000000000000	-0.000000000047
181.500000000000	-0.000000000182
182.000000000000	-0.000000000303
182.500000000000	-0.000000000167
183.000000000000	0.000000000030
183.500000000000	0.000000000051
184.000000000000	-0.000000000033
184.500000000000	0.000000000098
185.000000000000	-0.000000000299
185.500000000000	-0.000000000089
186.000000000000	-0.000000000220
186.500000000000	-0.000000000052
187.000000000000	-0.000000000078
187.500000000000	0.000000000029
188.000000000000	-0.000000000202
188.500000000000	-0.000000000108
189.000000000000	-0.000000000207
189.500000000000	-0.000000000162
190.000000000000	-0.000000000246
190.500000000000	-0.000000000186
191.000000000000	-0.000000000091
191.500000000000	-0.000000000292
192.000000000000	-0.000000000137
192.500000000000	0.000000000142
193.000000000000	0.000000000428
193.500000000000	-0.000000000364
194.000000000000	-0.000000000121
194.500000000000	-0.000000000228
195.000000000000	-0.000000000166
195.500000000000	-0.000000000179
196.000000000000	-0.000000000131
196.500000000000	-0.000000000081
197.000000000000	-0.000000000174
197.500000000000	0.000000000035
198.000000000000	0.000000000057
198.500000000000	-0.000000000136
199.000000000000	-0.000000000008
199.500000000000	-0.000000000088
200.000000000000	-0.000000000098
200.500000000000	-0.000000000109
201.000000000000	-0.000000000079
201.500000000000	-0.000000000097
202.000000000000	-0.000000000207
202.500000000000	-0.000000000047
203.000000000000	-0.000000000455
203.500000000000	-0.000000000042
204.000000000000	-0.000000000136
204.500000000000	-0.000000000145
205.000000000000	-0.000000000116
205.500000000000	-0.000000000044
206.000000000000	-0.000000000061
206.500000000000	-0.000000000120
207.000000000000	-0.000000000122
207.500000000000	0.000000000032
208.000000000000	-0.000000000082
208.500000000000	0.000000000220
209.000000000000	-0.000000000148
209.500000000000	-0.000000000115
210.000000000000	-0.000000000041
210.500000000000	-0.000000000246
211.000000000000	-0.000000000056
211.500000000000	0.000000000027
212.000000000000	-0.000000000036
212.500000000000	-0.000000000196
213.000000000000	-0.000000000102
213.500000000000	-0.000000000115
214.000000000000	-0.000000000117
214.500000000000	-0.000000000146
215.000000000000	-0.000000000083
215.500000000000	-0.000000000078
216.000000000000	-0.000000000064
216.500000000000	-0.000000000078
217.000000000000	-0.000000000063
217.500000000000	-0.000000000149
218.000000000000	-0.000000000131
218.500000000000	-0.000000000112
219.000000000000	-0.000000000017
219.500000000000	-0.000000000092
220.000000000000	-0.000000000076
220.500000000000	-0.000000000056
221.000000000000	-0.000000000102
221.500000000000	-0.000000000075
222.000000000000	-0.000000000122
222.500000000000	-0.000000000057
223.000000000000	-0.000000000068
223.500000000000	-0.000000000043
224.000000000000	-0.000000000050
224.500000000000	-0.000000000118
225.000000000000	-0.000000000059
225.500000000000	-0.000000000031
226.000000000000	-0.000000000027
226.500000000000	-0.000000000037
227.000000000000	-0.000000000073
227.500000000000	-0.000000000070
228.000000000000	-0.000000000060
228.500000000000	-0.000000000067
229.000000000000	-0.000000000101
229.500000000000	0.000000000033
230.000000000000	-0.000000000182
230.500000000000	0.000000000023
231.000000000000	-0.000000000088
231.500000000000	-0.000000000068
232.000000000000	-0.000000000169
232.500000000000	-0.000000000072
233.000000000000	-0.000000000014
233.500000000000	-0.000000000076
234.000000000000	-0.000000000127
234.500000000000	-0.000000000134
235.000000000000	-0.000000000078
235.500000000000	-0.000000000041
236.000000000000	-0.000000000073
236.500000000000	-0.000000000050
237.000000000000	-0.000000000045
237.500000000000	0.000000000009
238.000000000000	-0.000000000074
238.500000000000	-0.000000000114
239.000000000000	-0.000000000039
239.500000000000	-0.000000000143
240.000000000000	0.000000000039
240.500000000000	-0.000000000018
241.000000000000	-0.000000000067
241.500000000000	-0.000000000032
242.000000000000	-0.000000000130
242.500000000000	-0.000000000082
243.000000000000	-0.000000000031
243.500000000000	-0.000000000072
244.000000000000	-0.000000000003
244.500000000000	-0.000000000191
245.000000000000	-0.000000000096
245.500000000000	-0.000000000033
246.000000000000	0.000000000014
246.500000000000	-0.000000000022
247.000000000000	-0.000000000103
247.500000000000	-0.000000000096
248.000000000000	-0.000000000045
248.500000000000	-0.000000000050
249.000000000000	-0.000000000037
249.500000000000	-0.000000000184
250.000000000000	-0.000000000003
250.500000000000	0.000000000076
251.000000000000	-0.000000000111
251.500000000000	-0.000000000042
252.000000000000	-0.000000000132
252.500000000000	-0.000000000133
253.000000000000	-0.000000000123
253.500000000000	-0.000000000056
254.000000000000	0.000000000071
254.500000000000	-0.000000000020
255.000000000000	-0.000000000035
255.500000000000	-0.000000000040
256.000000000000	-0.000000000074
256.500000000000	0.000000000070
257.000000000000	-0.000000000171
257.500000000000	-0.000000000063
258.000000000000	0.000000000029
258.500000000000	-0.000000000062
259.000000000000	-0.000000000028
259.500000000000	-0.000000000092
260.000000000000	-0.000000000044
260.500000000000	-0.000000000015
261.000000000000	0.000000000041
261.500000000000	-0.000000000081
262.000000000000	-0.000000000002
262.500000000000	-0.000000000027
263.000000000000	-0.000000000039
263.500000000000	0.000000000033
264.000000000000	-0.000000000005
264.500000000000	-0.000000000202
265.000000000000	-0.000000000179
265.500000000000	-0.000000000048
266.000000000000	0.000000000006
266.500000000000	-0.000000000071
267.000000000000	-0.000000000140
267.500000000000	-0.000000000141
268.000000000000	0.000000000019
268.500000000000	-0.000000000130
269.000000000000	-0.000000000011
269.500000000000	-0.000000000082
270.000000000000	-0.000000000120
270.500000000000	-0.000000000099
271.000000000000	-0.000000000103
271.500000000000	-0.000000000064
272.000000000000	-0.000000000074
272.500000000000	0.000000000085
273.000000000000	-0.000000000070
273.500000000000	0.000000000137
274.000000000000	-0.000000000086
274.500000000000	-0.000000000122
275.000000000000	-0.000000000095
275.500000000000	-0.000000000020
276.000000000000	-0.000000000049
276.500000000000	-0.000000000073
277.000000000000	-0.000000000032
277.500000000000	0.000000000028
278.000000000000	-0.000000000050
278.500000000000	-0.000000000211
279.000000000000	-0.000000000092
279.500000000000	-0.000000000081
280.000000000000	0.000000000036
280.500000000000	0.000000000062
281.000000000000	-0.000000000084
281.500000000000	-0.000000000101
282.000000000000	-0.000000000134
282.500000000000	-0.000000000119
283.000000000000	-0.000000000099
283.500000000000	0.000000000036
284.000000000000	-0.000000000004
284.500000000000	-0.000000000187
285.000000000000	-0.000000000123
285.500000000000	-0.000000000095
286.000000000000	-0.000000000147
286.500000000000	-0.000000000122
287.000000000000	-0.000000000098
287.500000000000	-0.000000000094
288.000000000000	-0.000000000257
288.500000000000	-0.000000000123
289.000000000000	-0.000000000099
289.500000000000	-0.000000000075
290.000000000000	0.000000000004
290.500000000000	-0.000000000131
291.000000000000	0.000000000236
291.500000000000	0.000000000353
292.000000000000	-0.000000000138
292.500000000000	-0.000000000076
293.000000000000	-0.000000000122
293.500000000000	-0.000000000089
294.000000000000	0.000000000014
294.500000000000	-0.000000000051
295.000000000000	-0.000000000050
295.500000000000	-0.000000000021
296.000000000000	-0.000000000049
296.500000000000	0.000000000050
297.000000000000	0.000000000022
297.500000000000	-0.000000000127
298.000000000000	-0.000000000093
298.500000000000	-0.000000000093
299.000000000000	-0.000000000012
299.500000000000	0.000000000010
