Voltage   	Current	
19.984990	-7.277119E-9
18.998700	5.404940E-11
17.998580	2.627764E-10
16.999120	2.944576E-10
15.998700	2.966338E-10
14.999270	3.509371E-10
13.998740	4.555455E-10
12.999450	2.952167E-10
11.999240	2.666733E-10
11.000000	3.552388E-10
9.999129	1.677267E-10
8.999666	1.922741E-10
7.999706	3.804926E-10
6.999045	3.814035E-10
5.999625	1.687390E-10
4.998831	1.058268E-10
3.999767	2.256788E-10
2.998841	2.138353E-10
2.000082	2.284625E-10
0.999434	2.324609E-10
-0.000141	2.847912E-10
0.997692	2.971905E-10
1.998249	1.720795E-10
2.997292	2.509340E-10
3.997583	2.495169E-10
4.996853	2.587277E-10
5.997501	2.576649E-10
6.996728	2.689507E-10
7.997491	2.579686E-10
8.998143	3.120693E-10
9.997336	2.774529E-10
10.997880	2.678373E-10
11.997070	2.959757E-10
12.997010	2.556406E-10
13.996670	4.981071E-10
14.997030	3.151059E-10
15.996430	2.613088E-10
16.997140	3.555422E-10
17.996410	3.079194E-10
18.997080	2.969879E-10
