Voltage   	Current	
19.987740	-7.402764E-10
19.001070	-1.143925E-10
18.000710	-3.837086E-11
17.001470	6.619634E-11
16.000840	1.885286E-10
15.001500	3.626280E-10
14.000980	5.226536E-10
13.001590	7.033277E-10
12.001560	9.379002E-10
11.002060	1.164072E-9
10.001370	1.431946E-9
9.001863	1.765003E-9
8.001435	2.126149E-9
7.000564	2.579555E-9
6.001642	3.037467E-9
5.000539	3.544717E-9
4.001222	4.194183E-9
3.000570	4.710699E-9
2.001017	5.245836E-9
1.000185	5.797729E-9
0.001031	6.237975E-9
0.998752	7.053791E-9
1.999554	7.463168E-9
2.998510	7.888583E-9
3.999493	8.320739E-9
4.998690	8.705213E-9
5.999560	9.167175E-9
6.998496	9.455847E-9
7.999096	1.000080E-8
8.999362	1.034150E-8
9.998713	1.061266E-8
10.999090	1.093793E-8
11.998520	1.136345E-8
12.999100	1.173578E-8
13.998510	1.201316E-8
14.999050	1.236414E-8
15.998420	1.262188E-8
16.998860	1.303647E-8
17.998220	1.328184E-8
18.998780	1.350947E-8
