Voltage   	Current	
19.986240	8.294742E-8
19.001400	7.183853E-8
18.000860	6.770924E-8
17.001080	6.425737E-8
16.000870	6.084066E-8
15.001230	5.728841E-8
14.000650	5.362415E-8
13.001390	4.983992E-8
12.001010	4.577961E-8
11.001580	4.180701E-8
10.001090	3.777778E-8
9.001821	3.382641E-8
8.001362	3.013696E-8
7.000676	2.671577E-8
6.001586	2.349123E-8
5.000754	2.064078E-8
4.001514	1.807263E-8
3.001029	1.572701E-8
2.001605	1.376186E-8
1.000799	1.198667E-8
0.001314	1.034579E-8
0.999039	8.964357E-9
1.999743	7.790085E-9
2.999167	6.872268E-9
3.999664	5.949138E-9
4.998715	5.208013E-9
5.999496	4.473518E-9
6.998548	3.875172E-9
7.999242	3.323488E-9
8.999757	2.827433E-9
9.999143	2.439738E-9
10.999490	2.155395E-9
11.999300	1.789869E-9
12.999420	1.545864E-9
13.998930	1.326558E-9
14.999320	1.144200E-9
15.998350	1.232924E-9
16.999040	7.885438E-10
17.998710	7.369694E-10
18.998940	6.818012E-10
