Voltage   	Current	
29.978920	8.140952E-9
28.997710	-2.704213E-10
27.998230	-2.444067E-10
26.997960	-7.379300E-11
25.998520	-1.632247E-10
24.997980	-3.172879E-10
23.998520	-1.860508E-10
22.998200	-3.777194E-10
21.997800	-2.053339E-10
20.998430	-1.889356E-10
19.998310	-2.211756E-10
18.998790	-3.781237E-10
17.998450	-2.300326E-10
16.999160	-2.443052E-10
15.998620	-4.620896E-10
14.998970	-3.891568E-10
13.998480	6.862969E-11
12.999250	-7.386335E-10
11.998990	-2.828716E-10
10.999380	-5.304656E-10
9.998713	-4.485242E-10
8.999701	-2.915264E-10
7.999607	-2.426858E-10
6.998638	-2.704714E-10
5.999526	-3.811096E-10
4.998934	-2.571101E-10
3.999879	-3.512992E-10
2.999313	-3.514003E-10
1.999704	-3.027111E-10
0.999176	-3.088861E-10
-0.000334	-6.341730E-11
0.997331	-2.338277E-10
1.997824	-7.014866E-11
2.997141	-3.090884E-10
3.997527	-3.093919E-10
4.996741	-2.966881E-10
5.997853	-3.589412E-10
6.996767	-4.471582E-10
7.997436	-4.064150E-10
8.997752	-2.803407E-10
9.996799	-2.069023E-10
10.997400	-4.510047E-10
11.996720	-4.550534E-10
12.996820	-6.184289E-10
13.996140	-3.741751E-10
14.996700	-5.688296E-10
15.996050	-4.081361E-10
16.996560	-3.949771E-10
17.995780	-4.044918E-10
18.996290	-3.647111E-10
19.995560	-4.009490E-10
20.996050	-3.701767E-10
21.995560	-4.598112E-10
22.996020	-3.755415E-10
23.996300	-3.634956E-10
24.995770	-3.997342E-10
25.996210	-3.818680E-10
26.995500	-4.068199E-10
27.995980	-4.262548E-10
28.995250	-6.309300E-10
