t (s)	Ids (Amps)
0.000000000000	0.000000000850
0.500000000000	0.000000000851
1.000000000000	0.000000000861
1.500000000000	0.000000000853
2.000000000000	0.000000000935
2.500000000000	0.000000000878
3.000000000000	0.000000000854
3.500000000000	0.000000000872
4.000000000000	0.000000000860
4.500000000000	0.000000000863
5.000000000000	0.000000000870
5.500000000000	0.000000000865
6.000000000000	0.000000000851
6.500000000000	0.000000000833
7.000000000000	0.000000000867
7.500000000000	0.000000000854
8.000000000000	0.000000000850
8.500000000000	0.000000000849
9.000000000000	0.000000000830
9.500000000000	0.000000000856
10.000000000000	0.000000000846
10.500000000000	0.000000000852
11.000000000000	0.000000000864
11.500000000000	0.000000000854
12.000000000000	0.000000000824
12.500000000000	0.000000000854
13.000000000000	0.000000000837
13.500000000000	0.000000000845
14.000000000000	0.000000000820
14.500000000000	0.000000000834
15.000000000000	0.000000000825
15.500000000000	0.000000000819
16.000000000000	0.000000000849
16.500000000000	0.000000000840
17.000000000000	0.000000000846
17.500000000000	0.000000000836
18.000000000000	0.000000000834
18.500000000000	0.000000000824
19.000000000000	0.000000000757
19.500000000000	0.000000000808
20.000000000000	0.000000000871
20.500000000000	0.000000000826
21.000000000000	0.000000000848
21.500000000000	0.000000000803
22.000000000000	0.000000000818
22.500000000000	0.000000000822
23.000000000000	0.000000000807
23.500000000000	0.000000000810
24.000000000000	0.000000000812
24.500000000000	0.000000000837
25.000000000000	0.000000000793
25.500000000000	0.000000000768
26.000000000000	0.000000000804
26.500000000000	0.000000000837
27.000000000000	0.000000000842
27.500000000000	0.000000000780
28.000000000000	0.000000000824
28.500000000000	0.000000000812
29.000000000000	0.000000000807
29.500000000000	0.000000000806
30.000000000000	0.000000000800
30.500000000000	0.000000000810
31.000000000000	0.000000000804
31.500000000000	0.000000000822
32.000000000000	0.000000000813
32.500000000000	0.000000000818
33.000000000000	0.000000000824
33.500000000000	0.000000000815
34.000000000000	0.000000000796
34.500000000000	0.000000000809
35.000000000000	0.000000000774
35.500000000000	0.000000000832
36.000000000000	0.000000000838
36.500000000000	0.000000000811
37.000000000000	0.000000000816
37.500000000000	0.000000000845
38.000000000000	0.000000000838
38.500000000000	0.000000000818
39.000000000000	0.000000000802
39.500000000000	0.000000000794
40.000000000000	0.000000000805
40.500000000000	0.000000000776
41.000000000000	0.000000000803
41.500000000000	0.000000000822
42.000000000000	0.000000000860
42.500000000000	0.000000000853
43.000000000000	0.000000000857
43.500000000000	0.000000000816
44.000000000000	0.000000000884
44.500000000000	0.000000000843
45.000000000000	0.000000000930
45.500000000000	0.000000000798
46.000000000000	0.000000000831
46.500000000000	0.000000000848
47.000000000000	0.000000000831
47.500000000000	0.000000000812
48.000000000000	0.000000000822
48.500000000000	0.000000000827
49.000000000000	0.000000000813
49.500000000000	0.000000000759
50.000000000000	0.000000000904
50.500000000000	0.000000000845
51.000000000000	0.000000000803
51.500000000000	0.000000000846
52.000000000000	0.000000000883
52.500000000000	0.000000000841
53.000000000000	0.000000000827
53.500000000000	0.000000000812
54.000000000000	0.000000000796
54.500000000000	0.000000000845
55.000000000000	0.000000000833
55.500000000000	0.000000000875
56.000000000000	0.000000000823
56.500000000000	0.000000000823
57.000000000000	0.000000000837
57.500000000000	0.000000000856
58.000000000000	0.000000000831
58.500000000000	0.000000000851
59.000000000000	0.000000000841
59.500000000000	0.000000001218
60.000000000000	0.000000001942
60.500000000000	0.000000002614
61.000000000000	0.000000002868
61.500000000000	0.000000004110
62.000000000000	0.000000003408
62.500000000000	0.000000003566
63.000000000000	0.000000003797
63.500000000000	0.000000003855
64.000000000000	0.000000003854
64.500000000000	0.000000003735
65.000000000000	0.000000003719
65.500000000000	0.000000003655
66.000000000000	0.000000003651
66.500000000000	0.000000003595
67.000000000000	0.000000003574
67.500000000000	0.000000003571
68.000000000000	0.000000003556
68.500000000000	0.000000003558
69.000000000000	0.000000002462
69.500000000000	0.000000002802
70.000000000000	0.000000001946
70.500000000000	0.000000000746
71.000000000000	0.000000000437
71.500000000000	-0.000000001303
72.000000000000	-0.000000000082
72.500000000000	-0.000000000121
73.000000000000	-0.000000000205
73.500000000000	-0.000000000277
74.000000000000	-0.000000000282
74.500000000000	-0.000000000121
75.000000000000	-0.000000000147
75.500000000000	-0.000000000104
76.000000000000	-0.000000000133
76.500000000000	-0.000000000076
77.000000000000	-0.000000000191
77.500000000000	-0.000000000274
78.000000000000	-0.000000000337
78.500000000000	-0.000000000389
79.000000000000	-0.000000000406
79.500000000000	-0.000000000313
80.000000000000	-0.000000000321
80.500000000000	-0.000000000321
81.000000000000	-0.000000000328
81.500000000000	-0.000000000324
82.000000000000	-0.000000000312
82.500000000000	-0.000000000314
83.000000000000	-0.000000000291
83.500000000000	-0.000000000295
84.000000000000	-0.000000000300
84.500000000000	-0.000000000297
85.000000000000	-0.000000000109
85.500000000000	0.000000000585
86.000000000000	0.000000001151
86.500000000000	0.000000001042
87.000000000000	0.000000001002
87.500000000000	0.000000000948
88.000000000000	0.000000000970
88.500000000000	0.000000001102
89.000000000000	0.000000000880
89.500000000000	0.000000000873
90.000000000000	0.000000001020
90.500000000000	0.000000000883
91.000000000000	0.000000000887
91.500000000000	0.000000000850
92.000000000000	0.000000000857
92.500000000000	0.000000000842
93.000000000000	0.000000000873
93.500000000000	0.000000000866
94.000000000000	0.000000000828
94.500000000000	0.000000000824
95.000000000000	0.000000000824
95.500000000000	0.000000000825
96.000000000000	0.000000000839
96.500000000000	0.000000000804
97.000000000000	0.000000000789
97.500000000000	0.000000000776
98.000000000000	0.000000000774
98.500000000000	0.000000000774
99.000000000000	0.000000000767
99.500000000000	0.000000000752
100.000000000000	0.000000000763
100.500000000000	0.000000000758
101.000000000000	0.000000000735
101.500000000000	0.000000000746
102.000000000000	0.000000000745
102.500000000000	0.000000000752
103.000000000000	0.000000000788
103.500000000000	0.000000000769
104.000000000000	0.000000000771
104.500000000000	0.000000000761
105.000000000000	0.000000000755
105.500000000000	0.000000000761
106.000000000000	0.000000000761
106.500000000000	0.000000000758
107.000000000000	0.000000000743
107.500000000000	0.000000000767
108.000000000000	0.000000000743
108.500000000000	0.000000000734
109.000000000000	0.000000000743
109.500000000000	0.000000000752
110.000000000000	0.000000000758
110.500000000000	0.000000000750
111.000000000000	0.000000000742
111.500000000000	0.000000000738
112.000000000000	0.000000000720
112.500000000000	0.000000000743
113.000000000000	0.000000000739
113.500000000000	0.000000000730
114.000000000000	0.000000000724
114.500000000000	0.000000000732
115.000000000000	0.000000000725
115.500000000000	0.000000000721
116.000000000000	0.000000000721
116.500000000000	0.000000000733
117.000000000000	0.000000000729
117.500000000000	0.000000000728
118.000000000000	0.000000000708
118.500000000000	0.000000000693
119.000000000000	0.000000000697
119.500000000000	0.000000000684
120.000000000000	0.000000000707
120.500000000000	0.000000000709
121.000000000000	0.000000000711
121.500000000000	0.000000000713
122.000000000000	0.000000000700
122.500000000000	0.000000000697
123.000000000000	0.000000000693
123.500000000000	0.000000000714
124.000000000000	0.000000000707
124.500000000000	0.000000000701
125.000000000000	0.000000000692
125.500000000000	0.000000000691
126.000000000000	0.000000000708
126.500000000000	0.000000000705
127.000000000000	0.000000000688
127.500000000000	0.000000000704
128.000000000000	0.000000000701
128.500000000000	0.000000000705
129.000000000000	0.000000000687
129.500000000000	0.000000000719
130.000000000000	0.000000000728
130.500000000000	0.000000000707
131.000000000000	0.000000000700
131.500000000000	0.000000000693
132.000000000000	0.000000000673
132.500000000000	0.000000000686
133.000000000000	0.000000000681
133.500000000000	0.000000000695
134.000000000000	0.000000000706
134.500000000000	0.000000000691
135.000000000000	0.000000000683
135.500000000000	0.000000000679
136.000000000000	0.000000000673
136.500000000000	0.000000000685
137.000000000000	0.000000000673
137.500000000000	0.000000000685
138.000000000000	0.000000000664
138.500000000000	0.000000000669
139.000000000000	0.000000000662
139.500000000000	0.000000000691
140.000000000000	0.000000000677
140.500000000000	0.000000000667
141.000000000000	0.000000000678
141.500000000000	0.000000000668
142.000000000000	0.000000000679
142.500000000000	0.000000000676
143.000000000000	0.000000000670
143.500000000000	0.000000000683
144.000000000000	0.000000000670
144.500000000000	0.000000000670
145.000000000000	0.000000000669
145.500000000000	0.000000000672
146.000000000000	0.000000000672
146.500000000000	0.000000000670
147.000000000000	0.000000000680
147.500000000000	0.000000000664
148.000000000000	0.000000000673
148.500000000000	0.000000000670
149.000000000000	0.000000000665
149.500000000000	0.000000000654
150.000000000000	0.000000000654
150.500000000000	0.000000000673
151.000000000000	0.000000000659
151.500000000000	0.000000000660
152.000000000000	0.000000000651
152.500000000000	0.000000000644
153.000000000000	0.000000000639
153.500000000000	0.000000000640
154.000000000000	0.000000000663
154.500000000000	0.000000000659
155.000000000000	0.000000000647
155.500000000000	0.000000000650
156.000000000000	0.000000000644
156.500000000000	0.000000000653
157.000000000000	0.000000000655
157.500000000000	0.000000000650
158.000000000000	0.000000000648
158.500000000000	0.000000000649
159.000000000000	0.000000000650
159.500000000000	0.000000000648
160.000000000000	0.000000000648
160.500000000000	0.000000000647
161.000000000000	0.000000000644
161.500000000000	0.000000000651
162.000000000000	0.000000000643
162.500000000000	0.000000000622
163.000000000000	0.000000000642
163.500000000000	0.000000000645
164.000000000000	0.000000000638
164.500000000000	0.000000000629
165.000000000000	0.000000000631
165.500000000000	0.000000000628
166.000000000000	0.000000000622
166.500000000000	0.000000000618
167.000000000000	0.000000000619
167.500000000000	0.000000000621
168.000000000000	0.000000000625
168.500000000000	0.000000000639
169.000000000000	0.000000000634
169.500000000000	0.000000000628
170.000000000000	0.000000000616
170.500000000000	0.000000000684
171.000000000000	0.000000000583
171.500000000000	0.000000000605
172.000000000000	0.000000000666
172.500000000000	0.000000000650
173.000000000000	0.000000000645
173.500000000000	0.000000000590
174.000000000000	0.000000000573
174.500000000000	0.000000000623
175.000000000000	0.000000000636
175.500000000000	0.000000000613
176.000000000000	0.000000000630
176.500000000000	0.000000000648
177.000000000000	0.000000000641
177.500000000000	0.000000000635
178.000000000000	0.000000000617
178.500000000000	0.000000000665
179.000000000000	0.000000000555
179.500000000000	0.000000000606
180.000000000000	0.000000000604
180.500000000000	0.000000000603
181.000000000000	0.000000000605
181.500000000000	0.000000000621
182.000000000000	0.000000000622
182.500000000000	0.000000000600
183.000000000000	0.000000000614
183.500000000000	0.000000000616
184.000000000000	0.000000000615
184.500000000000	0.000000000628
185.000000000000	0.000000000635
185.500000000000	0.000000000629
186.000000000000	0.000000000619
186.500000000000	0.000000000681
187.000000000000	0.000000000595
187.500000000000	0.000000000631
188.000000000000	0.000000000639
188.500000000000	0.000000000618
189.000000000000	0.000000000635
189.500000000000	0.000000000626
190.000000000000	0.000000000607
190.500000000000	0.000000000599
191.000000000000	0.000000000613
191.500000000000	0.000000000622
192.000000000000	0.000000000622
192.500000000000	0.000000000628
193.000000000000	0.000000000623
193.500000000000	0.000000000622
194.000000000000	0.000000000628
194.500000000000	0.000000000610
195.000000000000	0.000000000600
195.500000000000	0.000000000603
196.000000000000	0.000000000606
196.500000000000	0.000000000616
197.000000000000	0.000000000621
197.500000000000	0.000000000590
198.000000000000	0.000000000616
198.500000000000	0.000000000608
199.000000000000	0.000000000602
199.500000000000	0.000000000599
200.000000000000	0.000000000607
200.500000000000	0.000000000608
201.000000000000	0.000000000597
201.500000000000	0.000000000580
202.000000000000	0.000000000598
202.500000000000	0.000000000620
203.000000000000	0.000000000632
203.500000000000	0.000000000600
204.000000000000	0.000000000596
204.500000000000	0.000000000582
205.000000000000	0.000000000606
205.500000000000	0.000000000588
206.000000000000	0.000000000606
206.500000000000	0.000000000612
207.000000000000	0.000000000572
207.500000000000	0.000000000550
208.000000000000	0.000000000568
208.500000000000	0.000000000585
209.000000000000	0.000000000629
209.500000000000	0.000000000611
210.000000000000	0.000000000598
210.500000000000	0.000000000602
211.000000000000	0.000000000603
211.500000000000	0.000000000601
212.000000000000	0.000000000585
212.500000000000	0.000000000592
213.000000000000	0.000000000627
213.500000000000	0.000000000590
214.000000000000	0.000000000590
214.500000000000	0.000000000599
215.000000000000	0.000000000596
215.500000000000	0.000000000600
216.000000000000	0.000000000600
216.500000000000	0.000000000617
217.000000000000	0.000000000591
217.500000000000	0.000000000579
218.000000000000	0.000000000577
218.500000000000	0.000000000597
219.000000000000	0.000000000578
219.500000000000	0.000000000551
220.000000000000	0.000000000569
220.500000000000	0.000000000558
221.000000000000	0.000000000571
221.500000000000	0.000000000579
222.000000000000	0.000000000594
222.500000000000	0.000000000584
223.000000000000	0.000000000585
223.500000000000	0.000000000576
224.000000000000	0.000000000575
224.500000000000	0.000000000569
225.000000000000	0.000000000583
225.500000000000	0.000000000576
226.000000000000	0.000000000575
226.500000000000	0.000000000577
227.000000000000	0.000000000573
227.500000000000	0.000000000582
228.000000000000	0.000000000576
228.500000000000	0.000000000576
229.000000000000	0.000000000594
229.500000000000	0.000000000571
230.000000000000	0.000000000571
230.500000000000	0.000000000572
231.000000000000	0.000000000586
231.500000000000	0.000000000573
232.000000000000	0.000000000581
232.500000000000	0.000000000577
233.000000000000	0.000000000592
233.500000000000	0.000000000574
234.000000000000	0.000000000567
234.500000000000	0.000000000566
235.000000000000	0.000000000565
235.500000000000	0.000000000578
236.000000000000	0.000000000569
236.500000000000	0.000000000566
237.000000000000	0.000000000570
237.500000000000	0.000000000565
238.000000000000	0.000000000574
238.500000000000	0.000000000590
239.000000000000	0.000000000577
239.500000000000	0.000000000574
