Voltage   	Current	
29.983060	-4.821891E-10
29.000490	5.834035E-10
28.001250	1.076464E-9
27.000740	1.798491E-9
26.001300	2.407048E-9
25.000830	3.301509E-9
24.001560	4.409247E-9
23.001140	5.679654E-9
22.000850	7.164298E-9
21.001080	8.896285E-9
20.001040	1.071102E-8
19.001700	1.274820E-8
18.000950	1.483835E-8
17.001760	1.705150E-8
16.001270	1.933485E-8
15.001910	2.166540E-8
14.001300	2.402032E-8
13.001990	2.639508E-8
12.001090	2.877543E-8
11.001660	3.107813E-8
10.001270	3.334637E-8
9.001688	3.571402E-8
8.001139	3.788428E-8
7.000740	4.008509E-8
6.001891	4.221159E-8
5.000801	4.428016E-8
4.001784	4.628189E-8
3.001094	4.830112E-8
2.001747	5.024582E-8
1.000884	5.207227E-8
0.001305	5.411496E-8
0.999005	5.942993E-8
1.999373	5.847468E-8
2.998618	5.946286E-8
3.999295	6.077886E-8
4.998338	6.215701E-8
5.999183	6.362666E-8
6.998226	6.483273E-8
7.999049	6.607341E-8
8.999400	6.734946E-8
9.998808	6.850301E-8
10.999330	6.959849E-8
11.998640	7.066531E-8
12.999200	7.170834E-8
13.998570	7.265924E-8
14.999510	7.359157E-8
15.998700	7.440498E-8
16.999110	7.526618E-8
17.998580	7.612149E-8
18.998960	7.694246E-8
19.998360	7.768814E-8
20.998550	7.835460E-8
21.998090	7.909572E-8
22.998760	7.972175E-8
23.998920	8.036557E-8
24.998450	8.104359E-8
25.998910	8.163315E-8
26.998640	8.220022E-8
27.999200	8.286522E-8
28.998170	8.336874E-8
