Voltage   	Current	
29.981880	-8.578032E-10
28.999830	-4.060274E-10
28.000460	-3.362314E-10
27.000420	-2.464433E-10
26.001130	-7.790052E-11
25.000300	1.578566E-10
24.000780	4.859121E-10
23.000120	9.028812E-10
21.999660	1.372786E-9
21.000150	1.910558E-9
19.999850	2.499800E-9
19.000380	3.104427E-9
18.000470	3.736182E-9
17.000880	4.359584E-9
16.000640	4.989817E-9
15.001180	5.662871E-9
14.000720	6.283899E-9
13.001250	6.869749E-9
12.000620	7.460154E-9
11.001000	8.065485E-9
10.000550	8.605482E-9
9.001285	9.164317E-9
8.000692	9.668026E-9
7.000341	1.018738E-8
6.000929	1.065121E-8
5.000295	1.110725E-8
4.001162	1.149739E-8
3.000506	1.194822E-8
2.001279	1.230116E-8
1.000580	1.269253E-8
0.001018	1.302629E-8
0.998825	1.267330E-8
1.999073	1.324665E-8
2.998090	1.376079E-8
3.998724	1.414744E-8
4.998162	1.449967E-8
5.999011	1.478562E-8
6.998303	1.504823E-8
7.999071	1.533387E-8
8.999431	1.551328E-8
9.998799	1.573090E-8
10.999150	1.595237E-8
11.998670	1.616239E-8
12.998350	1.631857E-8
13.997680	1.646072E-8
14.998120	1.661938E-8
15.997910	1.680543E-8
16.998470	1.698164E-8
17.997730	1.715999E-8
18.998360	1.727468E-8
19.997320	1.746835E-8
20.998130	1.749077E-8
21.997720	1.761746E-8
22.997870	1.780763E-8
23.998440	1.785743E-8
24.997700	1.796514E-8
25.998050	1.808037E-8
26.997580	1.817061E-8
27.998080	1.827961E-8
28.997510	1.837770E-8
