Voltage   	Current	
29.979740	4.224515E-9
28.999860	3.290066E-9
28.000560	3.079887E-9
26.999950	2.881803E-9
26.001010	2.719549E-9
25.000470	2.472677E-9
24.000910	2.176107E-9
23.000260	1.861571E-9
22.000120	1.503916E-9
21.000610	1.200059E-9
20.000460	9.317794E-10
19.001090	7.695771E-10
17.999920	6.413839E-10
17.001050	5.397101E-10
16.000670	4.605066E-10
15.000680	3.195601E-10
14.000180	2.048765E-10
13.001010	2.333213E-10
12.001000	9.499465E-11
11.001030	3.785193E-11
10.000440	5.308662E-11
9.001482	6.523394E-11
8.000792	2.798237E-11
7.000208	1.410023E-10
6.001002	-1.782285E-11
4.999861	2.494552E-11
4.000789	-2.689543E-12
3.000253	-8.661766E-12
2.000790	-7.359896E-11
1.000159	-7.825537E-11
0.000584	-1.240606E-10
0.998464	5.126459E-11
1.998970	-1.357524E-10
2.998347	-1.718397E-10
3.998832	-1.560989E-10
4.997956	-2.437615E-10
5.998728	-2.250344E-10
6.997869	-2.083826E-10
7.998543	-1.961845E-10
8.998825	-1.897569E-10
9.998207	-2.437613E-10
10.998770	-2.553014E-10
11.998330	-2.627416E-10
12.998680	-2.809624E-10
13.997980	-2.870867E-10
14.998600	-3.536438E-10
15.997950	-3.895794E-10
16.998760	-2.855685E-10
17.997980	-2.893138E-10
18.998000	-4.169613E-10
19.997410	-4.032448E-10
20.998280	-4.178720E-10
21.997760	-4.208078E-10
22.997770	-4.798230E-10
23.998340	-4.504168E-10
24.997500	-4.605392E-10
25.997970	-4.717248E-10
26.997580	-4.731928E-10
27.997940	-5.982078E-10
28.997980	-5.377754E-10
