Voltage   	Current	
19.985630	-1.967518E-9
19.000610	-5.267290E-10
18.000130	-4.791019E-10
17.000740	-5.221228E-10
16.000320	-4.258571E-10
15.000620	-4.033862E-10
14.000160	-3.693237E-10
13.001000	-3.125359E-10
12.000460	-2.857619E-10
11.001530	-2.307965E-10
10.000910	-1.428827E-10
9.001546	-5.319684E-11
8.000646	7.292994E-11
6.999972	2.343337E-10
6.000792	4.220912E-10
5.000084	5.811532E-10
4.000703	7.562075E-10
3.000313	8.988215E-10
2.001146	1.012741E-9
1.000378	1.143159E-9
0.000889	1.611792E-9
0.998490	1.877890E-9
1.999386	1.773183E-9
2.998287	1.852130E-9
3.998720	1.911190E-9
4.998024	2.090951E-9
5.998887	2.184020E-9
6.998080	2.277646E-9
7.998976	2.331797E-9
8.999276	2.441162E-9
9.998181	2.549969E-9
10.998980	2.609993E-9
11.998670	2.706298E-9
12.999150	2.814754E-9
13.998020	2.896788E-9
14.998920	2.911363E-9
15.998290	3.027206E-9
16.998820	3.027257E-9
17.997840	3.087179E-9
18.998270	3.159395E-9
