Voltage   	Current	
19.985860	3.820059E-9
19.000290	3.017394E-9
18.000170	2.828065E-9
17.000720	2.643139E-9
16.000090	2.486148E-9
15.000620	2.166499E-9
14.000080	1.857679E-9
13.001350	1.507919E-9
12.000150	1.117873E-9
11.001350	8.260081E-10
10.000520	6.206858E-10
9.001357	4.988187E-10
8.000886	3.476991E-10
7.000294	2.100896E-10
6.000904	9.762609E-11
5.000054	1.451846E-11
4.000982	-3.695558E-11
3.000197	-4.768561E-11
2.000618	-6.894338E-11
1.000138	-1.009817E-10
0.000859	-8.215392E-11
0.998691	-1.450158E-10
1.999318	-1.216826E-10
2.998682	-1.381322E-10
3.999334	-1.374237E-10
4.998505	-1.532655E-10
5.999213	-1.621229E-10
6.998221	-1.831782E-10
7.998942	-2.030695E-10
8.999216	-2.182028E-10
9.998494	-2.319188E-10
10.999290	-2.417886E-10
11.998250	-2.600603E-10
12.998810	-2.724605E-10
13.998500	-3.009559E-10
14.998580	-3.100156E-10
15.997760	-3.217579E-10
16.998460	-3.365878E-10
17.997630	-3.675127E-10
18.998200	-3.581496E-10
