Voltage   	Current	
19.987630	-6.008887E-10
19.000610	-2.609187E-10
17.999740	-1.722438E-10
17.000710	-4.207357E-12
15.999790	2.713801E-10
15.000790	6.726593E-10
14.000120	1.178801E-9
13.000730	1.781048E-9
12.000480	2.456375E-9
11.000850	3.216574E-9
10.000240	3.988617E-9
9.001143	4.772853E-9
8.000881	5.570656E-9
7.000212	6.296385E-9
6.000882	7.050918E-9
5.000080	7.802870E-9
4.000694	8.496668E-9
3.000042	9.158033E-9
2.000365	9.801270E-9
1.000142	1.042468E-8
0.000829	1.073750E-8
0.998816	9.375844E-9
1.999305	1.058288E-8
2.998214	1.135583E-8
3.998712	1.216851E-8
4.997861	1.277258E-8
5.998831	1.334842E-8
6.997964	1.377970E-8
7.998496	1.420164E-8
8.999014	1.458200E-8
9.998365	1.493279E-8
10.999210	1.524963E-8
11.998610	1.554925E-8
12.999150	1.574758E-8
13.998090	1.598620E-8
14.998660	1.619294E-8
15.998270	1.643445E-8
16.998710	1.664752E-8
17.997660	1.676134E-8
18.998130	1.697622E-8
