Voltage   	Current	
29.980950	-9.563432E-9
28.999370	-1.294234E-10
27.999960	2.500736E-10
26.999980	1.107862E-11
26.000800	2.406603E-10
25.000230	4.195255E-12
24.000760	4.738662E-10
23.000030	4.087832E-10
21.999520	2.739104E-10
21.000030	2.838804E-10
20.000100	1.938937E-10
19.000880	7.133982E-10
18.000370	7.247848E-10
17.000440	4.407174E-10
16.000170	1.114018E-9
15.000950	6.838424E-10
14.000590	8.252438E-10
13.001300	7.113228E-10
12.000590	7.516585E-10
11.001420	1.129757E-9
10.000490	1.033853E-9
9.001031	1.032285E-9
8.000924	1.065332E-9
7.000470	1.296514E-9
6.001122	1.217715E-9
5.000149	1.287454E-9
4.000703	1.261998E-9
2.999957	1.951595E-9
2.000592	1.469545E-9
1.000352	1.456285E-9
0.000928	1.488625E-9
0.998357	-2.696223E-9
1.998785	1.470254E-9
2.998377	1.577495E-9
3.998750	1.581846E-9
4.998200	1.589438E-9
5.999071	1.821226E-9
6.998088	2.053926E-9
7.998744	1.743339E-9
8.998710	1.719755E-9
9.997945	1.731497E-9
10.998630	1.811155E-9
11.998060	2.032773E-9
12.998860	1.768492E-9
13.998180	2.051446E-9
14.998810	1.878111E-9
15.997720	1.801388E-9
16.998020	1.777601E-9
17.997470	2.307274E-9
18.997980	1.906553E-9
19.997210	2.115870E-9
20.998120	1.837876E-9
21.997750	1.967992E-9
22.997640	1.969359E-9
23.997860	2.025383E-9
24.997190	2.019362E-9
25.997780	2.026395E-9
26.997800	2.026850E-9
27.998240	1.960351E-9
28.997690	1.837421E-9
