t (s)	Ids (Amps)
0.000000000000	0.000000023571
0.500000000000	0.000000023206
1.000000000000	0.000000024019
1.500000000000	0.000000024260
2.000000000000	0.000000023573
2.500000000000	0.000000023897
3.000000000000	0.000000023447
3.500000000000	0.000000023427
4.000000000000	0.000000023465
4.500000000000	0.000000023493
5.000000000000	0.000000023534
5.500000000000	0.000000023459
6.000000000000	0.000000023542
6.500000000000	0.000000023850
7.000000000000	0.000000023342
7.500000000000	0.000000023465
8.000000000000	0.000000023415
8.500000000000	0.000000023555
9.000000000000	0.000000023634
9.500000000000	0.000000023651
10.000000000000	0.000000023645
10.500000000000	0.000000023666
11.000000000000	0.000000023706
11.500000000000	0.000000023640
12.000000000000	0.000000023648
12.500000000000	0.000000023646
13.000000000000	0.000000023681
13.500000000000	0.000000023711
14.000000000000	0.000000023711
14.500000000000	0.000000023805
15.000000000000	0.000000023714
15.500000000000	0.000000023707
16.000000000000	0.000000023760
16.500000000000	0.000000023760
17.000000000000	0.000000023739
17.500000000000	0.000000023766
18.000000000000	0.000000023783
18.500000000000	0.000000023769
19.000000000000	0.000000023760
19.500000000000	0.000000023788
20.000000000000	0.000000023789
20.500000000000	0.000000023801
21.000000000000	0.000000023786
21.500000000000	0.000000024387
22.000000000000	0.000000023791
22.500000000000	0.000000023752
23.000000000000	0.000000023721
23.500000000000	0.000000023852
24.000000000000	0.000000023789
24.500000000000	0.000000023799
25.000000000000	0.000000023830
25.500000000000	0.000000023898
26.000000000000	0.000000023819
26.500000000000	0.000000023833
27.000000000000	0.000000023859
27.500000000000	0.000000024246
28.000000000000	0.000000023910
28.500000000000	0.000000023801
29.000000000000	0.000000023835
29.500000000000	0.000000023870
30.000000000000	0.000000023881
30.500000000000	0.000000023839
31.000000000000	0.000000023737
31.500000000000	0.000000024423
32.000000000000	0.000000024318
32.500000000000	0.000000023741
33.000000000000	0.000000023753
33.500000000000	0.000000023821
34.000000000000	0.000000024250
34.500000000000	0.000000024732
35.000000000000	0.000000025201
35.500000000000	0.000000025391
36.000000000000	0.000000024970
36.500000000000	0.000000024867
37.000000000000	0.000000023202
37.500000000000	0.000000023827
38.000000000000	0.000000023696
38.500000000000	0.000000024094
39.000000000000	0.000000023540
39.500000000000	0.000000024602
40.000000000000	0.000000024892
40.500000000000	0.000000025005
41.000000000000	0.000000024685
41.500000000000	0.000000024603
42.000000000000	0.000000024555
42.500000000000	0.000000024655
43.000000000000	0.000000024318
43.500000000000	0.000000024323
44.000000000000	0.000000023918
44.500000000000	0.000000024158
45.000000000000	0.000000023782
45.500000000000	0.000000023215
46.000000000000	0.000000022694
46.500000000000	0.000000022825
47.000000000000	0.000000023007
47.500000000000	0.000000023390
48.000000000000	0.000000023944
48.500000000000	0.000000023269
49.000000000000	0.000000024088
49.500000000000	0.000000024002
50.000000000000	0.000000024690
50.500000000000	0.000000024245
51.000000000000	0.000000025003
51.500000000000	0.000000024700
52.000000000000	0.000000024408
52.500000000000	0.000000024485
53.000000000000	0.000000024302
53.500000000000	0.000000024295
54.000000000000	0.000000024194
54.500000000000	0.000000024218
55.000000000000	0.000000024236
55.500000000000	0.000000024202
56.000000000000	0.000000024167
56.500000000000	0.000000023959
57.000000000000	0.000000022641
57.500000000000	0.000000022706
58.000000000000	0.000000022856
58.500000000000	0.000000023311
59.000000000000	0.000000023630
59.500000000000	0.000000023726
60.000000000000	0.000000023440
60.500000000000	0.000000023284
61.000000000000	0.000000023397
61.500000000000	0.000000024568
62.000000000000	0.000000025850
62.500000000000	0.000000024984
63.000000000000	0.000000025652
63.500000000000	0.000000025315
64.000000000000	0.000000024445
64.500000000000	0.000000025180
65.000000000000	0.000000025635
65.500000000000	0.000000025267
66.000000000000	0.000000025105
66.500000000000	0.000000024833
67.000000000000	0.000000024013
67.500000000000	0.000000023749
68.000000000000	0.000000023681
68.500000000000	0.000000023705
69.000000000000	0.000000023718
69.500000000000	0.000000023700
70.000000000000	0.000000023702
70.500000000000	0.000000023660
71.000000000000	0.000000024128
71.500000000000	0.000000023678
72.000000000000	0.000000024141
72.500000000000	0.000000023700
73.000000000000	0.000000023676
73.500000000000	0.000000023693
74.000000000000	0.000000023729
74.500000000000	0.000000023715
75.000000000000	0.000000023767
75.500000000000	0.000000023775
76.000000000000	0.000000023768
76.500000000000	0.000000023767
77.000000000000	0.000000023740
77.500000000000	0.000000024036
78.000000000000	0.000000023796
78.500000000000	0.000000023741
79.000000000000	0.000000023717
79.500000000000	0.000000023742
80.000000000000	0.000000023756
80.500000000000	0.000000023752
81.000000000000	0.000000023784
81.500000000000	0.000000023790
82.000000000000	0.000000023804
82.500000000000	0.000000023816
83.000000000000	0.000000023752
83.500000000000	0.000000023779
84.000000000000	0.000000023822
84.500000000000	0.000000023833
85.000000000000	0.000000023811
85.500000000000	0.000000023855
86.000000000000	0.000000024059
86.500000000000	0.000000023752
87.000000000000	0.000000023644
87.500000000000	0.000000023714
88.000000000000	0.000000023717
88.500000000000	0.000000024396
89.000000000000	0.000000024378
89.500000000000	0.000000024182
90.000000000000	0.000000024420
90.500000000000	0.000000024162
91.000000000000	0.000000024156
91.500000000000	0.000000023312
92.000000000000	0.000000022453
92.500000000000	0.000000022630
93.000000000000	0.000000022779
93.500000000000	0.000000023257
94.000000000000	0.000000022891
94.500000000000	0.000000023136
95.000000000000	0.000000023268
95.500000000000	0.000000023267
96.000000000000	0.000000023490
96.500000000000	0.000000023564
97.000000000000	0.000000023506
97.500000000000	0.000000023619
98.000000000000	0.000000023670
98.500000000000	0.000000023672
99.000000000000	0.000000023767
99.500000000000	0.000000023825
100.000000000000	0.000000023830
100.500000000000	0.000000023840
101.000000000000	0.000000023830
101.500000000000	0.000000022655
102.000000000000	0.000000023034
102.500000000000	0.000000023515
103.000000000000	0.000000023552
103.500000000000	0.000000024159
104.000000000000	0.000000023500
104.500000000000	0.000000024189
105.000000000000	0.000000024688
105.500000000000	0.000000024955
106.000000000000	0.000000025063
106.500000000000	0.000000024927
107.000000000000	0.000000024552
107.500000000000	0.000000025631
108.000000000000	0.000000025295
108.500000000000	0.000000025299
109.000000000000	0.000000024920
109.500000000000	0.000000025333
110.000000000000	0.000000025139
110.500000000000	0.000000024474
111.000000000000	0.000000024158
111.500000000000	0.000000024831
112.000000000000	0.000000023092
112.500000000000	0.000000023839
113.000000000000	0.000000024041
113.500000000000	0.000000023534
114.000000000000	0.000000025813
114.500000000000	0.000000025756
115.000000000000	0.000000025617
115.500000000000	0.000000025285
116.000000000000	0.000000024598
116.500000000000	0.000000023521
117.000000000000	0.000000023688
117.500000000000	0.000000024046
118.000000000000	0.000000023393
118.500000000000	0.000000024093
119.000000000000	0.000000024419
119.500000000000	0.000000024205
120.000000000000	0.000000023621
120.500000000000	0.000000023835
121.000000000000	0.000000024108
121.500000000000	0.000000024042
122.000000000000	0.000000023429
122.500000000000	0.000000023908
123.000000000000	0.000000024128
123.500000000000	0.000000024421
124.000000000000	0.000000023992
124.500000000000	0.000000023628
125.000000000000	0.000000024457
125.500000000000	0.000000024723
126.000000000000	0.000000024387
126.500000000000	0.000000024205
127.000000000000	0.000000024264
127.500000000000	0.000000025037
128.000000000000	0.000000024763
128.500000000000	0.000000024732
129.000000000000	0.000000024648
129.500000000000	0.000000024364
130.000000000000	0.000000024259
130.500000000000	0.000000024476
131.000000000000	0.000000024989
131.500000000000	0.000000025623
132.000000000000	0.000000025539
132.500000000000	0.000000025437
133.000000000000	0.000000024275
133.500000000000	0.000000023822
134.000000000000	0.000000023773
134.500000000000	0.000000024885
135.000000000000	0.000000024558
135.500000000000	0.000000024108
136.000000000000	0.000000023394
136.500000000000	0.000000023124
137.000000000000	0.000000024033
137.500000000000	0.000000023918
138.000000000000	0.000000024105
138.500000000000	0.000000022888
139.000000000000	0.000000022230
139.500000000000	0.000000022099
140.000000000000	0.000000023420
140.500000000000	0.000000023459
141.000000000000	0.000000023818
141.500000000000	0.000000023071
142.000000000000	0.000000023204
142.500000000000	0.000000023403
143.000000000000	0.000000023855
143.500000000000	0.000000023602
144.000000000000	0.000000023700
144.500000000000	0.000000024019
145.000000000000	0.000000024049
145.500000000000	0.000000023293
146.000000000000	0.000000024489
146.500000000000	0.000000024151
147.000000000000	0.000000024220
147.500000000000	0.000000024049
148.000000000000	0.000000023009
148.500000000000	0.000000023622
149.000000000000	0.000000024338
149.500000000000	0.000000024118
150.000000000000	0.000000024090
150.500000000000	0.000000024930
151.000000000000	0.000000024697
151.500000000000	0.000000024254
152.000000000000	0.000000023797
152.500000000000	0.000000024506
153.000000000000	0.000000025217
153.500000000000	0.000000026581
154.000000000000	0.000000027094
154.500000000000	0.000000025423
155.000000000000	0.000000024029
155.500000000000	0.000000024134
156.000000000000	0.000000024627
156.500000000000	0.000000024710
157.000000000000	0.000000025768
157.500000000000	0.000000025224
158.000000000000	0.000000024050
158.500000000000	0.000000023021
159.000000000000	0.000000026048
159.500000000000	0.000000023632
160.000000000000	0.000000023116
160.500000000000	0.000000023144
161.000000000000	0.000000022787
161.500000000000	0.000000022753
162.000000000000	0.000000023301
162.500000000000	0.000000023203
163.000000000000	0.000000022837
163.500000000000	0.000000023323
164.000000000000	0.000000023613
164.500000000000	0.000000023520
165.000000000000	0.000000023191
165.500000000000	0.000000023098
166.000000000000	0.000000024117
166.500000000000	0.000000024938
167.000000000000	0.000000025743
167.500000000000	0.000000024330
168.000000000000	0.000000023859
168.500000000000	0.000000024844
169.000000000000	0.000000024363
169.500000000000	0.000000025959
170.000000000000	0.000000026284
170.500000000000	0.000000025325
171.000000000000	0.000000024607
171.500000000000	0.000000024033
172.000000000000	0.000000023773
172.500000000000	0.000000024661
173.000000000000	0.000000022972
173.500000000000	0.000000023113
174.000000000000	0.000000026194
174.500000000000	0.000000026493
175.000000000000	0.000000025236
175.500000000000	0.000000023336
176.000000000000	0.000000023393
176.500000000000	0.000000025137
177.000000000000	0.000000025754
177.500000000000	0.000000024495
178.000000000000	0.000000023606
178.500000000000	0.000000023470
179.000000000000	0.000000022913
179.500000000000	0.000000023359
180.000000000000	0.000000024690
180.500000000000	0.000000024965
181.000000000000	0.000000024197
181.500000000000	0.000000023567
182.000000000000	0.000000023129
182.500000000000	0.000000024628
183.000000000000	0.000000023322
183.500000000000	0.000000022458
184.000000000000	0.000000022710
184.500000000000	0.000000022820
185.000000000000	0.000000024988
185.500000000000	0.000000025234
186.000000000000	0.000000023932
186.500000000000	0.000000023276
187.000000000000	0.000000024161
187.500000000000	0.000000025046
188.000000000000	0.000000023956
188.500000000000	0.000000024490
189.000000000000	0.000000023228
189.500000000000	0.000000022052
190.000000000000	0.000000022922
190.500000000000	0.000000022716
191.000000000000	0.000000023679
191.500000000000	0.000000025685
192.000000000000	0.000000025899
192.500000000000	0.000000025656
193.000000000000	0.000000023960
193.500000000000	0.000000023928
194.000000000000	0.000000024094
194.500000000000	0.000000023883
195.000000000000	0.000000023818
195.500000000000	0.000000023783
196.000000000000	0.000000017242
196.500000000000	0.000000017889
197.000000000000	0.000000018585
197.500000000000	0.000000019220
198.000000000000	0.000000020020
198.500000000000	0.000000020843
199.000000000000	0.000000021426
199.500000000000	0.000000021509
200.000000000000	0.000000021971
200.500000000000	0.000000022372
201.000000000000	0.000000022624
201.500000000000	0.000000022738
202.000000000000	0.000000022821
202.500000000000	0.000000022966
203.000000000000	0.000000023034
203.500000000000	0.000000022958
204.000000000000	0.000000023155
204.500000000000	0.000000023178
205.000000000000	0.000000022578
205.500000000000	0.000000020674
206.000000000000	0.000000020513
206.500000000000	0.000000020700
207.000000000000	0.000000020801
207.500000000000	0.000000021125
208.000000000000	0.000000021575
208.500000000000	0.000000022069
209.000000000000	0.000000022194
209.500000000000	0.000000022505
210.000000000000	0.000000022674
210.500000000000	0.000000023111
211.000000000000	0.000000023281
211.500000000000	0.000000023597
212.000000000000	0.000000023665
212.500000000000	0.000000023661
213.000000000000	0.000000023941
213.500000000000	0.000000023974
214.000000000000	0.000000023920
214.500000000000	0.000000024080
215.000000000000	0.000000023983
215.500000000000	0.000000024321
216.000000000000	0.000000024065
216.500000000000	0.000000024317
217.000000000000	0.000000024313
217.500000000000	0.000000024070
218.000000000000	0.000000024385
218.500000000000	0.000000024159
219.000000000000	0.000000024496
219.500000000000	0.000000025364
220.000000000000	0.000000025401
220.500000000000	0.000000026767
221.000000000000	0.000000027786
221.500000000000	0.000000029750
222.000000000000	0.000000028746
222.500000000000	0.000000029134
223.000000000000	0.000000026889
223.500000000000	0.000000023862
224.000000000000	0.000000025090
224.500000000000	0.000000023885
225.000000000000	0.000000024189
225.500000000000	0.000000025772
226.000000000000	0.000000023782
226.500000000000	0.000000025195
227.000000000000	0.000000024989
227.500000000000	0.000000024153
228.000000000000	0.000000022393
228.500000000000	0.000000024355
229.000000000000	0.000000023090
229.500000000000	0.000000024486
230.000000000000	0.000000024558
230.500000000000	0.000000025910
231.000000000000	0.000000022908
231.500000000000	0.000000023180
232.000000000000	0.000000023198
232.500000000000	0.000000023102
233.000000000000	0.000000021469
233.500000000000	0.000000023341
234.000000000000	0.000000023460
234.500000000000	0.000000023801
235.000000000000	0.000000024366
235.500000000000	0.000000024999
236.000000000000	0.000000023968
236.500000000000	0.000000023705
237.000000000000	0.000000023215
237.500000000000	0.000000024068
238.000000000000	0.000000022736
238.500000000000	0.000000024212
239.000000000000	0.000000023030
239.500000000000	0.000000023687
240.000000000000	0.000000023988
240.500000000000	0.000000024121
241.000000000000	0.000000024007
241.500000000000	0.000000024361
242.000000000000	0.000000024532
242.500000000000	0.000000023403
243.000000000000	0.000000025334
243.500000000000	0.000000024180
244.000000000000	0.000000023074
244.500000000000	0.000000024327
245.000000000000	0.000000024353
245.500000000000	0.000000024530
246.000000000000	0.000000023863
246.500000000000	0.000000022720
247.000000000000	0.000000023991
247.500000000000	0.000000024564
248.000000000000	0.000000023884
248.500000000000	0.000000023443
249.000000000000	0.000000024551
249.500000000000	0.000000023915
250.000000000000	0.000000023833
250.500000000000	0.000000023964
251.000000000000	0.000000023294
251.500000000000	0.000000024294
252.000000000000	0.000000022924
252.500000000000	0.000000024707
253.000000000000	0.000000023994
253.500000000000	0.000000024829
254.000000000000	0.000000024121
254.500000000000	0.000000024268
255.000000000000	0.000000024046
255.500000000000	0.000000024015
256.000000000000	0.000000024904
256.500000000000	0.000000023088
257.000000000000	0.000000027564
257.500000000000	0.000000024166
258.000000000000	0.000000022726
258.500000000000	0.000000024057
259.000000000000	0.000000023095
259.500000000000	0.000000026079
260.000000000000	0.000000023712
260.500000000000	0.000000023627
261.000000000000	0.000000024072
261.500000000000	0.000000023950
262.000000000000	0.000000024341
262.500000000000	0.000000023220
263.000000000000	0.000000023983
263.500000000000	0.000000023844
264.000000000000	0.000000023784
264.500000000000	0.000000025323
265.000000000000	0.000000024266
265.500000000000	0.000000022970
266.000000000000	0.000000023863
266.500000000000	0.000000023869
267.000000000000	0.000000024957
267.500000000000	0.000000024059
268.000000000000	0.000000022848
268.500000000000	0.000000024605
269.000000000000	0.000000023874
269.500000000000	0.000000023862
270.000000000000	0.000000023959
270.500000000000	0.000000024047
271.000000000000	0.000000024013
271.500000000000	0.000000024023
272.000000000000	0.000000023894
272.500000000000	0.000000024022
273.000000000000	0.000000023916
273.500000000000	0.000000023991
274.000000000000	0.000000024038
274.500000000000	0.000000023814
275.000000000000	0.000000024041
275.500000000000	0.000000024045
276.000000000000	0.000000023908
276.500000000000	0.000000024158
277.000000000000	0.000000024026
277.500000000000	0.000000024006
278.000000000000	0.000000023883
278.500000000000	0.000000024223
279.000000000000	0.000000023999
279.500000000000	0.000000023939
280.000000000000	0.000000024032
280.500000000000	0.000000023915
281.000000000000	0.000000023879
281.500000000000	0.000000023975
282.000000000000	0.000000024019
282.500000000000	0.000000023830
283.000000000000	0.000000024011
283.500000000000	0.000000024232
284.000000000000	0.000000024058
284.500000000000	0.000000024004
285.000000000000	0.000000023944
285.500000000000	0.000000023952
286.000000000000	0.000000024019
286.500000000000	0.000000023962
287.000000000000	0.000000024039
287.500000000000	0.000000024134
288.000000000000	0.000000023855
288.500000000000	0.000000024037
289.000000000000	0.000000023966
289.500000000000	0.000000024152
290.000000000000	0.000000024277
290.500000000000	0.000000024233
291.000000000000	0.000000023871
291.500000000000	0.000000024485
292.000000000000	0.000000023241
292.500000000000	0.000000024221
293.000000000000	0.000000024010
293.500000000000	0.000000023967
294.000000000000	0.000000024113
294.500000000000	0.000000023698
295.000000000000	0.000000023851
295.500000000000	0.000000023601
296.000000000000	0.000000023532
296.500000000000	0.000000023751
297.000000000000	0.000000024527
297.500000000000	0.000000026599
298.000000000000	0.000000025724
298.500000000000	0.000000025425
299.000000000000	0.000000023995
299.500000000000	0.000000025315
