Voltage   	Current	
29.982640	-9.850974E-10
28.999850	-5.229965E-10
28.000470	-1.916300E-10
27.000480	-4.446976E-10
26.000950	-4.134686E-10
25.000480	-3.879591E-10
24.000750	-3.350686E-10
23.000540	-3.090022E-10
22.000200	-2.651202E-10
21.000580	-2.128366E-10
19.999940	-1.604518E-10
19.000920	-1.104960E-10
18.000280	-7.582585E-11
17.000810	3.203149E-11
16.000140	1.072431E-10
15.000790	2.353965E-10
14.000390	3.408665E-10
13.001350	4.909227E-10
12.000760	7.210933E-10
11.001430	1.003340E-9
10.001110	1.068627E-9
9.001619	1.204917E-9
8.001250	1.469299E-9
7.000513	1.557816E-9
6.001174	1.701191E-9
5.000247	1.838242E-9
4.000905	1.950442E-9
3.000390	2.203487E-9
2.000957	2.147715E-9
1.000408	2.038552E-9
0.001035	2.375305E-9
0.998790	2.392260E-9
1.999472	2.497170E-9
2.998661	2.546516E-9
3.998913	2.688474E-9
4.998089	2.718081E-9
5.999007	2.804016E-9
6.997942	2.896783E-9
7.998500	2.894301E-9
8.998856	2.938079E-9
9.998379	3.019916E-9
10.999080	3.081557E-9
11.998690	3.101546E-9
12.999040	3.107923E-9
13.998450	3.141173E-9
14.999010	3.018346E-9
15.998300	3.246643E-9
16.998620	3.348670E-9
17.997800	3.366285E-9
18.998320	3.455203E-9
19.997450	3.417146E-9
20.997850	3.439161E-9
21.997320	3.521451E-9
22.997970	3.503788E-9
23.998220	3.568417E-9
24.997700	3.564874E-9
25.998150	3.566340E-9
26.997640	3.594633E-9
27.998100	3.622921E-9
28.997660	3.589772E-9
