Voltage   	Current	
19.987280	9.476686E-10
19.000140	1.950183E-9
17.999800	2.277168E-9
17.000290	2.398832E-9
15.999810	2.715846E-9
15.000860	3.211865E-9
14.000390	3.553780E-9
13.001000	4.315799E-9
12.000600	4.782768E-9
11.000710	5.470394E-9
10.000040	6.328976E-9
9.001263	7.406901E-9
8.000830	8.833973E-9
7.000045	1.066162E-8
6.000801	1.292713E-8
5.000093	1.566051E-8
4.000578	1.851405E-8
2.999875	2.178957E-8
2.000828	2.503909E-8
1.000202	2.798937E-8
0.000576	3.052690E-8
0.998687	4.138739E-8
1.999249	4.266812E-8
2.998356	4.473993E-8
3.999209	4.687344E-8
4.998222	4.897466E-8
5.998509	5.159538E-8
6.997685	5.224672E-8
7.998448	5.474526E-8
8.998778	5.701484E-8
9.998348	5.861516E-8
10.999040	6.037363E-8
11.998390	6.185138E-8
12.998850	6.367334E-8
13.997900	6.523434E-8
14.998670	6.682896E-8
15.998100	6.824022E-8
16.998290	6.956699E-8
17.997510	7.091971E-8
18.997880	7.226302E-8
