Voltage   	Current	
19.987780	1.710449E-8
19.001700	1.586144E-8
18.000620	1.535817E-8
17.001700	1.485181E-8
16.001080	1.437288E-8
15.001980	1.383455E-8
14.000910	1.335916E-8
13.001800	1.267228E-8
12.001690	1.211743E-8
11.001980	1.142771E-8
10.001110	1.070783E-8
9.001597	9.893970E-9
8.001310	9.148074E-9
7.000706	8.381477E-9
6.001882	7.566147E-9
5.000994	6.991916E-9
4.001887	6.428527E-9
3.000759	5.527513E-9
2.001262	4.884813E-9
1.000687	4.265696E-9
0.001413	3.747244E-9
0.999477	3.658575E-9
1.999841	2.915919E-9
2.998849	2.410321E-9
3.999415	1.922541E-9
4.999256	1.546911E-9
6.000054	1.167081E-9
6.998818	8.731367E-10
7.999320	6.987848E-10
8.999740	5.001897E-10
9.999541	3.294306E-10
11.000020	1.971823E-10
11.999130	9.114483E-11
12.999410	-1.666420E-11
13.998700	-8.787887E-11
14.999730	-1.605613E-10
15.999020	-2.241333E-10
16.999740	-2.394692E-10
17.998970	-2.687245E-10
18.999190	-2.758104E-10
