t (s)	Ids (Amps)
0.000000000000	-0.000000000209
0.500000000000	-0.000000000448
1.000000000000	-0.000000001205
1.500000000000	-0.000000000275
2.000000000000	-0.000000000171
2.500000000000	-0.000000000024
3.000000000000	-0.000000000017
3.500000000000	-0.000000000273
4.000000000000	-0.000000000040
4.500000000000	-0.000000000129
5.000000000000	-0.000000000111
5.500000000000	-0.000000000094
6.000000000000	0.000000000107
6.500000000000	-0.000000000097
7.000000000000	-0.000000000095
7.500000000000	-0.000000000165
8.000000000000	-0.000000000060
8.500000000000	-0.000000000132
9.000000000000	-0.000000000068
9.500000000000	-0.000000000218
10.000000000000	-0.000000000066
10.500000000000	0.000000000040
11.000000000000	-0.000000000002
11.500000000000	-0.000000000112
12.000000000000	-0.000000000088
12.500000000000	-0.000000000144
13.000000000000	-0.000000000156
13.500000000000	-0.000000000079
14.000000000000	-0.000000000084
14.500000000000	-0.000000000124
15.000000000000	-0.000000000123
15.500000000000	-0.000000000104
16.000000000000	-0.000000000140
16.500000000000	-0.000000000077
17.000000000000	-0.000000000087
17.500000000000	-0.000000000106
18.000000000000	-0.000000000093
18.500000000000	-0.000000000144
19.000000000000	-0.000000000115
19.500000000000	-0.000000000176
20.000000000000	-0.000000000141
20.500000000000	-0.000000000090
21.000000000000	-0.000000000069
21.500000000000	-0.000000000089
22.000000000000	-0.000000000179
22.500000000000	-0.000000000165
23.000000000000	-0.000000000104
23.500000000000	-0.000000000086
24.000000000000	-0.000000000097
24.500000000000	-0.000000000168
25.000000000000	-0.000000000148
25.500000000000	-0.000000000120
26.000000000000	-0.000000000131
26.500000000000	-0.000000000164
27.000000000000	-0.000000000222
27.500000000000	-0.000000000155
28.000000000000	-0.000000000122
28.500000000000	-0.000000000113
29.000000000000	-0.000000000162
29.500000000000	-0.000000000145
30.000000000000	-0.000000000044
30.500000000000	-0.000000000072
31.000000000000	0.000000000393
31.500000000000	-0.000000000209
32.000000000000	-0.000000000192
32.500000000000	-0.000000000203
33.000000000000	-0.000000000121
33.500000000000	-0.000000000216
34.000000000000	-0.000000000107
34.500000000000	-0.000000000080
35.000000000000	-0.000000000144
35.500000000000	-0.000000000091
36.000000000000	-0.000000000485
36.500000000000	-0.000000000193
37.000000000000	-0.000000000215
37.500000000000	-0.000000000109
38.000000000000	-0.000000000119
38.500000000000	-0.000000000218
39.000000000000	-0.000000000192
39.500000000000	-0.000000000188
40.000000000000	-0.000000000166
40.500000000000	-0.000000000130
41.000000000000	-0.000000000197
41.500000000000	-0.000000000259
42.000000000000	-0.000000000084
42.500000000000	-0.000000000296
43.000000000000	-0.000000000281
43.500000000000	-0.000000000115
44.000000000000	-0.000000000165
44.500000000000	-0.000000000148
45.000000000000	-0.000000000108
45.500000000000	-0.000000000129
46.000000000000	-0.000000000171
46.500000000000	-0.000000000150
47.000000000000	-0.000000000216
47.500000000000	-0.000000000181
48.000000000000	-0.000000000133
48.500000000000	-0.000000000125
49.000000000000	-0.000000000045
49.500000000000	-0.000000000172
50.000000000000	-0.000000000097
50.500000000000	0.000000000233
51.000000000000	-0.000000000627
51.500000000000	-0.000000000246
52.000000000000	-0.000000000116
52.500000000000	-0.000000000163
53.000000000000	-0.000000000135
53.500000000000	-0.000000000131
54.000000000000	-0.000000000068
54.500000000000	-0.000000000147
55.000000000000	-0.000000000116
55.500000000000	0.000000000159
56.000000000000	0.000000000101
56.500000000000	0.000000000055
57.000000000000	-0.000000000136
57.500000000000	-0.000000000357
58.000000000000	-0.000000000625
58.500000000000	-0.000000000065
59.000000000000	-0.000000000040
59.500000000000	-0.000000000104
60.000000000000	-0.000000000164
60.500000000000	-0.000000000212
61.000000000000	-0.000000000123
61.500000000000	-0.000000000214
62.000000000000	-0.000000000213
62.500000000000	-0.000000000152
63.000000000000	-0.000000000173
63.500000000000	-0.000000000042
64.000000000000	-0.000000000127
64.500000000000	-0.000000000010
65.000000000000	0.000000000072
65.500000000000	0.000000000023
66.000000000000	-0.000000000062
66.500000000000	-0.000000000057
67.000000000000	-0.000000000045
67.500000000000	0.000000000046
68.000000000000	0.000000000032
68.500000000000	0.000000000034
69.000000000000	0.000000000076
69.500000000000	0.000000004468
70.000000000000	0.000000000050
70.500000000000	0.000000000004
71.000000000000	0.000000000012
71.500000000000	0.000000000187
72.000000000000	0.000000000132
72.500000000000	0.000000000018
73.000000000000	-0.000000000006
73.500000000000	0.000000000020
74.000000000000	-0.000000000011
74.500000000000	-0.000000000084
75.000000000000	0.000000000095
75.500000000000	-0.000000000177
76.000000000000	-0.000000000030
76.500000000000	-0.000000000127
77.000000000000	-0.000000000075
77.500000000000	-0.000000000096
78.000000000000	-0.000000000017
78.500000000000	-0.000000000071
79.000000000000	-0.000000000108
79.500000000000	-0.000000000022
80.000000000000	-0.000000000096
80.500000000000	-0.000000000102
81.000000000000	-0.000000000119
81.500000000000	-0.000000000056
82.000000000000	-0.000000000089
82.500000000000	-0.000000000083
83.000000000000	-0.000000000089
83.500000000000	-0.000000000067
84.000000000000	-0.000000000104
84.500000000000	-0.000000000026
85.000000000000	-0.000000000098
85.500000000000	-0.000000000108
86.000000000000	-0.000000000215
86.500000000000	-0.000000000064
87.000000000000	-0.000000000217
87.500000000000	-0.000000000018
88.000000000000	-0.000000000078
88.500000000000	-0.000000000034
89.000000000000	-0.000000000199
89.500000000000	-0.000000000238
90.000000000000	-0.000000000043
90.500000000000	-0.000000000053
91.000000000000	-0.000000000066
91.500000000000	-0.000000000095
92.000000000000	-0.000000000050
92.500000000000	0.000000000000
93.000000000000	-0.000000000245
93.500000000000	-0.000000000199
94.000000000000	-0.000000000099
94.500000000000	-0.000000000093
95.000000000000	-0.000000000007
95.500000000000	-0.000000000070
96.000000000000	-0.000000000176
96.500000000000	-0.000000000137
97.000000000000	-0.000000000136
97.500000000000	-0.000000000093
98.000000000000	-0.000000000002
98.500000000000	0.000000000172
99.000000000000	-0.000000000024
99.500000000000	-0.000000000001
100.000000000000	-0.000000000014
100.500000000000	-0.000000000080
101.000000000000	0.000000000019
101.500000000000	0.000000000072
102.000000000000	-0.000000000040
102.500000000000	0.000000000044
103.000000000000	0.000000000034
103.500000000000	-0.000000000029
104.000000000000	0.000000000105
104.500000000000	0.000000000001
105.000000000000	0.000000000138
105.500000000000	0.000000000017
106.000000000000	-0.000000000086
106.500000000000	-0.000000000078
107.000000000000	-0.000000000092
107.500000000000	-0.000000000118
108.000000000000	-0.000000000077
108.500000000000	0.000000000317
109.000000000000	-0.000000000123
109.500000000000	0.000000000081
110.000000000000	-0.000000000143
110.500000000000	-0.000000000328
111.000000000000	0.000000000249
111.500000000000	0.000000000152
112.000000000000	0.000000000347
112.500000000000	-0.000000000014
113.000000000000	-0.000000000243
113.500000000000	-0.000000000275
114.000000000000	0.000000000565
114.500000000000	-0.000000000634
115.000000000000	-0.000000001500
115.500000000000	-0.000000000127
116.000000000000	0.000000000341
116.500000000000	0.000000000141
117.000000000000	0.000000000074
117.500000000000	-0.000000000358
118.000000000000	-0.000000000207
118.500000000000	0.000000000285
119.000000000000	0.000000000158
119.500000000000	0.000000000688
120.000000000000	-0.000000000850
120.500000000000	0.000000000301
121.000000000000	0.000000000048
121.500000000000	-0.000000000380
122.000000000000	0.000000000190
122.500000000000	-0.000000000019
123.000000000000	0.000000000057
123.500000000000	0.000000000308
124.000000000000	0.000000000072
124.500000000000	0.000000000014
125.000000000000	-0.000000000011
125.500000000000	0.000000000079
126.000000000000	0.000000000008
126.500000000000	0.000000000118
127.000000000000	-0.000000000111
127.500000000000	0.000000000180
128.000000000000	0.000000000140
128.500000000000	0.000000000010
129.000000000000	0.000000000096
129.500000000000	0.000000006646
130.000000000000	0.000000000086
130.500000000000	0.000000000273
131.000000000000	0.000000000066
131.500000000000	0.000000000098
132.000000000000	0.000000000032
132.500000000000	0.000000000110
133.000000000000	0.000000000259
133.500000000000	0.000000000069
134.000000000000	0.000000000180
134.500000000000	0.000000000045
135.000000000000	0.000000000059
135.500000000000	0.000000000078
136.000000000000	0.000000000044
136.500000000000	-0.000000000047
137.000000000000	0.000000000132
137.500000000000	0.000000000077
138.000000000000	0.000000000061
138.500000000000	0.000000000019
139.000000000000	0.000000000005
139.500000000000	0.000000000062
140.000000000000	0.000000000047
140.500000000000	0.000000000043
141.000000000000	-0.000000000074
141.500000000000	0.000000000159
142.000000000000	0.000000000109
142.500000000000	0.000000000001
143.000000000000	0.000000000040
143.500000000000	0.000000000053
144.000000000000	0.000000000056
144.500000000000	0.000000000339
145.000000000000	0.000000000048
145.500000000000	0.000000000019
146.000000000000	0.000000000021
146.500000000000	-0.000000000051
147.000000000000	0.000000000062
147.500000000000	0.000000000037
148.000000000000	0.000000000024
148.500000000000	0.000000000057
149.000000000000	0.000000000021
149.500000000000	0.000000000581
150.000000000000	-0.000000000268
150.500000000000	0.000000000012
151.000000000000	0.000000000038
151.500000000000	0.000000000083
152.000000000000	0.000000000004
152.500000000000	0.000000000029
153.000000000000	0.000000000058
153.500000000000	0.000000000002
154.000000000000	-0.000000000020
154.500000000000	-0.000000000011
155.000000000000	0.000000000029
155.500000000000	0.000000000117
156.000000000000	0.000000000065
156.500000000000	-0.000000000079
157.000000000000	0.000000000114
157.500000000000	0.000000000051
158.000000000000	-0.000000000081
158.500000000000	-0.000000000091
159.000000000000	-0.000000000010
159.500000000000	0.000000000182
160.000000000000	0.000000000052
160.500000000000	0.000000000026
161.000000000000	-0.000000000352
161.500000000000	-0.000000000004
162.000000000000	-0.000000000197
162.500000000000	-0.000000000200
163.000000000000	-0.000000000048
163.500000000000	-0.000000000037
164.000000000000	-0.000000000008
164.500000000000	-0.000000000287
165.000000000000	-0.000000000293
165.500000000000	-0.000000000075
166.000000000000	-0.000000000092
166.500000000000	-0.000000000131
167.000000000000	-0.000000010090
167.500000000000	-0.000000000114
168.000000000000	-0.000000000249
168.500000000000	-0.000000000148
169.000000000000	-0.000000000057
169.500000000000	-0.000000012913
170.000000000000	-0.000000000040
170.500000000000	0.000000000053
171.000000000000	-0.000000000148
171.500000000000	-0.000000000106
172.000000000000	-0.000000000257
172.500000000000	-0.000000000162
173.000000000000	-0.000000000168
173.500000000000	-0.000000000230
174.000000000000	-0.000000000210
174.500000000000	0.000000000064
175.000000000000	0.000000000753
175.500000000000	-0.000000000341
176.000000000000	-0.000000000023
176.500000000000	-0.000000000203
177.000000000000	0.000000000112
177.500000000000	-0.000000000120
178.000000000000	-0.000000000017
178.500000000000	-0.000000000170
179.000000000000	0.000000000287
179.500000000000	-0.000000000292
180.000000000000	0.000000000069
180.500000000000	-0.000000000145
181.000000000000	0.000000000041
181.500000000000	-0.000000000026
182.000000000000	-0.000000000017
182.500000000000	0.000000000079
183.000000000000	-0.000000000198
183.500000000000	-0.000000000176
184.000000000000	-0.000000000029
184.500000000000	-0.000000000237
185.000000000000	-0.000000000075
185.500000000000	-0.000000000260
186.000000000000	-0.000000000177
186.500000000000	-0.000000000266
187.000000000000	-0.000000000224
187.500000000000	-0.000000000188
188.000000000000	-0.000000000165
188.500000000000	-0.000000000269
189.000000000000	-0.000000000153
189.500000000000	-0.000000000199
190.000000000000	-0.000000000389
190.500000000000	-0.000000000224
191.000000000000	-0.000000000325
191.500000000000	-0.000000000247
192.000000000000	-0.000000000258
192.500000000000	-0.000000000047
193.000000000000	-0.000000000930
193.500000000000	-0.000000000162
194.000000000000	-0.000000000095
194.500000000000	-0.000000000216
195.000000000000	-0.000000000142
195.500000000000	-0.000000000178
196.000000000000	-0.000000000127
196.500000000000	-0.000000000186
197.000000000000	-0.000000000312
197.500000000000	-0.000000000156
198.000000000000	-0.000000000170
198.500000000000	-0.000000000165
199.000000000000	-0.000000000115
199.500000000000	-0.000000000333
200.000000000000	-0.000000000041
200.500000000000	-0.000000000083
201.000000000000	-0.000000000104
201.500000000000	-0.000000000169
202.000000000000	-0.000000000205
202.500000000000	-0.000000000206
203.000000000000	-0.000000000168
203.500000000000	-0.000000000159
204.000000000000	-0.000000000396
204.500000000000	-0.000000000376
205.000000000000	-0.000000000271
205.500000000000	-0.000000000272
206.000000000000	-0.000000000268
206.500000000000	-0.000000000232
207.000000000000	-0.000000015126
207.500000000000	-0.000000000314
208.000000000000	-0.000000000257
208.500000000000	-0.000000000215
209.000000000000	-0.000000000220
209.500000000000	-0.000000000386
210.000000000000	-0.000000000366
210.500000000000	-0.000000000222
211.000000000000	-0.000000000211
211.500000000000	-0.000000000108
212.000000000000	-0.000000000432
212.500000000000	-0.000000000154
213.000000000000	0.000000000185
213.500000000000	-0.000000000204
214.000000000000	0.000000000081
214.500000000000	-0.000000000164
215.000000000000	-0.000000000226
215.500000000000	-0.000000000229
216.000000000000	-0.000000000186
216.500000000000	-0.000000000384
217.000000000000	-0.000000000244
217.500000000000	0.000000000179
218.000000000000	-0.000000000274
218.500000000000	-0.000000000198
219.000000000000	-0.000000000135
219.500000000000	0.000000000029
220.000000000000	-0.000000000163
220.500000000000	-0.000000000147
221.000000000000	-0.000000000107
221.500000000000	-0.000000000189
222.000000000000	-0.000000000248
222.500000000000	-0.000000000194
223.000000000000	-0.000000000152
223.500000000000	-0.000000000134
224.000000000000	-0.000000000191
224.500000000000	-0.000000000283
225.000000000000	-0.000000000195
225.500000000000	-0.000000000174
226.000000000000	-0.000000000129
226.500000000000	-0.000000000207
227.000000000000	-0.000000000234
227.500000000000	-0.000000000197
228.000000000000	-0.000000000162
228.500000000000	-0.000000000093
229.000000000000	-0.000000000116
229.500000000000	-0.000000000531
230.000000000000	-0.000000000048
230.500000000000	-0.000000000288
231.000000000000	-0.000000000035
231.500000000000	0.000000000010
232.000000000000	0.000000000149
232.500000000000	-0.000000000211
233.000000000000	-0.000000000074
233.500000000000	-0.000000000090
234.000000000000	-0.000000000188
234.500000000000	-0.000000000234
235.000000000000	0.000000000288
235.500000000000	-0.000000000048
236.000000000000	-0.000000000303
236.500000000000	-0.000000000184
237.000000000000	-0.000000000196
237.500000000000	-0.000000000314
238.000000000000	-0.000000000183
238.500000000000	-0.000000000096
239.000000000000	-0.000000000140
239.500000000000	-0.000000000151
240.000000000000	-0.000000000182
240.500000000000	-0.000000000159
241.000000000000	-0.000000000108
241.500000000000	-0.000000000216
242.000000000000	0.000000000076
242.500000000000	-0.000000000130
243.000000000000	-0.000000000221
243.500000000000	-0.000000000021
244.000000000000	-0.000000000127
244.500000000000	0.000000000018
245.000000000000	-0.000000000134
245.500000000000	-0.000000000118
246.000000000000	-0.000000000131
246.500000000000	-0.000000000090
247.000000000000	0.000000000142
247.500000000000	-0.000000000105
248.000000000000	-0.000000000063
248.500000000000	-0.000000000138
249.000000000000	-0.000000000080
249.500000000000	-0.000000000014
250.000000000000	-0.000000000165
250.500000000000	-0.000000000070
251.000000000000	-0.000000000082
251.500000000000	-0.000000000102
252.000000000000	-0.000000000069
252.500000000000	-0.000000000151
253.000000000000	-0.000000000135
253.500000000000	-0.000000000031
254.000000000000	-0.000000000167
254.500000000000	-0.000000000058
255.000000000000	-0.000000000126
255.500000000000	-0.000000000088
256.000000000000	-0.000000000084
256.500000000000	-0.000000000077
257.000000000000	-0.000000000068
257.500000000000	-0.000000000188
258.000000000000	-0.000000000101
258.500000000000	-0.000000000099
259.000000000000	-0.000000000055
259.500000000000	-0.000000000132
260.000000000000	-0.000000000121
260.500000000000	-0.000000000142
261.000000000000	-0.000000000048
261.500000000000	-0.000000000070
262.000000000000	-0.000000000126
262.500000000000	-0.000000000107
263.000000000000	-0.000000000125
263.500000000000	-0.000000000096
264.000000000000	-0.000000000196
264.500000000000	-0.000000000060
265.000000000000	-0.000000000146
265.500000000000	-0.000000000061
266.000000000000	-0.000000000089
266.500000000000	-0.000000000108
267.000000000000	0.000000000016
267.500000000000	-0.000000000171
268.000000000000	-0.000000000088
268.500000000000	-0.000000000021
269.000000000000	0.000000000027
269.500000000000	-0.000000000043
270.000000000000	-0.000000000211
270.500000000000	-0.000000000018
271.000000000000	0.000000000021
271.500000000000	-0.000000000272
272.000000000000	-0.000000000033
272.500000000000	-0.000000000151
273.000000000000	-0.000000000100
273.500000000000	-0.000000000040
274.000000000000	-0.000000000130
274.500000000000	-0.000000000039
275.000000000000	-0.000000000119
275.500000000000	-0.000000000105
276.000000000000	-0.000000000093
276.500000000000	-0.000000000136
277.000000000000	-0.000000000162
277.500000000000	-0.000000000178
278.000000000000	-0.000000000113
278.500000000000	-0.000000000086
279.000000000000	-0.000000000109
279.500000000000	-0.000000000057
280.000000000000	-0.000000000169
280.500000000000	-0.000000000082
281.000000000000	-0.000000000051
281.500000000000	0.000000000325
282.000000000000	-0.000000000211
282.500000000000	-0.000000000179
283.000000000000	-0.000000000096
283.500000000000	-0.000000000026
284.000000000000	-0.000000000124
284.500000000000	0.000000000378
285.000000000000	0.000000000060
285.500000000000	-0.000000000238
286.000000000000	-0.000000000223
286.500000000000	-0.000000000144
287.000000000000	-0.000000000144
287.500000000000	-0.000000000108
288.000000000000	-0.000000000095
288.500000000000	-0.000000000048
289.000000000000	-0.000000000002
289.500000000000	-0.000000000081
290.000000000000	-0.000000000115
290.500000000000	-0.000000000031
291.000000000000	0.000000000139
291.500000000000	-0.000000000101
292.000000000000	-0.000000000121
292.500000000000	-0.000000000160
293.000000000000	-0.000000000166
293.500000000000	-0.000000000195
294.000000000000	-0.000000000143
294.500000000000	-0.000000000179
295.000000000000	-0.000000000143
295.500000000000	-0.000000000057
296.000000000000	-0.000000000043
296.500000000000	-0.000000000162
297.000000000000	-0.000000000128
297.500000000000	-0.000000000178
298.000000000000	-0.000000000086
298.500000000000	-0.000000000055
299.000000000000	-0.000000000123
299.500000000000	-0.000000000146
