Voltage   	Current	
29.981570	-1.695551E-9
28.999820	-6.012409E-10
28.000280	-4.744553E-10
26.999900	-2.832380E-10
26.000860	-4.095219E-11
25.000090	2.939516E-10
24.000530	7.038337E-10
23.000150	1.211796E-9
21.999790	1.720670E-9
21.000170	2.242145E-9
19.999880	2.890953E-9
19.000940	3.446638E-9
18.000050	4.068824E-9
17.000540	4.718643E-9
16.000150	5.349535E-9
15.000920	6.006035E-9
14.000270	6.597957E-9
13.000970	7.243217E-9
12.000480	7.773349E-9
11.001000	8.380557E-9
10.000480	8.897428E-9
9.001082	9.436160E-9
8.000778	9.981271E-9
7.000006	1.043548E-8
6.000741	1.089223E-8
5.000084	1.137261E-8
4.001128	1.184474E-8
3.000592	1.230989E-8
2.001189	1.268384E-8
1.000494	1.300890E-8
0.001078	1.337435E-8
0.998773	1.420828E-8
1.999270	1.411031E-8
2.998635	1.442732E-8
3.999132	1.476665E-8
4.998441	1.526540E-8
5.999453	1.540018E-8
6.998333	1.571754E-8
7.998959	1.596796E-8
8.999139	1.620774E-8
9.998803	1.650689E-8
10.999220	1.651519E-8
11.998650	1.705621E-8
12.998990	1.723005E-8
13.997810	1.739351E-8
14.998570	1.761224E-8
15.997810	1.782111E-8
16.998270	1.799520E-8
17.997840	1.836668E-8
18.998070	1.833824E-8
19.997480	1.852934E-8
20.997720	1.868617E-8
21.997210	1.892580E-8
22.997730	1.904635E-8
23.997950	1.920587E-8
24.997550	1.931287E-8
25.998360	1.949480E-8
26.997590	1.958740E-8
27.997870	1.966550E-8
28.997220	1.985246E-8
