Voltage   	Current	
-0.001258	-9.540183E-11
0.098329	-1.382195E-10
0.198297	-1.366505E-10
0.297758	-1.518847E-10
0.398387	-1.922222E-10
0.498222	-7.510662E-11
0.598181	-1.230866E-10
0.698050	-1.010704E-10
0.798636	-7.743478E-11
0.898089	-2.550690E-11
0.998164	2.673811E-10
1.097878	6.174766E-11
1.198812	-1.496071E-10
1.298672	-5.470103E-10
1.398674	-2.815523E-10
1.499333	3.573612E-10
1.598932	-1.123063E-10
1.698629	-3.563559E-10
1.798528	-5.956893E-11
1.899303	-3.758924E-10
1.998996	-4.225950E-11
2.098633	-6.579404E-11
2.198404	-1.095226E-10
2.299341	-4.058939E-11
2.399103	-1.705096E-10
2.498732	-7.368955E-11
2.598403	3.611062E-10
2.699401	-1.948036E-10
2.799189	-1.614392E-11
2.898774	-9.818535E-11
2.998373	9.879547E-11
3.099293	-1.716739E-10
3.198910	-3.441455E-11
3.298624	-1.155453E-10
3.398660	-1.396364E-10
3.499439	-1.035504E-10
3.599137	-6.118844E-11
3.698847	-1.229345E-10
3.798416	5.714203E-11
3.899370	-2.832222E-10
3.998875	1.388294E-10
4.098804	-3.088316E-10
4.198411	-7.460035E-11
4.299057	-7.095663E-11
4.398561	-1.165573E-10
4.498499	-2.171740E-10
4.598141	1.275550E-11
4.698576	-1.000077E-10
4.798351	-4.413203E-11
4.897868	-1.283504E-10
4.997866	-1.042590E-10
5.098495	-6.741374E-11
5.198445	-2.965722E-11
5.297889	-5.273620E-11
5.397621	-2.292594E-11
5.498550	-1.624514E-11
5.598655	-7.181675E-11
5.698074	-4.873807E-11
5.797840	-1.272872E-10
5.898782	-3.648987E-11
5.998569	-7.859888E-11
6.098146	-7.804188E-11
6.198213	-6.325357E-12
6.298678	-8.573503E-11
6.398406	-3.102371E-11
6.498168	-1.381183E-10
6.597844	-7.718162E-11
6.698829	-1.365493E-10
6.798496	-1.567940E-10
6.898365	-6.695805E-11
6.997745	-1.472789E-10
7.098742	-3.451575E-11
7.198359	-1.843775E-10
7.298249	2.728102E-11
7.398041	-1.757227E-10
7.499090	-9.084680E-11
7.598847	-8.042092E-11
7.698566	-1.159503E-10
7.798238	4.353962E-12
7.899055	-7.515724E-11
7.998779	-1.947527E-10
8.098515	-1.217708E-10
8.198212	-2.395949E-10
8.298983	-8.462175E-11
8.398607	-7.191794E-11
8.498531	-9.059367E-11
8.599148	-1.105854E-10
8.698960	-1.185820E-10
8.798658	-9.737586E-11
8.898261	-1.549215E-10
8.999065	-6.513612E-11
9.098575	-1.275402E-10
9.198521	-1.414587E-10
9.298020	1.266515E-12
9.399032	-2.550712E-11
9.498609	-4.661210E-11
9.598306	-8.067386E-11
9.698055	-1.079031E-10
9.798760	-9.535128E-11
9.898484	-7.956022E-11
9.998237	-5.217929E-11
10.097870	-1.367010E-10
10.198680	-5.465944E-11
10.298140	-5.471010E-11
10.398040	-1.008680E-10
10.497710	1.866575E-10
10.598680	-1.207077E-10
10.698260	-2.948122E-10
10.797960	1.504702E-10
10.897710	-3.522059E-10
10.998710	-3.051759E-11
11.098260	-1.822013E-10
11.197870	-3.535726E-10
11.297640	4.934782E-11
11.398490	-6.533848E-11
11.498110	-4.494208E-11
11.597780	-5.314110E-11
11.697710	-8.963211E-11
11.798290	-8.816445E-11
11.898090	-2.408987E-11
11.998010	-1.403448E-10
12.097710	-2.950543E-11
12.198430	-7.416633E-10
12.298230	4.712088E-11
12.397830	7.227491E-11
12.497710	-9.929896E-11
12.598820	-9.463097E-12
12.698270	-7.657427E-11
12.797980	-4.580233E-11
12.897590	1.248100E-10
12.998530	-1.519352E-10
13.098080	3.715042E-11
13.197910	6.083670E-11
13.297610	-2.398867E-11
13.398310	-7.404377E-11
13.497920	-1.031456E-10
13.597850	-9.641407E-11
13.697510	1.372098E-10
13.798530	-5.946746E-11
13.898270	-3.198533E-11
13.997850	-8.629186E-11
14.097730	1.599457E-11
14.198490	-2.965722E-11
14.297950	-3.603418E-11
14.398040	-5.961937E-11
14.497740	-1.771283E-11
14.598690	1.417264E-11
14.698090	1.933503E-11
14.797970	1.323005E-10
14.897790	-1.671692E-10
14.998700	7.941120E-11
15.098610	3.816021E-10
15.198340	3.306405E-10
15.298020	-6.139073E-11
15.398710	-2.682299E-11
15.498460	-5.324219E-11
15.598070	-2.662054E-11
15.698960	5.190293E-14
15.798600	-6.078338E-11
15.898370	-4.035661E-13
15.998000	-4.812662E-10
16.098850	-1.550731E-10
16.198380	6.494169E-10
16.298350	2.196564E-10
16.397870	-3.851422E-11
16.498790	-4.782683E-11
16.598540	-1.335632E-10
16.698230	-1.107183E-9
16.797960	1.014752E-9
16.898930	-5.147099E-11
16.998530	-2.996076E-11
17.098160	8.821608E-10
17.197770	9.122425E-13
17.298840	-2.128717E-10
17.398400	-1.168614E-10
17.498250	-8.386222E-11
17.597740	-1.054735E-10
17.698480	1.898461E-10
17.798420	-3.517389E-11
17.897970	-8.745593E-11
17.997740	-6.483242E-11
18.098250	-1.467604E-11
18.198150	-2.196415E-11
18.297890	-7.106388E-10
18.397650	-1.378650E-10
18.498150	-1.270341E-10
18.597930	-8.047141E-11
18.697660	5.315526E-12
18.797320	-1.022344E-10
18.898120	-2.464662E-11
18.998070	-3.729961E-11
19.097650	-5.870832E-11
19.197470	1.287071E-10
19.298090	-1.009690E-10
19.397960	9.921328E-12
19.497700	-4.241138E-11
19.597420	-6.675552E-11
19.698270	-2.363443E-11
19.798110	-7.586576E-11
19.897640	4.524832E-11
19.997250	-5.061043E-11
20.098300	-8.619053E-11
20.198230	-7.100698E-11
20.298050	6.174772E-11
20.397680	-1.578940E-11
20.498410	-1.361317E-11
20.598210	-7.905404E-11
20.697930	-4.099410E-11
20.797660	-6.948861E-11
20.898340	1.032632E-11
20.997880	-3.390838E-11
21.097830	-6.361758E-11
21.197640	1.514095E-9
21.298340	8.796461E-11
21.398320	2.176435E-11
21.497810	-2.677233E-11
21.597560	-4.241130E-11
21.698540	-1.414081E-10
21.797930	-3.942513E-11
21.897480	4.595678E-11
21.997240	-2.363432E-11
22.097900	-6.797041E-11
22.197760	3.978218E-11
22.297540	-8.805012E-12
22.397320	-2.047738E-10
22.498080	-6.847634E-11
22.597820	-1.214668E-10
22.697320	6.125461E-12
22.798390	-6.376977E-11
22.898010	-2.272338E-11
22.997740	3.669479E-11
23.097650	-7.869991E-11
23.198030	1.948681E-11
23.298130	8.067651E-11
23.397680	-3.831180E-11
23.497260	1.245189E-11
23.598020	-1.032972E-10
23.697660	-1.897812E-11
23.797550	-3.082115E-11
23.896970	-1.584011E-11
23.998210	1.437503E-11
24.097740	-8.295137E-11
24.197610	-5.511486E-11
24.297300	-3.895773E-12
24.398080	-7.763717E-11
24.497970	-7.590345E-12
24.597620	-7.642242E-11
24.697510	-2.383677E-11
24.798270	1.192427E-10
24.897830	-5.111658E-11
24.997420	3.254466E-11
25.097310	-9.894477E-11
25.198170	-1.192906E-10
25.297860	-1.644757E-11
25.397370	-2.206529E-11
25.497180	7.947393E-12
25.597780	1.122077E-10
25.697690	9.145680E-11
25.797380	-3.279507E-11
25.897200	-2.965717E-11
25.997920	1.570161E-12
26.097610	-6.457926E-11
26.197190	4.453983E-11
26.297080	-7.738413E-11
26.398020	3.325635E-10
26.497600	-1.944999E-10
26.597180	3.792236E-10
26.697060	2.636868E-10
26.797940	-4.701310E-10
26.897560	3.468854E-10
26.997340	1.502171E-10
27.096980	-5.071174E-11
27.197720	-1.167600E-10
27.297690	-4.054999E-10
27.397320	1.447639E-11
27.497070	1.554807E-10
27.598050	-4.924391E-11
27.697310	-1.275910E-10
27.797340	-8.210732E-10
27.897180	-3.952252E-10
27.997620	-3.740083E-11
28.097520	-7.535952E-11
28.197400	1.168134E-10
28.296750	-5.076217E-11
28.397480	-2.348269E-11
28.497560	2.827152E-10
28.596850	-1.261232E-10
28.696770	1.417272E-11
28.797650	6.918760E-11
28.897540	9.213809E-10
28.997100	8.421930E-11
29.096920	-7.713100E-11
29.197520	1.346792E-10
29.297530	7.850023E-11
29.397120	-3.559006E-10
29.496910	2.925330E-10
29.597560	-4.139886E-11
29.697260	3.902302E-11
29.797130	-7.546195E-10
29.897840	2.545905E-11
29.997860	-5.744933E-10
29.898220	1.183823E-10
29.797250	-4.720544E-10
29.697560	2.745168E-10
29.598130	-7.323386E-11
29.497570	-2.073702E-12
29.397520	-4.119655E-11
29.297590	-8.811374E-11
29.198200	-3.136491E-12
29.097540	-1.830107E-10
28.997690	-1.980929E-10
28.897960	-3.800804E-11
28.798200	-4.367659E-11
28.696840	3.578673E-10
28.597400	5.928883E-10
28.497760	-2.090128E-11
28.397610	-2.516911E-10
28.297280	-2.377726E-10
28.197670	-1.029934E-10
28.097940	-1.361306E-11
27.998140	-1.007881E-9
27.897240	-1.370554E-10
27.797840	-1.859464E-10
27.698010	6.470383E-10
27.598290	1.269356E-10
27.497480	-2.287509E-11
27.397790	-1.193412E-10
27.298300	-2.503748E-10
27.198190	3.038070E-12
27.097650	2.456199E-10
26.997970	-1.509734E-10
26.898250	-9.251691E-11
26.798580	-5.668385E-11
26.697710	-1.105345E-10
26.598020	-5.638012E-11
26.498100	-1.841750E-10
26.398370	-1.663090E-10
26.297750	-6.842582E-11
26.198100	2.025796E-12
26.098280	2.324612E-10
25.998520	-1.330960E-11
25.897760	-1.033480E-10
25.797960	-2.832228E-10
25.697980	-2.927878E-10
25.598410	-1.937406E-10
25.497620	5.280600E-10
25.397750	-7.613006E-10
25.298250	-1.636266E-10
25.198530	-8.016762E-11
25.097280	-1.421165E-10
24.997970	-6.447798E-11
24.898390	-8.619025E-11
24.798410	1.513421E-11
24.697610	-5.197695E-11
24.597870	-5.946768E-11
24.498130	-1.439890E-10
24.398530	-6.832446E-11
24.297590	1.108533E-11
24.197750	-4.534689E-11
24.098020	-3.431333E-11
23.998280	-8.983456E-11
23.897610	-1.010196E-10
23.797760	-1.059290E-10
23.697880	-6.483236E-11
23.598420	2.500367E-11
23.497660	-1.111420E-10
23.397860	-1.050180E-10
23.298450	-1.129639E-10
23.198580	-1.971312E-10
23.097640	-3.021380E-11
22.997910	-9.646453E-11
22.898370	-1.131668E-10
22.798600	-9.469334E-11
22.697540	-9.817369E-12
22.597950	-1.120532E-10
22.498230	-1.759251E-10
22.397650	-1.366504E-10
22.297750	1.511787E-10
22.197990	-7.014664E-11
22.098600	1.432431E-11
21.997630	-6.144135E-11
21.897850	-6.807135E-11
21.798350	-1.357902E-10
21.698640	-7.293008E-11
21.597480	-7.438661E-12
21.498020	-4.828229E-11
21.398230	-1.267813E-10
21.298720	-8.639303E-11
21.197970	-2.317885E-11
21.097750	-6.123888E-11
20.998240	-8.274903E-11
20.898490	-8.254655E-11
20.797820	-4.160147E-11
20.698230	-9.469320E-11
20.598230	-9.125165E-11
20.498400	-1.453559E-10
20.397240	-6.832457E-11
20.297740	-4.428397E-11
20.198080	-2.915101E-11
20.098500	-3.335179E-11
19.997560	-1.964737E-10
19.897670	-1.059799E-10
19.798270	-1.203028E-10
19.698540	-1.061822E-10
19.597950	-6.325135E-12
19.498000	-1.009690E-10
19.398550	2.237560E-10
19.298480	6.356966E-11
19.197610	-1.064351E-10
19.097760	-1.968279E-10
18.998350	-2.795780E-10
18.898320	1.480914E-10
18.797490	8.325769E-11
18.697730	-1.166081E-10
18.598450	1.508750E-10
18.498270	-2.095313E-10
18.397480	-2.708220E-10
18.298040	-4.524550E-11
18.198110	1.229879E-10
18.098270	2.502758E-10
17.997650	-3.024545E-10
17.898210	-3.896079E-10
17.798210	1.004657E-10
17.698980	-1.612477E-10
17.597640	-2.568533E-10
17.498450	5.265094E-12
17.398170	3.012881E-10
17.299070	-2.731787E-12
17.198170	-8.738611E-10
17.098010	-2.310918E-10
16.998390	-9.084680E-11
16.898660	1.639329E-10
16.797760	-2.313955E-10
16.698300	-1.093201E-10
16.598470	-3.831185E-11
16.498690	-7.794076E-11
16.397780	-9.095780E-13
16.298200	-1.315894E-10
16.198560	2.854637E-11
16.098710	-6.746420E-11
15.998190	-1.043601E-10
15.898600	-1.245037E-10
15.798480	-1.464183E-10
15.698950	1.247594E-10
15.597960	-9.094803E-11
15.498310	-1.941957E-10
15.398510	-1.603366E-10
15.297780	-1.146342E-10
15.198210	6.410161E-10
15.098300	-6.270662E-11
14.998600	-1.800754E-10
14.897770	-1.173167E-10
14.798200	-1.686877E-10
14.698460	-6.832460E-11
14.598770	-1.298683E-10
14.497780	-2.862079E-10
14.398260	-7.287965E-11
14.298400	2.118116E-10
14.198830	-8.841741E-11
14.097970	-9.575629E-11
13.998280	-1.271861E-10
13.898500	-1.196955E-10
13.798990	-1.021332E-10
13.697940	-1.671187E-10
13.598450	-7.353759E-11
13.498440	-1.502649E-10
13.399020	-9.909643E-11
13.298140	-2.015854E-10
13.198620	-7.586576E-11
13.098760	-7.004544E-11
12.999040	-1.039045E-10
12.898200	-1.105853E-10
12.798430	-1.458110E-10
12.698870	-1.647398E-10
12.599220	-1.190376E-10
12.498290	-1.771399E-10
12.398500	-1.192907E-10
12.298860	-2.038628E-10
12.199150	-1.036007E-10
12.098440	-1.734958E-10
11.998520	-8.543130E-11
11.898730	-3.299752E-11
11.799070	-1.194423E-10
11.698440	-1.029431E-10
11.598590	-7.753595E-11
11.498780	-1.834155E-10
11.399300	-1.200498E-10
11.298240	-1.972830E-10
11.198550	-1.028923E-10
11.098770	-2.048749E-10
10.999130	-1.689913E-10
10.898340	-1.464691E-10
10.798690	-3.111092E-10
10.698910	-1.074981E-10
10.599090	-1.059291E-10
10.498480	-1.598305E-10
10.398630	-1.403958E-10
10.298870	-4.934514E-11
10.199150	-1.503663E-10
10.098280	-1.691433E-10
9.998739	-1.589700E-10
9.898969	-1.574010E-10
9.799052	-7.956044E-11
9.698196	-1.377639E-10
9.598417	-1.408512E-10
9.498609	-1.744067E-10
9.399010	-1.468234E-10
9.298223	-8.593756E-11
9.198491	-7.677681E-11
9.098798	-8.684822E-11
8.999087	-1.190883E-10
8.898549	-1.029938E-10
8.798585	-1.810371E-10
8.699329	-1.221246E-10
8.599023	-1.367007E-10
8.498308	-1.037529E-10
8.398499	-1.158995E-10
8.298648	-1.846304E-10
8.197937	-1.866549E-10
8.098176	-3.087175E-11
7.998474	-9.676843E-11
7.898755	-7.384116E-11
7.797869	-1.187844E-10
7.698382	-9.509821E-11
7.598963	-1.195437E-10
7.498803	-1.058280E-10
7.397942	-8.462156E-11
7.298034	-2.073480E-12
7.198144	-1.542632E-10
7.098665	-7.925666E-11
6.997724	-1.360936E-10
6.898288	-9.059378E-11
6.798500	-1.210114E-10
6.698966	-1.282993E-10
6.598157	-4.838349E-11
6.498541	-9.722415E-11
6.398762	-1.004631E-10
6.299142	-1.643350E-10
6.198080	-1.373083E-10
6.098430	-1.418633E-10
5.998818	-1.433819E-10
5.899151	-1.076498E-10
5.797968	-4.747255E-11
5.698404	-1.405982E-10
5.598642	-1.286032E-10
5.498795	-1.711172E-10
5.398149	-9.489587E-11
5.298220	-1.671189E-10
5.198711	-1.053218E-10
5.098971	-1.185818E-10
4.998063	-1.590213E-10
4.898606	-1.399404E-10
4.798643	-1.553770E-10
4.699121	-1.394846E-10
4.598385	-1.606910E-10
4.498829	-9.292184E-11
4.398828	-1.304252E-10
4.299375	-9.201095E-11
4.198355	-1.739008E-10
4.098916	-1.899447E-10
3.999124	5.967266E-11
3.899572	-2.540191E-10
3.798128	-2.388864E-10
3.698937	-1.402439E-10
3.599150	-1.284007E-10
3.499628	-1.756721E-10
3.398583	-1.394341E-10
3.298972	-1.044614E-10
3.199291	-8.031958E-11
3.099594	-1.610453E-10
2.998622	-8.755696E-11
2.899053	-1.667140E-10
2.799322	-2.150874E-11
2.699448	-1.371569E-10
2.598562	-1.706109E-10
2.498998	-1.866550E-10
2.399240	-1.942464E-10
2.299547	-7.956047E-11
2.198742	-2.060392E-10
2.099002	-1.841750E-10
1.999275	-1.387763E-10
1.899526	-1.993584E-10
1.798786	-1.417623E-10
1.698856	-1.666126E-10
1.599344	-1.653978E-10
1.499505	-1.711678E-10
1.398601	-1.963215E-10
1.298891	-2.292700E-10
1.198893	-1.706109E-10
1.098123	-1.522389E-10
0.998177	-1.387256E-10
0.898561	-2.384306E-10
0.798764	-1.694973E-10
0.698089	-1.508726E-10
0.598679	-1.377135E-10
0.498368	-1.670682E-10
0.398718	-2.373174E-10
0.298303	-2.711258E-10
0.198327	-3.034162E-10
0.098797	6.498685E-11
