Voltage   	Current	
29.982730	-9.293694E-10
28.999550	-4.970300E-10
28.000670	-4.694964E-10
27.000280	-4.406466E-10
26.000270	-4.314857E-10
24.999890	-4.048122E-10
24.000610	-3.817832E-10
23.000710	-3.623987E-10
22.000030	-3.548572E-10
21.000490	-3.307651E-10
20.000270	-3.760132E-10
19.000970	-3.098112E-10
18.000630	-2.897680E-10
17.000960	-2.890085E-10
16.000600	-2.492268E-10
15.000710	-2.506945E-10
14.000340	-2.031688E-10
13.001140	-1.766473E-10
12.000430	-1.844419E-10
11.001210	-1.697133E-10
10.000820	-1.440519E-10
9.001276	-1.372194E-10
8.001019	-1.264892E-10
7.000307	-1.025999E-10
6.001354	-8.913653E-11
5.000501	-6.975154E-11
4.001359	-5.998335E-11
3.000317	-2.379452E-11
2.001180	-2.045414E-11
1.000425	-4.287606E-11
0.000722	1.527892E-11
0.998250	4.235701E-11
1.998974	6.148890E-11
2.998146	6.806862E-11
3.998634	9.833535E-11
4.998016	1.149366E-10
5.998633	1.264259E-10
6.997736	1.500623E-10
7.998689	1.701558E-10
8.998907	1.789119E-10
9.998447	1.982462E-10
10.999000	2.190483E-10
11.998280	2.308919E-10
12.999100	2.426847E-10
13.998500	2.781111E-10
14.998680	2.858543E-10
15.997800	3.061485E-10
16.998620	3.288719E-10
17.998040	-1.637404E-10
18.998400	4.051398E-10
19.997710	4.082270E-10
20.997970	4.012936E-10
21.997680	4.251303E-10
22.997960	4.552935E-10
23.998550	4.595447E-10
24.997700	4.889483E-10
25.998420	4.883918E-10
26.997980	4.976026E-10
27.998230	5.337881E-10
28.997630	5.476549E-10
