t (s)	Ids (Amps)
0.000000000000	0.000000034047
0.500000000000	0.000000033972
1.000000000000	0.000000033940
1.500000000000	0.000000033887
2.000000000000	0.000000034058
2.500000000000	0.000000033863
3.000000000000	0.000000033895
3.500000000000	0.000000033975
4.000000000000	0.000000033775
4.500000000000	0.000000033696
5.000000000000	0.000000033662
5.500000000000	0.000000033688
6.000000000000	0.000000033687
6.500000000000	0.000000033613
7.000000000000	0.000000033855
7.500000000000	0.000000033495
8.000000000000	0.000000033555
8.500000000000	0.000000033510
9.000000000000	0.000000033507
9.500000000000	0.000000033474
10.000000000000	0.000000033489
10.500000000000	0.000000033447
11.000000000000	0.000000033454
11.500000000000	0.000000033436
12.000000000000	0.000000033392
12.500000000000	0.000000033388
13.000000000000	0.000000033362
13.500000000000	0.000000033364
14.000000000000	0.000000033338
14.500000000000	0.000000033325
15.000000000000	0.000000033312
15.500000000000	0.000000033296
16.000000000000	0.000000033343
16.500000000000	0.000000033319
17.000000000000	0.000000033312
17.500000000000	0.000000033310
18.000000000000	0.000000033282
18.500000000000	0.000000033270
19.000000000000	0.000000033299
19.500000000000	0.000000033273
20.000000000000	0.000000033275
20.500000000000	0.000000033244
21.000000000000	0.000000033209
21.500000000000	0.000000033188
22.000000000000	0.000000033201
22.500000000000	0.000000033169
23.000000000000	0.000000033179
23.500000000000	0.000000033154
24.000000000000	0.000000033129
24.500000000000	0.000000033175
25.000000000000	0.000000033146
25.500000000000	0.000000033169
26.000000000000	0.000000033146
26.500000000000	0.000000033116
27.000000000000	0.000000033137
27.500000000000	0.000000033107
28.000000000000	0.000000033107
28.500000000000	0.000000033139
29.000000000000	0.000000033100
29.500000000000	0.000000033116
30.000000000000	0.000000033076
30.500000000000	0.000000033093
31.000000000000	0.000000033099
31.500000000000	0.000000033068
32.000000000000	0.000000033108
32.500000000000	0.000000033049
33.000000000000	0.000000033056
33.500000000000	0.000000033052
34.000000000000	0.000000032979
34.500000000000	0.000000032987
35.000000000000	0.000000033015
35.500000000000	0.000000032995
36.000000000000	0.000000032986
36.500000000000	0.000000032960
37.000000000000	0.000000032970
37.500000000000	0.000000032957
38.000000000000	0.000000032954
38.500000000000	0.000000032966
39.000000000000	0.000000032969
39.500000000000	0.000000032942
40.000000000000	0.000000032945
40.500000000000	0.000000032952
41.000000000000	0.000000032971
41.500000000000	0.000000032690
42.000000000000	0.000000032966
42.500000000000	0.000000033064
43.000000000000	0.000000032993
43.500000000000	0.000000033023
44.000000000000	0.000000032991
44.500000000000	0.000000032919
45.000000000000	0.000000032994
45.500000000000	0.000000032996
46.000000000000	0.000000032922
46.500000000000	0.000000032941
47.000000000000	0.000000032969
47.500000000000	0.000000032919
48.000000000000	0.000000032894
48.500000000000	0.000000032905
49.000000000000	0.000000032873
49.500000000000	0.000000032916
50.000000000000	0.000000032874
50.500000000000	0.000000032853
51.000000000000	0.000000032850
51.500000000000	0.000000032872
52.000000000000	0.000000032853
52.500000000000	0.000000032785
53.000000000000	0.000000032769
53.500000000000	0.000000032823
54.000000000000	0.000000032765
54.500000000000	0.000000032775
55.000000000000	0.000000032848
55.500000000000	0.000000032858
56.000000000000	0.000000032834
56.500000000000	0.000000032824
57.000000000000	0.000000032772
57.500000000000	0.000000032786
58.000000000000	0.000000032830
58.500000000000	0.000000032786
59.000000000000	0.000000026843
59.500000000000	0.000000013285
60.000000000000	0.000000006690
60.500000000000	0.000000002995
61.000000000000	0.000000001563
61.500000000000	0.000000000345
62.000000000000	0.000000000073
62.500000000000	-0.000000000184
63.000000000000	-0.000000000517
63.500000000000	-0.000000000386
64.000000000000	-0.000000000537
64.500000000000	-0.000000000445
65.000000000000	-0.000000000431
65.500000000000	-0.000000000374
66.000000000000	-0.000000000375
66.500000000000	-0.000000000298
67.000000000000	-0.000000000314
67.500000000000	-0.000000000290
68.000000000000	-0.000000000275
68.500000000000	-0.000000000261
69.000000000000	0.000000000210
69.500000000000	0.000000002796
70.000000000000	0.000000007926
70.500000000000	0.000000018080
71.000000000000	0.000000025837
71.500000000000	0.000000037329
72.000000000000	0.000000044202
72.500000000000	0.000000050718
73.000000000000	0.000000059656
73.500000000000	0.000000061947
74.000000000000	0.000000060208
74.500000000000	0.000000064602
75.000000000000	0.000000058738
75.500000000000	0.000000057336
76.000000000000	0.000000053628
76.500000000000	0.000000045645
77.000000000000	0.000000056130
77.500000000000	0.000000059243
78.000000000000	0.000000064409
78.500000000000	0.000000066184
79.000000000000	0.000000067771
79.500000000000	0.000000066860
80.000000000000	0.000000066192
80.500000000000	0.000000065680
81.000000000000	0.000000065253
81.500000000000	0.000000064875
82.000000000000	0.000000064489
82.500000000000	0.000000064207
83.000000000000	0.000000063880
83.500000000000	0.000000063622
84.000000000000	0.000000055823
84.500000000000	0.000000043076
85.000000000000	0.000000044106
85.500000000000	0.000000044598
86.000000000000	0.000000044962
86.500000000000	0.000000045087
87.000000000000	0.000000045248
87.500000000000	0.000000045327
88.000000000000	0.000000045353
88.500000000000	0.000000045438
89.000000000000	0.000000045565
89.500000000000	0.000000045631
90.000000000000	0.000000045673
90.500000000000	0.000000045706
91.000000000000	0.000000045726
91.500000000000	0.000000045708
92.000000000000	0.000000045776
92.500000000000	0.000000045774
93.000000000000	0.000000045789
93.500000000000	0.000000045818
94.000000000000	0.000000045794
94.500000000000	0.000000045816
95.000000000000	0.000000045786
95.500000000000	0.000000045785
96.000000000000	0.000000045781
96.500000000000	0.000000045828
97.000000000000	0.000000045809
97.500000000000	0.000000045803
98.000000000000	0.000000045792
98.500000000000	0.000000045771
99.000000000000	0.000000045783
99.500000000000	0.000000045786
100.000000000000	0.000000045787
100.500000000000	0.000000045812
101.000000000000	0.000000045792
101.500000000000	0.000000045773
102.000000000000	0.000000045765
102.500000000000	0.000000045758
103.000000000000	0.000000045761
103.500000000000	0.000000045794
104.000000000000	0.000000045757
104.500000000000	0.000000045758
105.000000000000	0.000000045764
105.500000000000	0.000000045796
106.000000000000	0.000000045769
106.500000000000	0.000000045771
107.000000000000	0.000000045744
107.500000000000	0.000000045730
108.000000000000	0.000000045734
108.500000000000	0.000000045772
109.000000000000	0.000000045734
109.500000000000	0.000000045733
110.000000000000	0.000000045718
110.500000000000	0.000000045679
111.000000000000	0.000000045705
111.500000000000	0.000000045706
112.000000000000	0.000000045705
112.500000000000	0.000000045717
113.000000000000	0.000000045704
113.500000000000	0.000000045674
114.000000000000	0.000000045675
114.500000000000	0.000000045649
115.000000000000	0.000000045648
115.500000000000	0.000000045661
116.000000000000	0.000000045606
116.500000000000	0.000000045600
117.000000000000	0.000000045642
117.500000000000	0.000000045379
118.000000000000	0.000000045515
118.500000000000	0.000000057968
119.000000000000	0.000000044080
119.500000000000	0.000000043278
120.000000000000	0.000000051821
120.500000000000	0.000000045357
121.000000000000	0.000000045391
121.500000000000	0.000000029406
122.000000000000	0.000000016582
122.500000000000	0.000000009496
123.000000000000	0.000000004073
123.500000000000	0.000000002151
124.000000000000	0.000000000132
124.500000000000	-0.000000000060
125.000000000000	-0.000000000364
125.500000000000	-0.000000000614
126.000000000000	-0.000000000600
126.500000000000	-0.000000000501
127.000000000000	-0.000000000445
127.500000000000	-0.000000000423
128.000000000000	-0.000000000424
128.500000000000	-0.000000000406
129.000000000000	-0.000000000359
129.500000000000	-0.000000000354
130.000000000000	-0.000000000319
130.500000000000	-0.000000000322
131.000000000000	-0.000000000308
131.500000000000	0.000000003682
132.000000000000	0.000000009189
132.500000000000	0.000000016660
133.000000000000	0.000000028371
133.500000000000	0.000000036150
134.000000000000	0.000000047491
134.500000000000	0.000000053427
135.000000000000	0.000000059205
135.500000000000	0.000000064550
136.000000000000	0.000000062702
136.500000000000	0.000000059438
137.000000000000	0.000000058724
137.500000000000	0.000000052078
138.000000000000	0.000000059051
138.500000000000	0.000000061868
139.000000000000	0.000000072786
139.500000000000	0.000000074414
140.000000000000	0.000000078812
140.500000000000	0.000000076825
141.000000000000	0.000000075719
141.500000000000	0.000000074913
142.000000000000	0.000000074278
142.500000000000	0.000000073795
143.000000000000	0.000000073277
143.500000000000	0.000000072956
144.000000000000	0.000000072557
144.500000000000	0.000000072232
145.000000000000	0.000000068849
145.500000000000	0.000000054333
146.000000000000	0.000000041421
146.500000000000	0.000000033644
147.000000000000	0.000000035183
147.500000000000	0.000000036033
148.000000000000	0.000000036633
148.500000000000	0.000000037081
149.000000000000	0.000000037476
149.500000000000	0.000000037835
150.000000000000	0.000000038081
150.500000000000	0.000000038324
151.000000000000	0.000000038508
151.500000000000	0.000000038713
152.000000000000	0.000000038789
152.500000000000	0.000000039532
153.000000000000	0.000000039230
153.500000000000	0.000000039240
154.000000000000	0.000000039340
154.500000000000	0.000000039415
155.000000000000	0.000000039482
155.500000000000	0.000000039574
156.000000000000	0.000000039597
156.500000000000	0.000000039733
157.000000000000	0.000000039761
157.500000000000	0.000000039793
158.000000000000	0.000000039851
158.500000000000	0.000000039941
159.000000000000	0.000000039970
159.500000000000	0.000000039984
160.000000000000	0.000000040064
160.500000000000	0.000000040056
161.000000000000	0.000000040152
161.500000000000	0.000000040187
162.000000000000	0.000000040265
162.500000000000	0.000000040231
163.000000000000	0.000000040244
163.500000000000	0.000000040242
164.000000000000	0.000000040379
164.500000000000	0.000000040343
165.000000000000	0.000000040369
165.500000000000	0.000000040409
166.000000000000	0.000000040389
166.500000000000	0.000000040387
167.000000000000	0.000000040083
167.500000000000	0.000000040245
168.000000000000	0.000000040394
168.500000000000	0.000000040512
169.000000000000	0.000000040488
169.500000000000	0.000000040451
170.000000000000	0.000000040528
170.500000000000	0.000000040590
171.000000000000	0.000000040599
171.500000000000	0.000000040625
172.000000000000	0.000000040726
172.500000000000	0.000000040738
173.000000000000	0.000000040720
173.500000000000	0.000000040675
174.000000000000	0.000000040672
174.500000000000	0.000000040644
175.000000000000	0.000000040719
175.500000000000	0.000000040667
176.000000000000	0.000000040533
176.500000000000	0.000000040765
177.000000000000	0.000000040771
177.500000000000	0.000000059894
178.000000000000	0.000000029979
178.500000000000	0.000000023590
179.000000000000	0.000000040875
179.500000000000	0.000000041518
180.000000000000	0.000000041449
180.500000000000	0.000000029547
181.000000000000	0.000000016465
181.500000000000	0.000000006528
182.000000000000	0.000000004324
182.500000000000	0.000000002353
183.000000000000	0.000000000592
183.500000000000	0.000000000056
184.000000000000	-0.000000001644
184.500000000000	-0.000000000521
185.000000000000	-0.000000000635
185.500000000000	-0.000000000533
186.000000000000	-0.000000000515
186.500000000000	-0.000000000472
187.000000000000	-0.000000000450
187.500000000000	-0.000000000437
188.000000000000	-0.000000000413
188.500000000000	-0.000000000400
189.000000000000	-0.000000000373
189.500000000000	-0.000000000344
190.000000000000	0.000000000061
190.500000000000	0.000000005090
191.000000000000	0.000000011588
191.500000000000	0.000000024134
192.000000000000	0.000000031068
192.500000000000	0.000000038791
193.000000000000	0.000000049412
193.500000000000	0.000000055598
194.000000000000	0.000000061201
194.500000000000	0.000000064958
195.000000000000	0.000000062870
195.500000000000	0.000000060327
196.000000000000	0.000000059798
196.500000000000	0.000000053448
197.000000000000	0.000000043011
197.500000000000	0.000000058961
198.000000000000	0.000000065179
198.500000000000	0.000000071922
199.000000000000	0.000000080268
199.500000000000	0.000000082083
200.000000000000	0.000000084541
200.500000000000	0.000000082366
201.000000000000	0.000000081115
201.500000000000	0.000000080279
202.000000000000	0.000000079595
202.500000000000	0.000000079016
203.000000000000	0.000000078515
203.500000000000	0.000000078165
204.000000000000	0.000000077787
204.500000000000	0.000000077456
205.000000000000	0.000000074377
205.500000000000	0.000000061356
206.000000000000	0.000000049701
206.500000000000	0.000000030188
207.000000000000	0.000000021603
207.500000000000	0.000000024456
208.000000000000	0.000000025904
208.500000000000	0.000000026985
209.000000000000	0.000000027784
209.500000000000	0.000000028584
210.000000000000	0.000000029359
210.500000000000	0.000000029935
211.000000000000	0.000000029527
211.500000000000	0.000000029951
212.000000000000	0.000000030324
212.500000000000	0.000000030471
213.000000000000	0.000000030843
213.500000000000	0.000000031070
214.000000000000	0.000000031138
214.500000000000	0.000000031430
215.000000000000	0.000000031610
215.500000000000	0.000000031720
216.000000000000	0.000000031909
216.500000000000	0.000000032015
217.000000000000	0.000000032199
217.500000000000	0.000000032293
218.000000000000	0.000000032374
218.500000000000	0.000000032485
219.000000000000	0.000000032569
219.500000000000	0.000000032648
220.000000000000	0.000000032725
220.500000000000	0.000000032789
221.000000000000	0.000000032863
221.500000000000	0.000000032951
222.000000000000	0.000000033030
222.500000000000	0.000000033126
223.000000000000	0.000000033172
223.500000000000	0.000000033203
224.000000000000	0.000000033285
224.500000000000	0.000000033287
225.000000000000	0.000000033316
225.500000000000	0.000000033392
226.000000000000	0.000000033461
226.500000000000	0.000000033475
227.000000000000	0.000000033522
227.500000000000	0.000000033550
228.000000000000	0.000000033588
228.500000000000	0.000000033651
229.000000000000	0.000000033663
229.500000000000	0.000000033723
230.000000000000	0.000000033716
230.500000000000	0.000000033770
231.000000000000	0.000000033847
231.500000000000	0.000000033896
232.000000000000	0.000000033978
232.500000000000	0.000000033986
233.000000000000	0.000000033987
233.500000000000	0.000000034127
234.000000000000	0.000000034162
234.500000000000	0.000000034167
235.000000000000	0.000000034128
235.500000000000	0.000000034094
236.000000000000	0.000000034090
236.500000000000	0.000000034123
237.000000000000	0.000000034198
237.500000000000	0.000000034240
238.000000000000	0.000000034219
238.500000000000	0.000000034223
239.000000000000	0.000000034225
239.500000000000	0.000000034321
