Voltage   	Current	
29.977960	1.984254E-8
28.999950	1.622883E-8
28.000370	1.480580E-8
27.000400	1.364554E-8
26.000530	1.259227E-8
25.000140	1.144410E-8
24.000550	1.035175E-8
22.999970	9.200398E-9
21.999660	7.958196E-9
21.000190	6.707847E-9
19.999940	5.631341E-9
19.000900	4.664756E-9
18.000260	3.781931E-9
17.000970	3.030942E-9
16.000170	2.412650E-9
15.001280	1.973060E-9
14.000330	1.499865E-9
13.001280	1.217770E-9
12.000730	9.174057E-10
11.001660	6.463932E-10
10.000560	4.438052E-10
9.000916	2.996705E-10
8.000710	1.959686E-10
6.999865	9.737369E-11
6.000865	9.362822E-11
4.999900	5.763418E-12
4.001115	4.407585E-14
3.000622	-1.402634E-11
2.001279	-8.620113E-11
1.000696	-7.456027E-11
0.001151	-7.420556E-11
0.998833	-1.048268E-10
1.999403	-1.151519E-10
2.998519	-1.091797E-10
3.998832	-1.439510E-10
4.997964	-1.579203E-10
5.998827	-1.503284E-10
6.997827	-1.664235E-10
7.998521	-1.806459E-10
8.998834	-1.937041E-10
9.998525	-2.159739E-10
10.998920	-2.187578E-10
11.998180	-2.487209E-10
12.998980	-2.442670E-10
13.998280	-2.573758E-10
14.998410	-2.864279E-10
15.998460	-2.902245E-10
16.998410	-2.992331E-10
17.997640	-3.087989E-10
18.998180	-3.205919E-10
19.997510	-3.382563E-10
20.997890	-3.555151E-10
21.997280	-3.645243E-10
22.998060	-3.632593E-10
23.998540	-3.777343E-10
24.998020	-3.874017E-10
25.998470	-4.040034E-10
26.997940	-4.095195E-10
27.997960	-4.345735E-10
28.997890	-4.370538E-10
