Voltage   	Current
-30.007858	-1.328264E-9
-29.908566	-9.413235E-10
-29.806160	-7.975292E-10
-29.707167	-7.105750E-10
-29.608194	-6.544946E-10
-29.508915	-5.969976E-10
-29.406679	-5.422335E-10
-29.307053	-5.124722E-10
-29.208096	-4.833701E-10
-29.108845	-4.686918E-10
-29.006554	-4.305291E-10
-28.907246	-4.302756E-10
-28.808258	-3.983896E-10
-28.705654	-3.931763E-10
-28.606764	-3.906959E-10
-28.507591	-3.771315E-10
-28.401537	-3.587081E-10
-28.302469	-3.442830E-10
-28.199947	-3.158379E-10
-28.100729	-3.307694E-10
-28.001600	-3.368428E-10
-27.902687	-3.364377E-10
-27.800131	-3.395757E-10
-27.701206	-3.655916E-10
-27.601576	-2.887595E-10
-27.499203	-3.042982E-10
-27.399944	-3.484332E-10
-27.300875	-2.779286E-10
-27.201582	-2.942768E-10
-27.099419	-3.086004E-10
-27.000122	-2.717030E-10
-26.901228	-2.895694E-10
-26.801519	-2.862799E-10
-26.699127	-2.580879E-10
-26.600046	-2.935174E-10
-26.500929	-2.949850E-10
-26.398493	-2.496860E-10
-26.299301	-2.898226E-10
-26.200407	-3.633139E-10
-26.101408	-2.492810E-10
-25.999210	-2.825342E-10
-25.899809	-2.724116E-10
-25.801039	-2.685648E-10
-25.698555	-2.944796E-10
-25.599785	-2.616815E-10
-25.500603	-2.693745E-10
-25.395178	-2.514575E-10
-25.296068	-2.415879E-10
-25.197252	-2.270617E-10
-25.094536	-2.563164E-10
-24.995674	-2.273652E-10
-24.896584	-2.432074E-10
-24.794374	-2.395631E-10
-24.695238	-2.350588E-10
-24.596373	-2.389558E-10
-24.497528	-2.217977E-10
-24.395206	-2.390063E-10
-24.296280	-2.215447E-10
-24.196920	-2.085876E-10
-24.094696	-2.285801E-10
-23.995676	-2.195199E-10
-23.896816	-2.178498E-10
-23.797659	-2.334390E-10
-23.695507	-2.042855E-10
-23.596315	-2.330845E-10
-23.497543	-2.469527E-10
-23.394777	-1.982624E-10
-23.295942	-2.267071E-10
-23.196783	-2.016030E-10
-23.097925	-2.040831E-10
-22.995731	-1.986672E-10
-22.896914	-1.881903E-10
-22.798059	-2.034756E-10
-22.695684	-2.218989E-10
-22.596739	-1.963392E-10
-22.497444	-1.871271E-10
-22.391964	-2.029187E-10
-22.292803	-1.929480E-10
-22.193991	-1.988698E-10
-22.091553	-1.909232E-10
-21.992720	-1.911763E-10
-21.893641	-1.963389E-10
-21.791552	-1.772070E-10
-21.691969	-1.738665E-10
-21.593157	-2.029188E-10
-21.494007	-2.167870E-10
-21.391947	-1.822179E-10
-21.292809	-1.896583E-10
-21.193979	-1.734110E-10
-21.091549	-1.802946E-10
-20.992714	-1.801427E-10
-20.893280	-1.801427E-10
-20.794348	-1.775612E-10
-20.692173	-1.786241E-10
-20.593126	-1.915814E-10
-20.494196	-1.752837E-10
-20.391750	-1.737145E-10
-20.292887	-1.761948E-10
-20.193813	-1.765487E-10
-20.094988	-1.847992E-10
-19.992226	-1.701212E-10
-19.893404	-1.708296E-10
-19.794336	-1.724997E-10
-19.695395	-1.863177E-10
-19.593351	-1.641993E-10
-19.494547	-1.592895E-10
-19.388950	-1.612635E-10
-19.290018	-1.556456E-10
-19.190580	-1.527099E-10
-19.088600	-1.602514E-10
-18.989479	-1.574167E-10
-18.890574	-1.572651E-10
-18.788309	-1.652115E-10
-18.689222	-1.462819E-10
-18.590382	-1.568097E-10
-18.491282	-1.503816E-10
-18.389120	-1.594924E-10
-18.289711	-1.501287E-10
-18.190893	-1.467377E-10
-18.088467	-1.430933E-10
-17.989592	-1.394491E-10
-17.890451	-1.386393E-10
-17.791636	-1.418785E-10
-17.689213	-1.408157E-10
-17.590408	-1.389430E-10
-17.491016	-1.389936E-10
-17.392120	-1.419798E-10
-17.289726	-1.456746E-10
-17.190907	-1.360073E-10
-17.091822	-1.393476E-10
-16.989548	-1.287190E-10
-16.890688	-1.339829E-10
-16.791605	-1.366147E-10
-16.692791	-1.100931E-10
-16.589981	-1.211270E-10
-16.491148	-1.319584E-10
-16.385485	-1.283648E-10
-16.286690	-1.265423E-10
-16.187809	-1.331222E-10
-16.085695	-1.224933E-10
-15.986435	-1.195073E-10
-15.887614	-1.265930E-10
-15.788246	-1.175841E-10
-15.686041	-1.253786E-10
-15.586984	-1.146482E-10
-15.488141	-1.174320E-10
-15.385621	-1.219369E-10
-15.286854	-1.226960E-10
-15.187829	-1.153062E-10
-15.088871	-1.131299E-10
-14.986651	-1.151547E-10
-14.887199	-1.087265E-10
-14.788392	-1.158632E-10
-14.685971	-1.110548E-10
-14.587032	-1.051837E-10
-14.487905	-1.059933E-10
-14.389120	-1.137374E-10
-14.286800	-1.056392E-10
-14.187911	-1.090301E-10
-14.088559	-1.051326E-10
-13.986286	-9.283382E-11
-13.887244	-1.098402E-10
-13.788311	-1.014887E-10
-13.689162	-9.207449E-11
-13.587049	-9.273271E-11
-13.487898	-9.900852E-11
-13.382391	-9.242895E-11
-13.282892	-9.905918E-11
-13.184021	-9.541506E-11
-13.081934	-8.584902E-11
-12.982742	-9.986917E-11
-12.883883	-9.020179E-11
-12.784864	-9.374473E-11
-12.682514	-7.916812E-11
-12.583442	-8.215420E-11
-12.484393	-9.526338E-11
-12.381564	-8.341963E-11
-12.282590	-8.726631E-11
-12.183217	-8.873402E-11
-12.084130	-9.030307E-11
-11.981683	-7.931991E-11
-11.882729	-7.886439E-11
-11.783407	-7.101925E-11
-11.681112	-5.710049E-11
-11.581562	-6.084572E-11
-11.482533	-7.349937E-11
-11.383242	-6.717260E-11
-11.280973	-7.263881E-11
-11.181859	-7.618187E-11
-11.082553	-6.838746E-11
-10.980345	-7.172787E-11
-10.881162	-6.732434E-11
-10.782050	-7.253775E-11
-10.682528	-6.519846E-11
-10.580294	-7.056353E-11
-10.481004	-6.980463E-11
-10.375422	-6.919715E-11
-10.276024	-6.676770E-11
-10.177011	-6.727396E-11
-10.074514	-7.911735E-11
-9.975506	-5.770798E-11
-9.875890	-6.079534E-11
-9.776978	-5.451903E-11
-9.674281	-5.244397E-11
-9.575245	-5.016640E-11
-9.476141	-5.269715E-11
-9.373881	-5.224154E-11
-9.274828	-4.940726E-11
-9.175590	-5.315268E-11
-9.076623	-4.176459E-11
-8.973758	-4.971087E-11
-8.874809	-5.254516E-11
-8.775554	-6.160514E-11
-8.673114	-4.733200E-11
-8.573925	-4.206815E-11
-8.474988	-3.862635E-11
-8.375742	-3.002212E-11
-8.273416	-3.994241E-11
-8.173742	-3.862649E-11
-8.074806	-4.986273E-11
-7.975387	-4.971096E-11
-7.873116	-8.156920E-12
-7.773820	-6.436157E-12
-7.674905	1.623882E-11
-7.572493	9.023624E-11
-7.470096	8.360582E-11
-7.367174	2.636161E-11
-7.268167	2.623790E-12
-7.169169	-1.165209E-10
-7.066564	-1.001223E-10
-6.967485	-1.315534E-10
-6.868235	-7.724474E-11
-6.769209	-2.693468E-11
-6.666663	-3.123699E-11
-6.567714	2.114839E-11
-6.468089	3.481415E-11
-6.365756	-1.736877E-11
-6.266464	-1.412939E-11
-6.167367	-1.144690E-11
-6.068542	-5.775838E-11
-5.966299	-5.376002E-11
-5.867118	6.523300E-11
-5.768071	-2.435330E-11
-5.668547	-1.822900E-11
-5.566232	-1.615391E-11
-5.467125	-1.827968E-11
-5.367919	-2.131664E-11
-5.265618	-9.877710E-12
-5.166351	-1.539474E-11
-5.067424	-2.639972E-12
-4.968156	-7.600170E-12
-4.865808	-1.569833E-11
-4.766206	-1.144687E-11
-4.667178	-5.322492E-12
-4.564622	-5.778211E-12
-4.462192	-1.033332E-11
-4.359740	-4.664408E-12
-4.260717	-2.589429E-12
-4.161510	2.016387E-12
-4.062551	6.723594E-12
-3.959558	-2.222758E-11
-3.860612	-2.764322E-11
-3.761323	-2.491007E-11
-3.658966	-2.091161E-11
-3.559566	-3.037651E-11
-3.460701	-1.807723E-11
-3.361674	-1.073819E-11
-3.259085	1.664377E-11
-3.160108	1.310085E-11
-3.060517	3.030942E-11
-2.958237	2.803202E-11
-2.858930	4.190001E-11
-2.759833	3.724353E-11
-2.660775	2.469143E-11
-2.558479	-2.133960E-12
-2.459250	1.077256E-11
-2.360244	8.826226E-11
-2.257330	8.001218E-11
-2.158405	1.411307E-11
-2.059084	-8.207490E-12
-1.960100	7.839253E-11
-1.857409	1.482159E-11
-1.758523	-1.630565E-11
-1.659396	2.170508E-11
-1.556897	5.002609E-12
-1.454489	-3.702927E-12
-1.351686	3.683875E-11
-1.252671	6.381573E-11
-1.153360	2.742451E-11
-1.054334	2.079414E-11
-0.951785	-1.299844E-10
-0.852727	1.456871E-11
-0.753701	2.367914E-11
-0.651192	7.130668E-11
-0.551538	2.509623E-11
-0.452704	2.742455E-11
-0.353425	-5.649092E-13
-0.250977	3.132158E-11
-0.151545	2.651349E-11
-0.052630	3.278953E-11
0.048467	1.330309E-11
0.150928	1.694730E-11
0.249755	1.902264E-11
0.349088	2.438758E-11
0.451407	1.628929E-11
0.551023	2.479256E-11
0.649971	4.068532E-11
0.749132	3.835701E-11
0.851481	2.914537E-11
0.950722	3.754733E-11
1.049914	3.901497E-11
1.149054	3.542154E-11
1.251425	4.599962E-11
1.350949	4.002730E-11
1.449989	3.668671E-11
1.555892	3.456101E-11
1.654840	4.964391E-11
1.757280	4.620226E-11
1.856369	5.951376E-11
1.955491	1.113420E-10
2.058002	9.878991E-11
2.157031	1.330554E-10
2.256618	1.672703E-10
2.355577	1.727365E-10
2.458047	6.573905E-11
2.556995	6.057643E-11
2.656065	-3.548850E-11
2.758384	1.137986E-11
2.857787	2.626033E-11
2.956736	2.732317E-11
3.056279	1.816221E-11
3.158620	5.713473E-11
3.257882	1.345504E-11
3.356820	2.980330E-11
3.456061	7.560878E-11
3.558442	4.422819E-11
3.657643	3.349811E-11
3.756774	3.835696E-11
3.859063	4.316529E-11
3.958575	4.124208E-11
4.057637	3.992602E-11
4.156806	5.004885E-11
4.259107	6.320834E-11
4.358511	7.495073E-11
4.457448	6.209486E-11
4.563412	7.135718E-11
4.662270	1.072423E-10
4.765265	8.866713E-11
4.864202	1.507477E-11
4.963570	-6.945042E-11
5.065714	-8.201031E-10
5.164893	7.363486E-11
5.264036	7.429278E-11
5.363299	5.586932E-11
5.465606	8.026524E-11
5.565134	8.502286E-11
5.664144	8.158109E-11
5.763120	7.120533E-11
5.865652	7.393848E-11
5.964569	6.994001E-11
6.063364	7.571001E-11
6.165921	9.074216E-11
6.265100	8.816094E-11
6.364127	1.514282E-10
6.463727	1.204019E-10
6.565977	1.401414E-10
6.665356	1.140752E-10
6.764255	1.126580E-10
6.866816	9.595547E-11
6.965844	5.931111E-11
7.065126	7.616549E-11
7.164104	9.474076E-11
7.266972	8.299833E-11
7.366026	8.365640E-11
7.465161	8.183423E-11
7.570884	8.188480E-11
7.669770	7.024366E-11
7.772476	9.059034E-11
7.871417	8.618709E-11
7.970648	8.537729E-11
8.069608	8.350454E-11
8.172568	9.534810E-11
8.271538	9.423456E-11
8.370808	9.656284E-11
8.473108	1.001058E-10
8.572378	9.362726E-11
8.671404	9.200750E-11
8.770573	9.084360E-11
8.872937	9.625917E-11
8.972410	9.595552E-11
9.071473	9.560115E-11
9.174047	1.030920E-10
9.272974	1.075460E-10
9.372021	1.082040E-10
9.471073	1.068374E-10
9.573413	1.043067E-10
9.672678	1.044587E-10
9.771711	1.054709E-10
9.874698	1.094694E-10
9.973617	1.051672E-10
10.072941	1.023328E-10
10.171878	1.194909E-10
10.274500	1.087102E-10
10.373530	1.089126E-10
10.472863	1.066350E-10
10.578285	1.165553E-10
10.677944	1.139740E-10
10.780202	1.149863E-10
10.879438	1.160491E-10
10.978415	1.096212E-10
11.077595	1.246029E-10
11.179965	1.173651E-10
11.279227	1.202501E-10
11.378243	1.199465E-10
11.480605	1.232363E-10
11.580193	1.148850E-10
11.679111	1.252102E-10
11.778479	1.205538E-10
11.880719	1.178713E-10
11.979977	1.290569E-10
12.078980	1.172639E-10
12.181564	1.277915E-10
12.280612	1.268299E-10
12.380121	1.304234E-10
12.479195	1.314357E-10
12.581605	1.040031E-10
12.680490	8.730061E-11
12.779571	8.198614E-11
12.878551	1.415078E-10
12.980852	1.256152E-10
13.079663	1.500616E-10
13.179236	1.577548E-10
13.281318	1.962720E-10
13.380197	1.847320E-10
13.479215	1.098744E-10
13.584753	1.502135E-10
13.683946	1.181243E-10
13.786056	1.660050E-10
13.885286	1.354342E-10
13.984047	1.735970E-10
14.083492	1.592733E-10
14.185641	1.508208E-10
14.284762	1.654482E-10
14.383694	1.844790E-10
14.486045	1.006626E-10
14.584964	9.686657E-11
14.684005	1.617028E-10
14.782811	1.311321E-10
14.885524	1.437855E-10
14.984406	1.161504E-10
15.083488	1.487457E-10
15.182373	1.209081E-10
15.284569	1.733946E-10
15.383626	1.954116E-10
15.482386	1.574006E-10
15.584894	1.720279E-10
15.683702	1.207057E-10
15.783081	1.545157E-10
15.882005	1.603362E-10
15.984441	1.545156E-10
16.083273	1.672197E-10
16.182146	1.780004E-10
16.284348	1.818977E-10
16.383442	1.833148E-10
16.482281	1.885281E-10
16.588264	1.509727E-10
16.687086	1.446966E-10
16.789492	1.435324E-10
16.888229	1.422671E-10
16.987377	1.465187E-10
17.086308	1.187317E-10
17.188665	6.897836E-11
17.287577	1.565908E-10
17.386377	1.278422E-10
17.485828	1.396352E-10
17.587954	1.692442E-10
17.686983	1.454052E-10
17.785898	1.709651E-10
17.888233	1.812903E-10
17.987139	1.787596E-10
18.086216	1.914131E-10
18.185038	2.337262E-10
18.287830	2.450634E-10
18.386654	1.063820E-10
18.485781	2.515414E-10
18.587936	1.150875E-10
18.686972	2.810467E-10
18.785908	1.328529E-10
18.884991	1.973855E-10
18.987123	1.979928E-10
19.086035	1.314863E-10
19.185400	1.852888E-10
19.287497	1.633224E-10
19.386484	1.438362E-10
19.485466	2.034591E-10
19.590776	1.780004E-10
19.689568	1.837704E-10
19.788626	1.906032E-10
19.890770	1.996125E-10
19.990276	1.993088E-10
20.089149	1.685862E-10
20.191566	2.283105E-10
20.290333	1.496567E-10
20.389469	1.852382E-10
20.488279	2.342829E-10
20.590649	1.845802E-10
20.689514	2.047751E-10
20.788948	1.997137E-10
20.891083	1.913118E-10
20.990259	1.909575E-10
21.089001	1.902996E-10
21.187914	1.839222E-10
21.290398	2.014852E-10
21.389162	2.006754E-10
21.488251	1.913119E-10
21.590433	1.956646E-10
21.689827	2.040159E-10
21.788620	2.266909E-10
21.887770	2.036616E-10
21.989882	2.031048E-10
22.089058	1.947029E-10
22.187946	2.159101E-10
22.290369	2.163656E-10
22.389084	2.100389E-10
22.488516	2.030542E-10
22.594036	2.042184E-10
22.693132	2.056861E-10
22.791899	2.146448E-10
22.893944	2.107981E-10
22.993027	2.072552E-10
23.091850	2.190988E-10
23.194231	2.200098E-10
23.293114	2.053318E-10
23.392481	2.133288E-10
23.491365	2.205160E-10
23.593773	2.179347E-10
23.692617	2.155558E-10
23.791761	2.290697E-10
23.893917	2.603474E-10
23.992935	1.896416E-10
24.091955	2.191494E-10
24.191275	2.214776E-10
24.293394	2.169730E-10
24.392517	2.234010E-10
24.491278	2.373703E-10
24.593681	2.199086E-10
24.692663	2.342829E-10
24.791765	2.335743E-10
24.890617	2.290191E-10
24.992659	2.286142E-10
25.092102	2.413688E-10
25.190943	2.136325E-10
25.290007	2.199086E-10
25.392160	2.384838E-10
25.491365	2.253749E-10
25.596779	2.255773E-10
25.695839	2.205160E-10
25.794703	2.437475E-10
25.897305	2.361556E-10
25.996286	2.231479E-10
26.095131	2.385851E-10
26.197350	2.390912E-10
26.296476	2.452658E-10
26.395708	2.311955E-10
26.494942	2.470371E-10
26.597271	2.363581E-10
26.696871	2.265390E-10
26.795944	2.504786E-10
26.895014	2.466829E-10
26.997488	2.607017E-10
27.096355	2.520475E-10
27.195621	2.473408E-10
27.298105	2.474420E-10
27.397306	2.461768E-10
27.496326	2.526548E-10
27.595810	2.339792E-10
27.698126	2.479987E-10
27.797400	2.642443E-10
27.896339	2.411664E-10
27.998846	2.586773E-10
28.097914	2.551853E-10
28.197334	2.486060E-10
28.296177	2.524523E-10
28.399027	2.453670E-10
28.498169	2.496182E-10
28.603983	2.509847E-10
28.702991	1.593746E-10
28.801907	2.462274E-10
28.904604	2.581206E-10
29.003595	2.527560E-10
29.102921	2.417737E-10
29.201775	2.620681E-10
29.304684	2.613090E-10
29.403614	2.689510E-10
29.502909	2.632322E-10
29.605110	2.593352E-10
29.704185	2.649529E-10
29.803255	2.693559E-10
29.902519	2.723418E-10
30.004841	2.550334E-10
