Voltage   	Current
-30.008442	-2.883283E-6
-29.909136	-2.869071E-6
-29.806740	-2.858459E-6
-29.707703	-2.848329E-6
-29.608664	-2.838296E-6
-29.509398	-2.828289E-6
-29.407164	-2.818065E-6
-29.307583	-2.808129E-6
-29.208595	-2.798300E-6
-29.109472	-2.788506E-6
-29.007071	-2.778411E-6
-28.907719	-2.768646E-6
-28.808771	-2.758907E-6
-28.706217	-2.748872E-6
-28.607243	-2.739164E-6
-28.508070	-2.729465E-6
-28.402107	-2.719150E-6
-28.302950	-2.709527E-6
-28.200365	-2.699525E-6
-28.101273	-2.689911E-6
-28.002081	-2.680281E-6
-27.903070	-2.670706E-6
-27.800554	-2.660773E-6
-27.701557	-2.651183E-6
-27.601986	-2.641572E-6
-27.499630	-2.631677E-6
-27.400415	-2.622087E-6
-27.301367	-2.612548E-6
-27.202061	-2.602960E-6
-27.099827	-2.593107E-6
-27.000473	-2.583535E-6
-26.901529	-2.574029E-6
-26.801950	-2.564427E-6
-26.699612	-2.554582E-6
-26.600447	-2.545062E-6
-26.501150	-2.535502E-6
-26.398788	-2.525679E-6
-26.299601	-2.516151E-6
-26.200804	-2.506643E-6
-26.101700	-2.497103E-6
-25.999500	-2.487314E-6
-25.900234	-2.477781E-6
-25.801315	-2.468276E-6
-25.698925	-2.458465E-6
-25.600018	-2.448976E-6
-25.500854	-2.439437E-6
-25.395481	-2.429339E-6
-25.296381	-2.419844E-6
-25.197514	-2.410354E-6
-25.094830	-2.400518E-6
-24.995907	-2.391034E-6
-24.896791	-2.381550E-6
-24.794609	-2.371754E-6
-24.695595	-2.362240E-6
-24.596649	-2.352720E-6
-24.497728	-2.343284E-6
-24.395433	-2.333452E-6
-24.296644	-2.323965E-6
-24.197191	-2.314421E-6
-24.094975	-2.304697E-6
-23.995903	-2.295242E-6
-23.897112	-2.285764E-6
-23.797892	-2.276251E-6
-23.695778	-2.266514E-6
-23.596680	-2.257015E-6
-23.497864	-2.247498E-6
-23.395121	-2.237647E-6
-23.296251	-2.228198E-6
-23.197119	-2.218699E-6
-23.098299	-2.209238E-6
-22.996099	-2.199452E-6
-22.897264	-2.189995E-6
-22.798340	-2.180548E-6
-22.696014	-2.170737E-6
-22.597120	-2.161275E-6
-22.497738	-2.151740E-6
-22.392311	-2.141667E-6
-22.293215	-2.132183E-6
-22.194294	-2.122710E-6
-22.091892	-2.112896E-6
-21.993044	-2.103455E-6
-21.894009	-2.093986E-6
-21.791836	-2.084215E-6
-21.692305	-2.074696E-6
-21.593489	-2.065241E-6
-21.494328	-2.055767E-6
-21.392145	-2.045956E-6
-21.293104	-2.036490E-6
-21.194199	-2.027030E-6
-21.091848	-2.017223E-6
-20.993015	-2.007741E-6
-20.893541	-1.998234E-6
-20.794733	-1.988780E-6
-20.692554	-1.979025E-6
-20.593472	-1.969527E-6
-20.494459	-1.960055E-6
-20.392153	-1.950280E-6
-20.293282	-1.940810E-6
-20.194235	-1.931328E-6
-20.095455	-1.921840E-6
-19.992613	-1.912018E-6
-19.893719	-1.902555E-6
-19.794594	-1.893079E-6
-19.695709	-1.883608E-6
-19.593708	-1.873826E-6
-19.494930	-1.864387E-6
-19.389189	-1.854263E-6
-19.290344	-1.844833E-6
-19.190975	-1.835311E-6
-19.088850	-1.825520E-6
-18.989725	-1.816024E-6
-18.890797	-1.806584E-6
-18.788601	-1.796783E-6
-18.689505	-1.787313E-6
-18.590700	-1.777828E-6
-18.491571	-1.768411E-6
-18.389410	-1.758614E-6
-18.290049	-1.749064E-6
-18.191257	-1.739617E-6
-18.088760	-1.729799E-6
-17.989883	-1.720351E-6
-17.890659	-1.710842E-6
-17.791868	-1.701391E-6
-17.689486	-1.691593E-6
-17.590612	-1.682143E-6
-17.491177	-1.672629E-6
-17.392368	-1.663177E-6
-17.289873	-1.653375E-6
-17.190962	-1.643889E-6
-17.091885	-1.634409E-6
-16.989737	-1.624655E-6
-16.890905	-1.615179E-6
-16.791824	-1.605691E-6
-16.692997	-1.596250E-6
-16.590206	-1.586421E-6
-16.491426	-1.576955E-6
-16.385683	-1.566836E-6
-16.286776	-1.557393E-6
-16.187841	-1.547915E-6
-16.085743	-1.538157E-6
-15.986629	-1.528676E-6
-15.887830	-1.519206E-6
-15.788332	-1.509692E-6
-15.686204	-1.499909E-6
-15.587079	-1.490464E-6
-15.488236	-1.481007E-6
-15.385816	-1.471192E-6
-15.286984	-1.461733E-6
-15.187885	-1.452246E-6
-15.089023	-1.442816E-6
-14.986841	-1.433034E-6
-14.887360	-1.423508E-6
-14.788455	-1.414052E-6
-14.686052	-1.404273E-6
-14.587158	-1.394811E-6
-14.488145	-1.385345E-6
-14.389252	-1.375883E-6
-14.286934	-1.366080E-6
-14.188021	-1.356631E-6
-14.088502	-1.347123E-6
-13.986469	-1.337368E-6
-13.887320	-1.327883E-6
-13.788545	-1.318450E-6
-13.689356	-1.308979E-6
-13.587290	-1.299212E-6
-13.488102	-1.289723E-6
-13.382586	-1.279627E-6
-13.283217	-1.270122E-6
-13.184396	-1.260653E-6
-13.082092	-1.250879E-6
-12.983047	-1.241404E-6
-12.884054	-1.231949E-6
-12.784985	-1.222446E-6
-12.682826	-1.212699E-6
-12.583577	-1.203169E-6
-12.484635	-1.193727E-6
-12.381705	-1.183878E-6
-12.282707	-1.174432E-6
-12.183354	-1.164899E-6
-12.084384	-1.155468E-6
-11.981734	-1.145655E-6
-11.882804	-1.136164E-6
-11.783502	-1.126657E-6
-11.681232	-1.116880E-6
-11.581658	-1.107366E-6
-11.482646	-1.097909E-6
-11.383431	-1.088405E-6
-11.281010	-1.078609E-6
-11.181930	-1.069140E-6
-11.082714	-1.059675E-6
-10.980366	-1.049865E-6
-10.881178	-1.040387E-6
-10.782063	-1.030907E-6
-10.682535	-1.021370E-6
-10.580197	-1.011600E-6
-10.480930	-1.002104E-6
-10.377681	-9.918157E-7
-10.278377	-9.824744E-7
-10.179277	-9.730729E-7
-10.076643	-9.632840E-7
-9.977711	-9.538657E-7
-9.878000	-9.443731E-7
-9.778910	-9.349143E-7
-9.676348	-9.251298E-7
-9.577360	-9.156979E-7
-9.478179	-9.062146E-7
-9.375985	-8.964709E-7
-9.276835	-8.870062E-7
-9.177594	-8.775184E-7
-9.078524	-8.680800E-7
-8.975703	-8.582508E-7
-8.876611	-8.487903E-7
-8.777328	-8.393110E-7
-8.674993	-8.295349E-7
-8.575635	-8.200368E-7
-8.476723	-8.105821E-7
-8.377461	-8.011044E-7
-8.275135	-7.913300E-7
-8.175560	-7.817962E-7
-8.076566	-7.723438E-7
-7.977279	-7.628590E-7
-7.874852	-7.530658E-7
-7.775488	-7.435812E-7
-7.676513	-7.341160E-7
-7.574035	-7.243220E-7
-7.471581	-7.145326E-7
-7.368747	-7.046963E-7
-7.269578	-6.952378E-7
-7.170670	-6.857586E-7
-7.068119	-6.759533E-7
-6.969004	-6.664814E-7
-6.869710	-6.569917E-7
-6.770663	-6.475300E-7
-6.668159	-6.377173E-7
-6.569043	-6.282419E-7
-6.469437	-6.187194E-7
-6.367052	-6.089457E-7
-6.267755	-5.994297E-7
-6.168657	-5.899551E-7
-6.069760	-5.805037E-7
-5.967425	-5.707292E-7
-5.868279	-5.612413E-7
-5.769331	-5.517755E-7
-5.669697	-5.422405E-7
-5.567401	-5.324697E-7
-5.468225	-5.230026E-7
-5.368987	-5.134961E-7
-5.266668	-5.037081E-7
-5.167368	-4.942094E-7
-5.068385	-4.847419E-7
-4.969184	-4.752519E-7
-4.866801	-4.654704E-7
-4.767178	-4.559337E-7
-4.668138	-4.464597E-7
-4.565569	-4.366652E-7
-4.463074	-4.268507E-7
-4.360501	-4.170424E-7
-4.261496	-4.075802E-7
-4.162246	-3.980911E-7
-4.063291	-3.886210E-7
-3.960255	-3.787626E-7
-3.861371	-3.693004E-7
-3.761992	-3.597993E-7
-3.659686	-3.500304E-7
-3.560286	-3.405104E-7
-3.461240	-3.310446E-7
-3.362253	-3.215795E-7
-3.259582	-3.117648E-7
-3.160567	-3.022977E-7
-3.061084	-2.927642E-7
-2.958687	-2.829863E-7
-2.859367	-2.734827E-7
-2.760342	-2.640157E-7
-2.661244	-2.545316E-7
-2.558857	-2.447522E-7
-2.459649	-2.352571E-7
-2.360594	-2.257855E-7
-2.257658	-2.159499E-7
-2.158783	-2.064812E-7
-2.059454	-1.969822E-7
-1.960437	-1.875143E-7
-1.857658	-1.776978E-7
-1.758723	-1.682275E-7
-1.659565	-1.587413E-7
-1.556995	-1.489366E-7
-1.454708	-1.391472E-7
-1.351814	-1.292969E-7
-1.252748	-1.198380E-7
-1.153570	-1.103307E-7
-1.054392	-1.008620E-7
-0.951862	-9.105160E-8
-0.852776	-8.158189E-8
-0.753557	-7.208695E-8
-0.651191	-6.230467E-8
-0.551567	-5.277246E-8
-0.452652	-4.331691E-8
-0.353252	-3.381972E-8
-0.250996	-2.402294E-8
-0.151413	-1.451570E-8
-0.052438	-5.062584E-9
0.048437	4.623582E-9
0.150887	1.440712E-8
0.249774	2.390547E-8
0.349167	3.338215E-8
0.451598	4.316454E-8
0.551133	5.267555E-8
0.650152	6.215105E-8
0.749231	7.163253E-8
0.851682	8.141679E-8
0.950974	9.092133E-8
1.050043	1.003874E-7
1.149284	1.099033E-7
1.251624	1.196698E-7
1.351250	1.291956E-7
1.450197	1.386772E-7
1.556192	1.487963E-7
1.655120	1.582636E-7
1.757641	1.680687E-7
1.856801	1.775475E-7
1.955779	1.870111E-7
2.058381	1.968325E-7
2.157289	2.062944E-7
2.256915	2.158182E-7
2.355892	2.252883E-7
2.458475	2.350949E-7
2.557413	2.445580E-7
2.656564	2.540147E-7
2.758883	2.637859E-7
2.858255	2.732768E-7
2.957295	2.827364E-7
3.056951	2.922773E-7
3.159198	3.020793E-7
3.258501	3.115890E-7
3.357450	3.210634E-7
3.456710	3.305522E-7
3.559078	3.403478E-7
3.658352	3.498215E-7
3.757533	3.593029E-7
3.859761	3.690938E-7
3.959367	3.786149E-7
4.058335	3.881000E-7
4.157648	3.976035E-7
4.259926	4.073218E-7
4.359221	4.168433E-7
4.458154	4.263069E-7
4.564077	4.364149E-7
4.663107	4.460786E-7
4.765993	4.558848E-7
4.865114	4.651911E-7
4.964366	4.746982E-7
5.066632	4.845199E-7
5.165843	4.940412E-7
5.265014	5.034062E-7
5.364235	5.130150E-7
5.466544	5.227440E-7
5.566040	5.321290E-7
5.665160	5.419982E-7
5.764149	5.511585E-7
5.866664	5.609027E-7
5.965657	5.704281E-7
6.064543	5.798624E-7
6.166870	5.896431E-7
6.266267	5.991809E-7
6.365233	6.086555E-7
6.465015	6.182364E-7
6.567219	6.279969E-7
6.666492	6.374582E-7
6.765471	6.469417E-7
6.868154	6.567712E-7
6.967150	6.662499E-7
7.066505	6.757218E-7
7.165514	6.851705E-7
7.268266	6.949467E-7
7.367327	7.044815E-7
7.466557	7.139609E-7
7.572177	7.240481E-7
7.671235	7.335349E-7
7.773849	7.433476E-7
7.872888	7.528171E-7
7.972176	7.623042E-7
8.071148	7.717786E-7
8.174092	7.816174E-7
8.273211	7.910868E-7
8.372385	8.005806E-7
8.474631	8.103323E-7
8.573914	8.198663E-7
8.673065	8.293293E-7
8.772273	8.388307E-7
8.874583	8.486007E-7
8.974091	8.581054E-7
9.073226	8.675790E-7
9.175837	8.773911E-7
9.274787	8.868644E-7
9.373717	8.963111E-7
9.472876	9.058144E-7
9.575250	9.155936E-7
9.674651	9.250907E-7
9.773600	9.345633E-7
9.876505	9.443955E-7
9.975563	9.538692E-7
10.074764	9.633561E-7
10.173722	9.728102E-7
10.276419	9.826115E-7
10.375357	9.920903E-7
10.474597	1.001586E-6
10.580289	1.011680E-6
10.679865	1.021196E-6
10.782176	1.030967E-6
10.881454	1.040389E-6
10.978558	1.050031E-6
11.077816	1.059358E-6
11.180055	1.069069E-6
11.279301	1.078550E-6
11.378270	1.087941E-6
11.480716	1.097690E-6
11.580278	1.107191E-6
11.679291	1.116660E-6
11.778554	1.126121E-6
11.880760	1.135886E-6
11.980113	1.145349E-6
12.079114	1.154819E-6
12.181630	1.164604E-6
12.280519	1.174054E-6
12.380278	1.183605E-6
12.479199	1.192987E-6
12.581665	1.202767E-6
12.680608	1.212202E-6
12.779723	1.221650E-6
12.878710	1.231065E-6
12.981080	1.240866E-6
13.079927	1.250282E-6
13.179300	1.259787E-6
13.281431	1.269533E-6
13.380430	1.278982E-6
13.479410	1.288456E-6
13.584892	1.298501E-6
13.683999	1.307982E-6
13.786263	1.317717E-6
13.885297	1.327179E-6
13.984161	1.336613E-6
14.083642	1.346111E-6
14.185752	1.355862E-6
14.284825	1.365331E-6
14.383706	1.374770E-6
14.486040	1.384528E-6
14.584876	1.393988E-6
14.684070	1.403434E-6
14.783013	1.412903E-6
14.885677	1.422691E-6
14.984619	1.432123E-6
15.083610	1.441602E-6
15.182439	1.451023E-6
15.284576	1.460789E-6
15.383721	1.470248E-6
15.482546	1.479692E-6
15.584952	1.489462E-6
15.683784	1.498914E-6
15.783242	1.508400E-6
15.882036	1.517823E-6
15.984489	1.527585E-6
16.083134	1.537031E-6
16.182161	1.546488E-6
16.284382	1.556260E-6
16.383434	1.565736E-6
16.482353	1.575171E-6
16.588480	1.585280E-6
16.687260	1.594735E-6
16.789682	1.604516E-6
16.888519	1.613946E-6
16.987604	1.623405E-6
17.086531	1.632877E-6
17.188789	1.642646E-6
17.287754	1.652096E-6
17.386599	1.661535E-6
17.486069	1.671025E-6
17.588129	1.680796E-6
17.687244	1.690256E-6
17.786024	1.699700E-6
17.888445	1.709479E-6
17.987391	1.718939E-6
18.086515	1.728411E-6
18.185242	1.737831E-6
18.288000	1.747640E-6
18.386848	1.757081E-6
18.485931	1.766547E-6
18.588093	1.776297E-6
18.687246	1.785764E-6
18.786036	1.795213E-6
18.885233	1.804662E-6
18.987347	1.814424E-6
19.086239	1.823855E-6
19.185644	1.833360E-6
19.287733	1.843105E-6
19.386644	1.852558E-6
19.485643	1.862026E-6
19.590834	1.872086E-6
19.689764	1.881535E-6
19.788815	1.890972E-6
19.890982	1.900680E-6
19.990540	1.910182E-6
20.089352	1.919633E-6
20.191734	1.929443E-6
20.290560	1.938886E-6
20.389664	1.948377E-6
20.488512	1.957852E-6
20.590841	1.967622E-6
20.689795	1.977006E-6
20.789141	1.986489E-6
20.891369	1.996220E-6
20.990465	2.005732E-6
21.089277	2.015047E-6
21.188179	2.024627E-6
21.290632	2.034447E-6
21.389400	2.043881E-6
21.488440	2.053320E-6
21.590601	2.063052E-6
21.690100	2.072564E-6
21.788942	2.081981E-6
21.888094	2.091414E-6
21.990177	2.101162E-6
22.089319	2.110642E-6
22.188202	2.120144E-6
22.290623	2.129955E-6
22.389397	2.139400E-6
22.488842	2.148888E-6
22.594213	2.158975E-6
22.693340	2.168427E-6
22.792244	2.177881E-6
22.894325	2.187607E-6
22.993320	2.197077E-6
23.092161	2.206536E-6
23.194494	2.216305E-6
23.293409	2.225730E-6
23.392817	2.235213E-6
23.491625	2.244766E-6
23.594131	2.254409E-6
23.692865	2.263841E-6
23.792078	2.273340E-6
23.894264	2.283096E-6
23.993362	2.292549E-6
24.092169	2.301998E-6
24.191540	2.311467E-6
24.293694	2.321244E-6
24.392866	2.330725E-6
24.491692	2.340160E-6
24.594017	2.349962E-6
24.692976	2.359412E-6
24.792086	2.368889E-6
24.890900	2.378332E-6
24.993044	2.388089E-6
25.092440	2.397599E-6
25.191263	2.407059E-6
25.290293	2.416494E-6
25.392467	2.426255E-6
25.491629	2.435723E-6
25.597097	2.445804E-6
25.696138	2.455260E-6
25.795017	2.464721E-6
25.897705	2.474507E-6
25.996532	2.483955E-6
26.095659	2.493408E-6
26.197672	2.503166E-6
26.296995	2.512649E-6
26.395975	2.522101E-6
26.495232	2.531579E-6
26.597536	2.541360E-6
26.697128	2.550871E-6
26.796179	2.560327E-6
26.895218	2.569771E-6
26.997692	2.579581E-6
27.096663	2.589038E-6
27.195919	2.598509E-6
27.298449	2.608282E-6
27.397642	2.617782E-6
27.496717	2.627225E-6
27.596247	2.636752E-6
27.698578	2.646531E-6
27.797817	2.655993E-6
27.896822	2.665435E-6
27.999367	2.675235E-6
28.098459	2.684694E-6
28.197664	2.694187E-6
28.296635	2.703643E-6
28.399460	2.713460E-6
28.498419	2.722926E-6
28.604311	2.733037E-6
28.703342	2.742485E-6
28.802361	2.751940E-6
28.904896	2.761750E-6
29.003960	2.771200E-6
29.103174	2.780680E-6
29.202185	2.790119E-6
29.305002	2.799943E-6
29.403992	2.809393E-6
29.503355	2.818882E-6
29.605541	2.828663E-6
29.704592	2.838108E-6
29.803709	2.847562E-6
29.902969	2.857039E-6
30.005308	2.866841E-6
