Voltage   	Current	
39.962680	8.047740E-9
39.001700	7.121708E-9
38.001110	6.779278E-9
37.001430	6.481956E-9
36.001200	6.124197E-9
35.001990	5.662796E-9
34.000710	5.089346E-9
33.000410	4.532700E-9
32.001080	3.872254E-9
31.000780	3.305994E-9
30.001340	2.803646E-9
29.000700	2.291889E-9
28.001200	1.880490E-9
27.000750	1.609429E-9
26.001120	1.236846E-9
25.000360	9.988831E-10
24.000920	9.068756E-10
23.000590	7.579339E-10
22.000260	5.756405E-10
21.001110	4.555458E-10
20.000820	4.173867E-10
19.001390	3.650064E-10
18.000710	3.752294E-10
17.001010	2.308919E-10
16.000600	1.861498E-10
15.001290	1.632220E-10
14.001170	1.349293E-10
13.001790	1.071427E-10
12.000960	8.401234E-11
11.001380	5.956614E-11
10.001070	4.610302E-11
9.002014	5.516267E-11
8.001508	3.916897E-11
7.000766	1.024862E-10
6.001706	-1.200079E-11
5.000466	-3.098083E-11
4.001475	-5.228901E-11
3.000326	-6.524606E-11
2.001056	-7.835471E-11
1.000717	-2.412787E-10
0.001190	-8.862924E-11
0.998885	-3.489835E-10
1.999412	-1.203131E-10
2.998296	-1.449113E-10
3.999021	-1.641441E-10
4.998153	-1.736089E-10
5.999002	-1.848957E-10
6.998217	-2.105565E-10
7.999011	-2.070641E-10
8.999529	-2.239183E-10
9.998816	-2.341928E-10
10.999230	-2.555010E-10
11.998540	-2.717477E-10
12.998880	-2.848059E-10
13.998230	-2.962448E-10
14.998910	-3.154778E-10
15.998460	-3.242339E-10
16.998610	-3.521217E-10
17.998170	-3.681151E-10
18.998550	-3.643194E-10
19.997740	-3.897274E-10
20.997850	-4.053162E-10
21.997510	-4.140722E-10
22.997990	-4.247011E-10
23.998700	-4.382150E-10
24.998190	-4.416567E-10
25.998660	-4.710121E-10
26.997920	-4.838681E-10
27.998380	-4.985964E-10
28.997860	-5.126666E-10
29.998430	-5.235482E-10
30.997760	-5.446039E-10
31.998380	-5.611543E-10
32.997510	-5.673291E-10
33.998310	-5.770977E-10
34.998900	-6.032140E-10
35.997910	-6.254834E-10
36.998360	-6.328733E-10
37.998330	-6.444633E-10
38.998900	-6.640509E-10
