Voltage   	Current	
14.991480	1.117504E-9
13.999580	1.096804E-9
13.000090	1.081420E-9
11.999890	1.093009E-9
11.000600	1.082483E-9
10.000120	1.069577E-9
9.000645	1.069425E-9
8.000358	1.062289E-9
6.999792	1.015983E-9
6.000741	1.023422E-9
4.999818	1.012086E-9
4.000548	9.820752E-10
3.000274	9.857187E-10
2.000781	1.006418E-9
0.999949	9.460418E-10
0.000503	9.707388E-10
0.998314	9.727126E-10
1.998953	9.489772E-10
2.997965	9.186125E-10
3.998454	8.901694E-10
4.997707	9.236727E-10
5.998548	8.911823E-10
6.997642	8.903721E-10
7.998298	8.798454E-10
8.998838	8.462924E-10
9.998138	8.495820E-10
10.998950	8.187113E-10
11.998000	8.055528E-10
12.998590	7.751876E-10
13.997780	7.539824E-10
