Voltage   	Current	
14.991640	2.057598E-8
14.000040	2.075914E-8
13.000400	2.078414E-8
11.999970	2.076171E-8
11.000570	2.080226E-8
10.000120	2.071804E-8
9.000791	2.052882E-8
8.000405	2.043109E-8
6.999998	2.047437E-8
6.000706	2.026327E-8
5.000132	2.013184E-8
4.000694	1.998756E-8
3.000004	1.982935E-8
2.000532	1.968333E-8
0.999833	1.946988E-8
0.000494	1.927159E-8
0.998661	1.901732E-8
1.999249	1.873630E-8
2.998437	1.843147E-8
3.998836	1.805555E-8
4.998235	1.769623E-8
5.999110	1.731423E-8
6.997779	1.684094E-8
7.998483	1.638056E-8
8.998739	1.581915E-8
9.998116	1.523997E-8
10.998640	1.451612E-8
11.997870	1.379787E-8
12.998800	1.291920E-8
13.997780	1.192919E-8
