t (s)	Ids (Amps)
0.000000000000	0.000000017764
0.500000000000	0.000000017795
1.000000000000	0.000000017766
1.500000000000	0.000000017782
2.000000000000	0.000000017743
2.500000000000	0.000000017773
3.000000000000	0.000000017754
3.500000000000	0.000000017816
4.000000000000	0.000000017744
4.500000000000	0.000000017735
5.000000000000	0.000000017740
5.500000000000	0.000000017747
6.000000000000	0.000000017763
6.500000000000	0.000000017766
7.000000000000	0.000000017734
7.500000000000	0.000000017774
8.000000000000	0.000000017778
8.500000000000	0.000000017769
9.000000000000	0.000000017790
9.500000000000	0.000000017761
10.000000000000	0.000000017756
10.500000000000	0.000000017749
11.000000000000	0.000000017760
11.500000000000	0.000000017785
12.000000000000	0.000000017745
12.500000000000	0.000000017760
13.000000000000	0.000000017766
13.500000000000	0.000000017760
14.000000000000	0.000000017774
14.500000000000	0.000000017766
15.000000000000	0.000000017760
15.500000000000	0.000000017766
16.000000000000	0.000000017751
16.500000000000	0.000000017773
17.000000000000	0.000000017776
17.500000000000	0.000000017776
18.000000000000	0.000000017770
18.500000000000	0.000000017770
19.000000000000	0.000000017761
19.500000000000	0.000000017756
20.000000000000	0.000000017776
20.500000000000	0.000000017762
21.000000000000	0.000000017768
21.500000000000	0.000000017752
22.000000000000	0.000000017777
22.500000000000	0.000000017773
23.000000000000	0.000000017779
23.500000000000	0.000000017784
24.000000000000	0.000000017774
24.500000000000	0.000000017785
25.000000000000	0.000000017774
25.500000000000	0.000000017766
26.000000000000	0.000000017776
26.500000000000	0.000000017795
27.000000000000	0.000000017790
27.500000000000	0.000000017781
28.000000000000	0.000000017808
28.500000000000	0.000000017800
29.000000000000	0.000000017783
29.500000000000	0.000000017780
30.000000000000	0.000000029557
30.500000000000	0.000000029333
31.000000000000	0.000000029140
31.500000000000	0.000000021767
32.000000000000	0.000000015724
32.500000000000	0.000000015925
33.000000000000	0.000000016072
33.500000000000	0.000000016184
34.000000000000	0.000000016249
34.500000000000	0.000000016329
35.000000000000	0.000000016404
35.500000000000	0.000000016441
36.000000000000	0.000000016500
36.500000000000	0.000000016539
37.000000000000	0.000000016635
37.500000000000	0.000000016606
38.000000000000	0.000000016644
38.500000000000	0.000000016672
39.000000000000	0.000000016688
39.500000000000	0.000000016706
40.000000000000	0.000000016721
40.500000000000	0.000000016739
41.000000000000	0.000000016747
41.500000000000	0.000000016778
42.000000000000	0.000000016929
42.500000000000	0.000000016810
43.000000000000	0.000000016807
43.500000000000	0.000000016821
44.000000000000	0.000000016839
44.500000000000	0.000000016833
45.000000000000	0.000000016853
45.500000000000	0.000000016885
46.000000000000	0.000000016868
46.500000000000	0.000000016887
47.000000000000	0.000000016874
47.500000000000	0.000000016863
48.000000000000	0.000000016845
48.500000000000	0.000000016862
49.000000000000	0.000000016912
49.500000000000	0.000000016889
50.000000000000	0.000000016902
50.500000000000	0.000000016914
51.000000000000	0.000000016923
51.500000000000	0.000000016904
52.000000000000	0.000000016909
52.500000000000	0.000000016952
53.000000000000	0.000000016922
53.500000000000	0.000000016934
54.000000000000	0.000000016968
54.500000000000	0.000000016953
55.000000000000	0.000000016933
55.500000000000	0.000000016942
56.000000000000	0.000000016595
56.500000000000	0.000000016592
57.000000000000	0.000000016581
57.500000000000	0.000000016594
58.000000000000	0.000000016580
58.500000000000	0.000000016582
59.000000000000	0.000000016560
59.500000000000	0.000000016562
60.000000000000	0.000000016568
60.500000000000	0.000000016893
61.000000000000	0.000000016895
61.500000000000	0.000000016894
62.000000000000	0.000000016909
62.500000000000	0.000000016927
63.000000000000	0.000000016920
63.500000000000	0.000000016945
64.000000000000	0.000000016965
64.500000000000	0.000000016970
65.000000000000	0.000000016988
65.500000000000	0.000000016985
66.000000000000	0.000000016996
66.500000000000	0.000000017003
67.000000000000	0.000000017004
67.500000000000	0.000000017001
68.000000000000	0.000000016988
68.500000000000	0.000000016977
69.000000000000	0.000000016994
69.500000000000	0.000000017000
70.000000000000	0.000000017005
70.500000000000	0.000000017002
71.000000000000	0.000000017039
71.500000000000	0.000000017025
72.000000000000	0.000000017009
72.500000000000	0.000000017026
73.000000000000	0.000000017031
73.500000000000	0.000000017024
74.000000000000	0.000000017025
74.500000000000	0.000000017015
75.000000000000	0.000000017076
75.500000000000	0.000000017088
76.000000000000	0.000000017028
76.500000000000	0.000000017061
77.000000000000	0.000000017061
77.500000000000	0.000000017064
78.000000000000	0.000000017071
78.500000000000	0.000000017041
79.000000000000	0.000000017309
79.500000000000	0.000000017761
80.000000000000	0.000000017189
80.500000000000	0.000000017320
81.000000000000	0.000000017570
81.500000000000	0.000000016903
82.000000000000	0.000000017007
82.500000000000	0.000000016931
83.000000000000	0.000000017061
83.500000000000	0.000000017064
84.000000000000	0.000000017061
84.500000000000	0.000000017041
85.000000000000	0.000000017103
85.500000000000	0.000000017088
86.000000000000	0.000000017093
86.500000000000	0.000000017063
87.000000000000	0.000000017075
87.500000000000	0.000000017059
88.000000000000	0.000000017077
88.500000000000	0.000000017076
89.000000000000	0.000000017062
89.500000000000	0.000000017078
90.000000000000	0.000000017091
90.500000000000	0.000000017088
91.000000000000	0.000000017062
91.500000000000	0.000000017070
92.000000000000	0.000000017065
92.500000000000	0.000000017066
93.000000000000	0.000000017099
93.500000000000	0.000000017110
94.000000000000	0.000000017084
94.500000000000	0.000000017080
95.000000000000	0.000000017111
95.500000000000	0.000000017092
96.000000000000	0.000000017111
96.500000000000	0.000000017116
97.000000000000	0.000000017097
97.500000000000	0.000000017106
98.000000000000	0.000000017104
98.500000000000	0.000000017105
99.000000000000	0.000000017131
99.500000000000	0.000000017128
100.000000000000	0.000000017193
100.500000000000	0.000000017102
101.000000000000	0.000000017107
101.500000000000	0.000000017100
102.000000000000	0.000000017116
102.500000000000	0.000000017085
103.000000000000	0.000000017112
103.500000000000	0.000000017120
104.000000000000	0.000000017100
104.500000000000	0.000000017109
105.000000000000	0.000000017118
105.500000000000	0.000000017114
106.000000000000	0.000000017104
106.500000000000	0.000000017135
107.000000000000	0.000000017125
107.500000000000	0.000000017168
108.000000000000	0.000000017164
108.500000000000	0.000000017135
109.000000000000	0.000000017136
109.500000000000	0.000000017135
110.000000000000	0.000000017143
110.500000000000	0.000000017128
111.000000000000	0.000000017135
111.500000000000	0.000000017144
112.000000000000	0.000000017141
112.500000000000	0.000000017149
113.000000000000	0.000000017132
113.500000000000	0.000000017151
114.000000000000	0.000000017131
114.500000000000	0.000000017146
115.000000000000	0.000000017107
115.500000000000	0.000000017140
116.000000000000	0.000000017420
116.500000000000	0.000000017414
117.000000000000	0.000000017464
117.500000000000	0.000000017442
118.000000000000	0.000000017456
118.500000000000	0.000000017470
119.000000000000	0.000000017471
119.500000000000	0.000000017484
120.000000000000	0.000000017504
120.500000000000	0.000000017525
121.000000000000	0.000000017224
121.500000000000	0.000000017218
122.000000000000	0.000000017218
122.500000000000	0.000000017212
123.000000000000	0.000000017208
123.500000000000	0.000000017330
124.000000000000	0.000000017283
124.500000000000	0.000000017254
125.000000000000	0.000000017211
125.500000000000	0.000000017554
126.000000000000	0.000000016488
126.500000000000	0.000000017559
127.000000000000	0.000000017034
127.500000000000	0.000000017189
128.000000000000	0.000000017445
128.500000000000	0.000000017649
129.000000000000	0.000000017167
129.500000000000	0.000000017238
130.000000000000	0.000000017267
130.500000000000	0.000000017260
131.000000000000	0.000000017195
131.500000000000	0.000000017222
132.000000000000	0.000000017218
132.500000000000	0.000000017202
133.000000000000	0.000000017186
133.500000000000	0.000000017228
134.000000000000	0.000000017224
134.500000000000	0.000000017195
135.000000000000	0.000000017212
135.500000000000	0.000000017203
136.000000000000	0.000000017207
136.500000000000	0.000000017208
137.000000000000	0.000000017203
137.500000000000	0.000000017231
138.000000000000	0.000000017215
138.500000000000	0.000000017225
139.000000000000	0.000000017221
139.500000000000	0.000000017213
140.000000000000	0.000000017208
140.500000000000	0.000000017169
141.000000000000	0.000000017189
141.500000000000	0.000000017227
142.000000000000	0.000000017193
142.500000000000	0.000000017212
143.000000000000	0.000000017242
143.500000000000	0.000000017205
144.000000000000	0.000000017209
144.500000000000	0.000000017202
145.000000000000	0.000000017225
145.500000000000	0.000000017240
146.000000000000	0.000000017225
146.500000000000	0.000000017222
147.000000000000	0.000000017225
147.500000000000	0.000000017224
148.000000000000	0.000000017198
148.500000000000	0.000000017212
149.000000000000	0.000000017206
149.500000000000	0.000000017209
150.000000000000	0.000000017201
150.500000000000	0.000000017217
151.000000000000	0.000000017230
151.500000000000	0.000000017223
152.000000000000	0.000000017217
152.500000000000	0.000000017227
153.000000000000	0.000000017227
153.500000000000	0.000000017216
154.000000000000	0.000000017211
154.500000000000	0.000000017219
155.000000000000	0.000000017210
155.500000000000	0.000000017267
156.000000000000	0.000000017244
156.500000000000	0.000000017290
157.000000000000	0.000000017229
157.500000000000	0.000000017220
158.000000000000	0.000000017285
158.500000000000	0.000000017229
159.000000000000	0.000000017221
159.500000000000	0.000000017234
160.000000000000	0.000000017227
160.500000000000	0.000000017201
161.000000000000	0.000000017203
161.500000000000	0.000000017196
162.000000000000	0.000000017224
162.500000000000	0.000000017228
163.000000000000	0.000000017232
163.500000000000	0.000000017240
164.000000000000	0.000000017234
164.500000000000	0.000000017226
165.000000000000	0.000000017224
165.500000000000	0.000000017246
166.000000000000	0.000000017223
166.500000000000	0.000000017232
167.000000000000	0.000000017166
167.500000000000	0.000000017266
168.000000000000	0.000000017264
168.500000000000	0.000000017264
169.000000000000	0.000000017252
169.500000000000	0.000000017263
170.000000000000	0.000000017248
170.500000000000	0.000000017244
171.000000000000	0.000000017262
171.500000000000	0.000000017253
172.000000000000	0.000000017242
172.500000000000	0.000000017268
173.000000000000	0.000000017239
173.500000000000	0.000000017251
174.000000000000	0.000000016889
174.500000000000	0.000000016499
175.000000000000	0.000000016479
175.500000000000	0.000000016460
176.000000000000	0.000000016457
176.500000000000	0.000000016441
177.000000000000	0.000000016426
177.500000000000	0.000000016400
178.000000000000	0.000000016413
178.500000000000	0.000000016395
179.000000000000	0.000000016388
179.500000000000	0.000000016338
180.000000000000	0.000000017095
180.500000000000	0.000000017117
181.000000000000	0.000000017107
181.500000000000	0.000000017142
182.000000000000	0.000000017164
182.500000000000	0.000000017244
183.000000000000	0.000000017214
183.500000000000	0.000000017250
184.000000000000	0.000000017255
184.500000000000	0.000000017225
185.000000000000	0.000000017276
185.500000000000	0.000000017214
186.000000000000	0.000000017247
186.500000000000	0.000000017252
187.000000000000	0.000000017226
187.500000000000	0.000000017241
188.000000000000	0.000000017220
188.500000000000	0.000000017258
189.000000000000	0.000000017239
189.500000000000	0.000000017252
190.000000000000	0.000000017250
190.500000000000	0.000000017253
191.000000000000	0.000000017269
191.500000000000	0.000000017763
192.000000000000	0.000000017645
192.500000000000	0.000000016907
193.000000000000	0.000000017108
193.500000000000	0.000000017221
194.000000000000	0.000000017509
194.500000000000	0.000000017795
195.000000000000	0.000000017761
195.500000000000	0.000000017308
196.000000000000	0.000000017330
196.500000000000	0.000000017303
197.000000000000	0.000000017300
197.500000000000	0.000000017277
198.000000000000	0.000000017264
198.500000000000	0.000000017287
199.000000000000	0.000000017282
199.500000000000	0.000000017279
200.000000000000	0.000000017306
200.500000000000	0.000000017305
201.000000000000	0.000000017322
201.500000000000	0.000000017273
202.000000000000	0.000000017291
202.500000000000	0.000000017295
203.000000000000	0.000000017294
203.500000000000	0.000000017285
204.000000000000	0.000000017303
204.500000000000	0.000000017292
205.000000000000	0.000000017285
205.500000000000	0.000000017299
206.000000000000	0.000000017290
206.500000000000	0.000000017274
207.000000000000	0.000000017296
207.500000000000	0.000000017285
208.000000000000	0.000000017267
208.500000000000	0.000000017286
209.000000000000	0.000000017347
209.500000000000	0.000000017312
210.000000000000	0.000000017302
210.500000000000	0.000000017300
211.000000000000	0.000000017291
211.500000000000	0.000000017298
212.000000000000	0.000000017283
212.500000000000	0.000000017292
213.000000000000	0.000000017298
213.500000000000	0.000000017310
214.000000000000	0.000000017302
214.500000000000	0.000000017299
215.000000000000	0.000000017300
215.500000000000	0.000000017301
216.000000000000	0.000000017304
216.500000000000	0.000000017293
217.000000000000	0.000000017297
217.500000000000	0.000000017297
218.000000000000	0.000000017276
218.500000000000	0.000000017289
219.000000000000	0.000000017292
219.500000000000	0.000000017277
220.000000000000	0.000000017308
220.500000000000	0.000000017328
221.000000000000	0.000000017319
221.500000000000	0.000000017329
222.000000000000	0.000000017365
222.500000000000	0.000000017362
223.000000000000	0.000000017403
223.500000000000	0.000000017334
224.000000000000	0.000000017330
224.500000000000	0.000000017322
225.000000000000	0.000000017313
225.500000000000	0.000000017328
226.000000000000	0.000000017351
226.500000000000	0.000000017322
227.000000000000	0.000000017355
227.500000000000	0.000000017332
228.000000000000	0.000000017350
228.500000000000	0.000000017346
229.000000000000	0.000000017345
229.500000000000	0.000000017384
230.000000000000	0.000000017344
230.500000000000	0.000000017338
231.000000000000	0.000000017374
231.500000000000	0.000000017355
232.000000000000	0.000000017346
232.500000000000	0.000000017362
233.000000000000	0.000000017338
233.500000000000	0.000000017350
234.000000000000	0.000000017333
234.500000000000	0.000000017377
235.000000000000	0.000000017844
235.500000000000	0.000000017906
236.000000000000	0.000000017910
236.500000000000	0.000000017935
237.000000000000	0.000000017955
237.500000000000	0.000000017941
238.000000000000	0.000000017961
238.500000000000	0.000000017992
239.000000000000	0.000000017996
239.500000000000	0.000000018006
240.000000000000	0.000000018001
240.500000000000	0.000000017507
241.000000000000	0.000000017505
241.500000000000	0.000000017496
242.000000000000	0.000000017450
242.500000000000	0.000000017482
243.000000000000	0.000000017478
243.500000000000	0.000000017458
244.000000000000	0.000000017489
244.500000000000	0.000000017455
245.000000000000	0.000000017518
245.500000000000	0.000000017486
246.000000000000	0.000000017642
246.500000000000	0.000000017620
247.000000000000	0.000000017641
247.500000000000	0.000000017816
248.000000000000	0.000000018534
248.500000000000	0.000000017763
249.000000000000	0.000000018188
249.500000000000	0.000000018062
250.000000000000	0.000000017493
250.500000000000	0.000000017487
251.000000000000	0.000000017467
251.500000000000	0.000000017461
252.000000000000	0.000000017434
252.500000000000	0.000000017498
253.000000000000	0.000000017464
253.500000000000	0.000000017441
254.000000000000	0.000000017419
254.500000000000	0.000000017463
255.000000000000	0.000000017428
255.500000000000	0.000000017408
256.000000000000	0.000000017442
256.500000000000	0.000000017387
257.000000000000	0.000000017408
257.500000000000	0.000000017391
258.000000000000	0.000000017378
258.500000000000	0.000000017384
259.000000000000	0.000000017378
259.500000000000	0.000000017389
260.000000000000	0.000000017403
260.500000000000	0.000000017407
261.000000000000	0.000000017394
261.500000000000	0.000000017397
262.000000000000	0.000000017411
262.500000000000	0.000000017389
263.000000000000	0.000000017408
263.500000000000	0.000000017417
264.000000000000	0.000000017430
264.500000000000	0.000000017407
265.000000000000	0.000000017402
265.500000000000	0.000000017407
266.000000000000	0.000000017372
266.500000000000	0.000000017412
267.000000000000	0.000000017415
267.500000000000	0.000000017435
268.000000000000	0.000000017403
268.500000000000	0.000000017411
269.000000000000	0.000000017413
269.500000000000	0.000000017421
270.000000000000	0.000000017404
270.500000000000	0.000000017404
271.000000000000	0.000000017426
271.500000000000	0.000000017420
272.000000000000	0.000000017437
272.500000000000	0.000000017449
273.000000000000	0.000000017406
273.500000000000	0.000000017439
274.000000000000	0.000000017370
274.500000000000	0.000000017410
275.000000000000	0.000000017385
275.500000000000	0.000000017388
276.000000000000	0.000000017400
276.500000000000	0.000000017418
277.000000000000	0.000000017428
277.500000000000	0.000000017406
278.000000000000	0.000000017409
278.500000000000	0.000000017411
279.000000000000	0.000000017406
279.500000000000	0.000000017394
280.000000000000	0.000000017448
280.500000000000	0.000000017435
281.000000000000	0.000000017396
281.500000000000	0.000000017413
282.000000000000	0.000000017412
282.500000000000	0.000000017407
283.000000000000	0.000000017421
283.500000000000	0.000000017388
284.000000000000	0.000000017417
284.500000000000	0.000000017401
285.000000000000	0.000000017388
285.500000000000	0.000000017399
286.000000000000	0.000000017423
286.500000000000	0.000000017445
287.000000000000	0.000000017399
287.500000000000	0.000000017397
288.000000000000	0.000000017393
288.500000000000	0.000000017407
289.000000000000	0.000000017404
289.500000000000	0.000000017400
290.000000000000	0.000000017392
290.500000000000	0.000000017381
291.000000000000	0.000000017385
291.500000000000	0.000000017331
292.000000000000	0.000000017387
292.500000000000	0.000000017387
293.000000000000	0.000000017373
293.500000000000	0.000000017376
294.000000000000	0.000000017396
294.500000000000	0.000000017408
295.000000000000	0.000000017090
295.500000000000	0.000000016231
296.000000000000	0.000000015799
296.500000000000	0.000000015753
297.000000000000	0.000000015261
297.500000000000	0.000000015272
298.000000000000	0.000000015223
298.500000000000	0.000000015226
299.000000000000	0.000000015193
299.500000000000	0.000000015168
300.000000000000	0.000000015140
300.500000000000	0.000000015142
301.000000000000	0.000000015117
301.500000000000	0.000000015102
302.000000000000	0.000000015073
302.500000000000	0.000000015061
303.000000000000	0.000000016428
303.500000000000	0.000000016794
304.000000000000	0.000000017063
304.500000000000	0.000000017117
305.000000000000	0.000000017131
305.500000000000	0.000000017186
306.000000000000	0.000000017209
306.500000000000	0.000000017214
307.000000000000	0.000000017321
307.500000000000	0.000000017354
308.000000000000	0.000000017330
308.500000000000	0.000000017309
309.000000000000	0.000000018435
309.500000000000	0.000000018257
310.000000000000	0.000000017757
310.500000000000	0.000000018022
311.000000000000	0.000000017761
311.500000000000	0.000000018107
312.000000000000	0.000000018154
312.500000000000	0.000000018220
313.000000000000	0.000000018075
313.500000000000	0.000000017376
314.000000000000	0.000000017358
314.500000000000	0.000000017331
315.000000000000	0.000000017357
315.500000000000	0.000000017408
316.000000000000	0.000000017285
316.500000000000	0.000000017336
317.000000000000	0.000000017307
317.500000000000	0.000000017344
318.000000000000	0.000000017319
318.500000000000	0.000000017335
319.000000000000	0.000000017345
319.500000000000	0.000000017364
320.000000000000	0.000000017342
320.500000000000	0.000000017354
321.000000000000	0.000000017343
321.500000000000	0.000000017335
322.000000000000	0.000000017326
322.500000000000	0.000000017324
323.000000000000	0.000000017344
323.500000000000	0.000000017334
324.000000000000	0.000000017366
324.500000000000	0.000000017319
325.000000000000	0.000000017332
325.500000000000	0.000000017333
326.000000000000	0.000000017352
326.500000000000	0.000000017358
327.000000000000	0.000000017336
327.500000000000	0.000000017324
328.000000000000	0.000000017319
328.500000000000	0.000000017342
329.000000000000	0.000000017300
329.500000000000	0.000000017324
330.000000000000	0.000000017347
330.500000000000	0.000000017359
331.000000000000	0.000000017328
331.500000000000	0.000000017322
332.000000000000	0.000000017332
332.500000000000	0.000000017333
333.000000000000	0.000000017348
333.500000000000	0.000000017463
334.000000000000	0.000000017359
334.500000000000	0.000000017348
335.000000000000	0.000000017363
335.500000000000	0.000000017351
336.000000000000	0.000000017271
336.500000000000	0.000000017377
337.000000000000	0.000000017351
337.500000000000	0.000000017341
338.000000000000	0.000000017394
338.500000000000	0.000000017351
339.000000000000	0.000000017340
339.500000000000	0.000000017313
340.000000000000	0.000000017334
340.500000000000	0.000000017379
341.000000000000	0.000000017384
341.500000000000	0.000000017386
342.000000000000	0.000000017357
342.500000000000	0.000000017341
343.000000000000	0.000000017362
343.500000000000	0.000000017422
344.000000000000	0.000000017396
344.500000000000	0.000000017361
345.000000000000	0.000000017401
345.500000000000	0.000000017378
346.000000000000	0.000000017374
346.500000000000	0.000000017383
347.000000000000	0.000000017351
347.500000000000	0.000000017355
348.000000000000	0.000000017384
348.500000000000	0.000000017405
349.000000000000	0.000000017378
349.500000000000	0.000000017362
350.000000000000	0.000000017370
350.500000000000	0.000000017372
351.000000000000	0.000000017375
351.500000000000	0.000000017341
352.000000000000	0.000000017368
352.500000000000	0.000000017355
353.000000000000	0.000000017348
353.500000000000	0.000000017653
354.000000000000	0.000000018250
354.500000000000	0.000000018265
355.000000000000	0.000000018503
355.500000000000	0.000000018519
356.000000000000	0.000000018577
356.500000000000	0.000000018566
357.000000000000	0.000000018618
357.500000000000	0.000000018626
358.000000000000	0.000000018670
358.500000000000	0.000000018684
359.000000000000	0.000000018733
359.500000000000	0.000000018747
360.000000000000	0.000000018431
360.500000000000	0.000000017687
361.000000000000	0.000000017664
361.500000000000	0.000000017647
362.000000000000	0.000000017612
362.500000000000	0.000000017641
363.000000000000	0.000000017609
363.500000000000	0.000000017594
364.000000000000	0.000000017647
364.500000000000	0.000000017558
365.000000000000	0.000000017617
365.500000000000	0.000000017490
366.000000000000	0.000000017552
366.500000000000	0.000000017483
367.000000000000	0.000000017471
367.500000000000	0.000000017456
368.000000000000	0.000000017489
368.500000000000	0.000000017488
369.000000000000	0.000000017528
369.500000000000	0.000000017481
370.000000000000	0.000000017523
370.500000000000	0.000000017499
371.000000000000	0.000000017403
371.500000000000	0.000000017453
372.000000000000	0.000000017440
372.500000000000	0.000000017458
373.000000000000	0.000000017441
373.500000000000	0.000000017460
374.000000000000	0.000000017512
374.500000000000	0.000000017479
375.000000000000	0.000000017396
375.500000000000	0.000000017438
376.000000000000	0.000000017447
376.500000000000	0.000000017446
377.000000000000	0.000000017447
377.500000000000	0.000000017435
378.000000000000	0.000000017438
378.500000000000	0.000000017400
379.000000000000	0.000000017415
379.500000000000	0.000000017392
380.000000000000	0.000000017397
380.500000000000	0.000000017392
381.000000000000	0.000000017404
381.500000000000	0.000000017427
382.000000000000	0.000000017414
382.500000000000	0.000000017410
383.000000000000	0.000000017393
383.500000000000	0.000000017408
384.000000000000	0.000000017422
384.500000000000	0.000000017433
385.000000000000	0.000000017408
385.500000000000	0.000000017419
386.000000000000	0.000000017401
386.500000000000	0.000000017432
387.000000000000	0.000000017434
387.500000000000	0.000000017402
388.000000000000	0.000000017448
388.500000000000	0.000000017415
389.000000000000	0.000000017442
389.500000000000	0.000000017474
390.000000000000	0.000000017461
390.500000000000	0.000000017480
391.000000000000	0.000000017457
391.500000000000	0.000000017507
392.000000000000	0.000000017453
392.500000000000	0.000000017490
393.000000000000	0.000000017484
393.500000000000	0.000000017454
394.000000000000	0.000000017430
394.500000000000	0.000000017463
395.000000000000	0.000000017443
395.500000000000	0.000000017447
396.000000000000	0.000000017460
396.500000000000	0.000000017464
397.000000000000	0.000000017448
397.500000000000	0.000000017451
398.000000000000	0.000000017424
398.500000000000	0.000000017449
399.000000000000	0.000000017440
399.500000000000	0.000000017441
400.000000000000	0.000000017464
400.500000000000	0.000000017466
401.000000000000	0.000000017475
401.500000000000	0.000000017455
402.000000000000	0.000000017465
402.500000000000	0.000000017480
403.000000000000	0.000000017470
403.500000000000	0.000000017462
404.000000000000	0.000000017466
404.500000000000	0.000000017466
405.000000000000	0.000000017478
405.500000000000	0.000000017467
406.000000000000	0.000000017486
406.500000000000	0.000000017486
407.000000000000	0.000000017469
407.500000000000	0.000000017488
408.000000000000	0.000000017470
408.500000000000	0.000000017496
409.000000000000	0.000000017484
409.500000000000	0.000000017479
410.000000000000	0.000000017487
410.500000000000	0.000000017490
411.000000000000	0.000000017454
411.500000000000	0.000000017480
412.000000000000	0.000000017473
412.500000000000	0.000000017465
413.000000000000	0.000000017467
413.500000000000	0.000000017473
414.000000000000	0.000000017459
414.500000000000	0.000000017453
415.000000000000	0.000000017459
415.500000000000	0.000000017447
416.000000000000	0.000000017463
416.500000000000	0.000000017448
417.000000000000	0.000000017458
417.500000000000	0.000000017460
418.000000000000	0.000000017455
418.500000000000	0.000000017451
419.000000000000	0.000000017456
419.500000000000	0.000000017435
