Voltage   	Current	
19.987910	-7.235746E-10
19.001010	-4.370019E-10
18.000150	-4.103284E-10
17.001020	-3.870463E-10
16.000480	-3.685726E-10
15.001480	-3.522243E-10
14.000420	-3.167444E-10
13.001050	-3.045467E-10
12.001090	-2.861739E-10
11.001680	-2.604115E-10
10.000630	-2.417356E-10
9.001259	-2.049394E-10
8.000916	-1.271468E-10
7.000165	6.685405E-11
6.001019	3.278091E-10
5.000205	6.383459E-10
4.001050	1.039321E-9
3.000454	1.470105E-9
2.001266	1.624362E-9
1.000739	2.027309E-9
0.001215	2.448631E-9
0.998704	4.557991E-10
1.999318	7.862258E-10
2.998412	1.095497E-9
3.999098	1.500319E-9
4.998273	1.891577E-9
5.999140	2.278432E-9
6.998148	2.665843E-9
7.998813	3.061607E-9
8.999254	3.375938E-9
9.998631	3.659753E-9
10.999340	3.983802E-9
11.998730	4.236238E-9
12.998980	4.481490E-9
13.998590	4.714696E-9
14.999200	4.998968E-9
15.998850	5.288908E-9
16.999090	5.616498E-9
17.998400	5.797276E-9
18.998870	5.949811E-9
