Voltage   	Current	
19.987000	4.480541E-10
19.000530	2.025371E-9
18.000350	3.151457E-9
17.000980	4.510754E-9
16.000450	6.096269E-9
15.001200	7.824143E-9
14.000720	9.718172E-9
13.001230	1.157854E-8
12.001060	1.341882E-8
11.001230	1.521492E-8
10.000730	1.695210E-8
9.001417	1.868554E-8
8.001066	2.023237E-8
7.000247	2.171465E-8
6.000989	2.312152E-8
5.000295	2.450470E-8
4.001136	2.578904E-8
3.000304	2.700670E-8
2.001030	2.818906E-8
1.000168	2.932359E-8
0.000851	3.023408E-8
0.999134	3.128007E-8
1.999399	3.218373E-8
2.998459	3.289844E-8
3.999076	3.389391E-8
4.998316	3.459933E-8
5.999221	3.533852E-8
6.998174	3.602977E-8
7.998869	3.673885E-8
8.999293	3.738792E-8
9.998653	3.800368E-8
10.999090	3.858298E-8
11.998430	3.912570E-8
12.998820	3.963904E-8
13.998210	4.019119E-8
14.998900	4.065226E-8
15.998430	4.111378E-8
16.998770	4.150055E-8
17.998410	4.186514E-8
18.998830	4.227016E-8
