Voltage   	Current	
29.980470	1.332003E-9
29.000160	1.805201E-9
28.000950	1.994582E-9
27.000860	2.092764E-9
26.001200	2.356288E-9
25.000620	2.560296E-9
24.001120	2.779991E-9
23.001160	2.947911E-9
22.000300	3.346514E-9
21.000700	3.622536E-9
20.000470	3.990772E-9
19.001400	3.821127E-9
18.000920	4.744348E-9
17.001290	5.141883E-9
16.000550	7.528476E-9
15.001460	5.953963E-9
14.000710	5.349736E-9
13.001610	7.359287E-9
12.000880	7.964219E-9
11.001460	8.655799E-9
10.000770	8.709138E-9
9.001920	9.878417E-9
8.001422	1.075791E-8
7.000654	1.189085E-8
6.001637	1.283532E-8
5.000368	1.379008E-8
4.001106	1.477822E-8
3.000180	1.583510E-8
2.000996	1.699496E-8
1.000357	1.817122E-8
0.001215	1.945879E-8
0.998872	2.039121E-8
1.999708	2.123279E-8
2.998721	2.237247E-8
3.999098	2.344635E-8
4.998222	2.434230E-8
5.999024	2.525949E-8
6.998015	2.608994E-8
7.998706	2.688005E-8
8.999134	2.768772E-8
9.998391	2.844489E-8
10.999490	2.915323E-8
11.998570	2.985082E-8
12.999240	3.052044E-8
13.998520	3.123722E-8
14.998900	3.327703E-8
15.998220	3.226878E-8
16.998670	3.283839E-8
17.998270	3.349439E-8
18.998380	3.373894E-8
19.997710	3.429776E-8
20.998450	3.494295E-8
21.997990	3.548743E-8
22.998570	3.536281E-8
23.998900	3.635389E-8
24.998550	3.689033E-8
25.999080	3.729630E-8
26.998400	3.786416E-8
27.998870	3.818815E-8
28.998290	3.854030E-8
