Voltage   	Current
-0.500088	-4.581363E-11
-0.447480	-2.177214E-11
-0.394893	-2.045639E-11
-0.342208	-1.903919E-11
-0.289525	-1.144698E-11
-0.236905	-1.250999E-11
-0.184303	-2.207590E-11
-0.131722	-9.118678E-12
-0.079038	-9.877987E-12
-0.026352	-7.498946E-12
0.026326	2.803174E-11
0.079012	-7.347345E-12
0.131689	-1.180153E-11
0.184266	-4.108103E-12
0.236866	-1.094100E-11
0.289485	-3.703260E-12
0.342166	-4.057421E-12
0.394854	-6.436324E-12
0.447436	1.355607E-11
0.500041	-7.170098E-13
