Voltage   	Current	
14.990760	1.308138E-8
14.001120	1.267774E-8
13.001890	1.225868E-8
12.001250	1.215482E-8
11.001850	1.237856E-8
10.001240	1.276955E-8
9.001585	1.325602E-8
8.001448	1.398246E-8
7.000710	1.484888E-8
6.001560	1.590015E-8
5.000621	1.718422E-8
4.001308	1.850837E-8
3.000806	1.980318E-8
2.001446	2.106507E-8
1.000811	2.222417E-8
0.001258	2.329411E-8
0.999172	2.208397E-8
1.999674	2.360709E-8
2.998892	2.469909E-8
3.999664	2.555676E-8
4.999012	2.621683E-8
5.999638	2.678231E-8
6.998711	2.722521E-8
7.999676	2.762089E-8
8.999743	2.800230E-8
9.999108	2.831897E-8
10.999650	2.861566E-8
11.999020	2.890116E-8
12.999390	2.918423E-8
13.998580	2.946305E-8
