Voltage   	Current	
29.982030	3.540333E-10
29.000850	3.129862E-10
28.001460	3.685086E-10
27.001020	4.013058E-10
26.001750	4.122380E-10
25.001400	3.649656E-10
24.001870	3.191609E-10
23.001300	2.988651E-10
22.000720	2.593870E-10
21.001080	2.398503E-10
20.000720	2.083664E-10
19.001310	2.052281E-10
18.000870	2.125676E-10
17.001210	2.252725E-10
16.001220	2.149466E-10
15.001500	2.384330E-10
14.000890	2.669283E-10
13.001600	3.373813E-10
12.001100	3.957379E-10
11.001610	4.734285E-10
10.001160	5.761221E-10
9.001958	6.866601E-10
8.001547	9.030803E-10
7.000817	1.148957E-9
6.001595	1.474144E-9
5.000617	2.012764E-9
4.001707	2.574564E-9
3.001081	3.386545E-9
2.001584	4.192500E-9
1.000880	5.360186E-9
0.001387	6.494211E-9
0.999142	7.461468E-9
1.999704	8.893661E-9
2.999060	1.027210E-8
3.999806	1.168520E-8
4.998930	1.304981E-8
5.999616	1.429174E-8
6.998779	1.565852E-8
7.999616	1.684889E-8
8.999688	1.807544E-8
9.999327	1.910966E-8
10.999810	2.009832E-8
11.998990	2.108738E-8
12.999470	2.196733E-8
13.998810	2.280328E-8
14.999430	2.366274E-8
15.998690	2.445058E-8
16.999120	2.521775E-8
17.998430	2.597172E-8
18.998720	2.665194E-8
19.998450	2.752369E-8
20.998940	2.815118E-8
21.998400	2.880707E-8
22.998970	2.942733E-8
23.999450	2.996746E-8
24.998650	3.045415E-8
25.999470	3.102656E-8
26.998980	3.146700E-8
27.998610	3.191065E-8
28.998390	3.235548E-8
