Voltage   	Current	
19.987370	-7.455396E-10
19.001140	-4.533492E-10
18.000720	-4.246007E-10
17.001370	-3.976743E-10
16.000980	-3.739875E-10
15.001370	-3.492876E-10
14.000870	-3.299538E-10
13.001620	-3.064186E-10
12.000980	-2.876406E-10
11.001730	-2.604112E-10
10.001080	-2.377363E-10
9.001314	-2.042304E-10
8.001101	-1.486571E-10
7.000204	-5.876796E-11
6.001191	4.792496E-11
5.000372	2.248183E-10
4.001025	4.877838E-10
3.000583	6.265029E-10
2.001112	8.860764E-10
1.000554	1.159415E-9
0.000876	1.394139E-9
0.998717	1.473140E-9
1.999163	1.668744E-9
2.998600	1.884287E-9
3.999089	2.146137E-9
4.998338	2.384708E-9
5.999080	2.637398E-9
6.998415	2.834013E-9
7.999247	3.042473E-9
8.999594	3.235999E-9
9.999005	3.446939E-9
10.999310	3.628422E-9
11.998960	3.724429E-9
12.999210	3.958446E-9
13.998630	4.073731E-9
14.999190	4.288668E-9
15.998670	4.450819E-9
16.998790	4.612057E-9
17.998200	4.763429E-9
18.998980	4.909488E-9
