Voltage   	Current	
29.979010	4.671501E-8
29.000490	4.254097E-8
28.000950	4.089914E-8
27.000410	3.940308E-8
26.001170	3.794725E-8
25.000560	3.630646E-8
24.001210	3.460785E-8
23.001070	3.280557E-8
22.000570	3.084711E-8
21.000770	2.882130E-8
20.000350	2.680136E-8
19.001010	2.480248E-8
18.000620	2.279455E-8
17.001370	2.099663E-8
16.000980	1.926404E-8
15.001600	1.761567E-8
14.000880	1.608724E-8
13.001280	1.467126E-8
12.001010	1.330367E-8
11.001570	1.210611E-8
10.001200	1.098798E-8
9.001941	9.935325E-9
8.001637	9.044459E-9
7.000865	8.190493E-9
6.001346	7.434147E-9
5.000535	6.740611E-9
4.001179	6.155983E-9
3.000682	5.559103E-9
2.001592	5.151557E-9
1.000970	4.578868E-9
0.001550	4.188730E-9
0.998949	3.906841E-9
1.999434	3.506071E-9
2.998678	3.195892E-9
3.999145	2.939410E-9
4.998436	2.678117E-9
5.999251	2.447697E-9
6.998354	2.254574E-9
7.999264	2.054418E-9
8.999838	1.872581E-9
9.999108	1.699349E-9
10.999190	1.576016E-9
11.998680	1.439777E-9
12.998880	1.371456E-9
13.998360	1.195187E-9
14.998770	1.083240E-9
15.998370	9.928034E-10
16.999100	9.097552E-10
17.998520	8.208355E-10
18.998870	7.202770E-10
19.998230	6.360138E-10
20.998820	5.631882E-10
21.998040	5.018000E-10
22.998650	4.375779E-10
23.998930	3.787203E-10
24.998380	2.687987E-10
25.998770	2.624727E-10
26.998240	1.478364E-10
27.998620	1.462168E-10
28.997920	1.237447E-10
