Voltage   	Current	
29.978730	-6.090257E-10
29.000800	-1.950398E-10
28.001150	-1.074744E-10
27.001110	-7.356671E-12
26.001690	5.373653E-11
25.001100	1.399350E-10
24.001710	7.170181E-12
23.001300	-1.172431E-10
22.000840	-1.745398E-10
21.001350	-2.589163E-10
20.000790	-2.860462E-10
19.000990	-3.153524E-10
18.000540	-2.979913E-10
17.001670	-2.736955E-10
16.000930	-2.465148E-10
15.001680	-2.084015E-10
14.001090	-1.533823E-10
13.001690	-1.161291E-10
12.001210	-9.912227E-11
11.001630	1.339119E-10
10.000910	7.980379E-11
9.001889	1.324441E-10
8.001310	3.278635E-10
7.000873	5.355720E-10
6.001595	8.686447E-10
5.000574	1.437059E-9
4.001141	2.263187E-9
3.000622	3.537626E-9
2.001159	5.412267E-9
1.000357	7.661836E-9
0.000889	1.059050E-8
0.998515	2.044779E-8
1.999300	2.066309E-8
2.998734	2.163750E-8
3.999441	2.280890E-8
4.998754	2.354964E-8
5.999539	2.449884E-8
6.998625	2.535377E-8
7.998981	2.618740E-8
8.999405	2.687833E-8
9.998859	2.772552E-8
10.999180	2.858686E-8
11.998490	2.916985E-8
12.999260	2.978314E-8
13.998760	3.044793E-8
14.999280	3.105344E-8
15.998660	3.164774E-8
16.999080	3.223165E-8
17.998390	3.280296E-8
18.998940	3.339763E-8
19.998220	3.396046E-8
20.998290	3.432172E-8
21.997820	3.484358E-8
22.998260	3.531036E-8
23.998620	3.584763E-8
24.998100	3.606082E-8
25.998870	3.661206E-8
26.998310	3.685101E-8
27.998720	3.725359E-8
28.998300	3.761896E-8
