t (s)	Ids (Amps)
0.000000000000	0.000000005769
0.500000000000	0.000000005782
1.000000000000	0.000000005723
1.500000000000	0.000000005953
2.000000000000	0.000000005922
2.500000000000	0.000000005874
3.000000000000	0.000000005871
3.500000000000	0.000000005810
4.000000000000	0.000000005844
4.500000000000	0.000000005819
5.000000000000	0.000000005792
5.500000000000	0.000000005833
6.000000000000	0.000000005833
6.500000000000	0.000000005912
7.000000000000	0.000000005729
7.500000000000	0.000000005965
8.000000000000	0.000000005803
8.500000000000	0.000000005776
9.000000000000	0.000000005822
9.500000000000	0.000000005776
10.000000000000	0.000000005859
10.500000000000	0.000000005765
11.000000000000	0.000000005771
11.500000000000	0.000000005831
12.000000000000	0.000000005792
12.500000000000	0.000000005820
13.000000000000	0.000000005732
13.500000000000	0.000000005689
14.000000000000	0.000000005845
14.500000000000	0.000000005740
15.000000000000	0.000000005794
15.500000000000	0.000000005860
16.000000000000	0.000000005839
16.500000000000	0.000000005844
17.000000000000	0.000000005828
17.500000000000	0.000000005825
18.000000000000	0.000000005846
18.500000000000	0.000000005804
19.000000000000	0.000000005803
19.500000000000	0.000000005770
20.000000000000	0.000000005813
20.500000000000	0.000000005808
21.000000000000	0.000000005803
21.500000000000	0.000000005841
22.000000000000	0.000000005730
22.500000000000	0.000000005819
23.000000000000	0.000000005827
23.500000000000	0.000000005811
24.000000000000	0.000000005779
24.500000000000	0.000000005811
25.000000000000	0.000000005870
25.500000000000	0.000000005860
26.000000000000	0.000000005874
26.500000000000	0.000000005788
27.000000000000	0.000000005775
27.500000000000	0.000000005853
28.000000000000	0.000000005841
28.500000000000	0.000000005907
29.000000000000	0.000000005807
29.500000000000	0.000000005792
30.000000000000	0.000000004099
30.500000000000	0.000000002657
31.000000000000	0.000000001016
31.500000000000	0.000000000162
32.000000000000	0.000000000052
32.500000000000	0.000000000119
33.000000000000	0.000000000077
33.500000000000	0.000000000108
34.000000000000	0.000000000045
34.500000000000	0.000000000081
35.000000000000	0.000000000108
35.500000000000	0.000000000153
36.000000000000	0.000000000173
36.500000000000	0.000000000125
37.000000000000	0.000000000126
37.500000000000	0.000000000154
38.000000000000	0.000000000182
38.500000000000	0.000000000200
39.000000000000	0.000000000143
39.500000000000	0.000000000162
40.000000000000	0.000000000170
40.500000000000	0.000000000206
41.000000000000	0.000000000182
41.500000000000	0.000000000140
42.000000000000	0.000000000177
42.500000000000	0.000000000195
43.000000000000	0.000000000247
43.500000000000	0.000000000205
44.000000000000	0.000000000158
44.500000000000	0.000000000196
45.000000000000	0.000000000232
45.500000000000	0.000000000232
46.000000000000	0.000000000202
46.500000000000	0.000000000164
47.000000000000	0.000000000213
47.500000000000	0.000000000230
48.000000000000	0.000000000260
48.500000000000	0.000000000239
49.000000000000	0.000000000177
49.500000000000	0.000000000261
50.000000000000	0.000000000207
50.500000000000	0.000000000243
51.000000000000	0.000000000269
51.500000000000	0.000000000213
52.000000000000	0.000000000244
52.500000000000	0.000000000223
53.000000000000	0.000000000256
53.500000000000	0.000000000266
54.000000000000	0.000000000217
54.500000000000	0.000000000271
55.000000000000	0.000000000227
55.500000000000	0.000000000270
56.000000000000	0.000000000287
56.500000000000	0.000000000245
57.000000000000	0.000000000279
57.500000000000	0.000000000227
58.000000000000	0.000000000284
58.500000000000	0.000000000293
59.000000000000	0.000000000221
59.500000000000	0.000000000281
60.000000000000	0.000000000237
60.500000000000	0.000000000269
61.000000000000	0.000000000295
61.500000000000	0.000000000273
62.000000000000	0.000000000268
62.500000000000	0.000000000239
63.000000000000	0.000000000286
63.500000000000	0.000000000310
64.000000000000	0.000000000280
64.500000000000	0.000000000297
65.000000000000	0.000000000275
65.500000000000	0.000000000306
66.000000000000	0.000000000294
66.500000000000	0.000000000263
67.000000000000	0.000000000285
67.500000000000	0.000000000260
68.000000000000	0.000000000301
68.500000000000	0.000000000298
69.000000000000	0.000000000282
69.500000000000	0.000000000318
70.000000000000	0.000000000287
70.500000000000	0.000000000407
71.000000000000	0.000000000357
71.500000000000	0.000000000283
72.000000000000	0.000000000276
72.500000000000	0.000000000275
73.000000000000	0.000000000341
73.500000000000	0.000000000319
74.000000000000	0.000000000315
74.500000000000	0.000000000439
75.000000000000	0.000000000272
75.500000000000	0.000000000205
76.000000000000	0.000000000285
76.500000000000	0.000000000310
77.000000000000	0.000000000299
77.500000000000	0.000000000313
78.000000000000	0.000000000287
78.500000000000	0.000000000293
79.000000000000	0.000000000341
79.500000000000	0.000000000288
80.000000000000	0.000000000258
80.500000000000	0.000000000266
81.000000000000	0.000000000269
81.500000000000	0.000000000303
82.000000000000	0.000000000305
82.500000000000	0.000000000224
83.000000000000	0.000000000259
83.500000000000	0.000000000268
84.000000000000	0.000000000365
84.500000000000	0.000000000325
85.000000000000	0.000000000300
85.500000000000	0.000000000298
86.000000000000	0.000000000304
86.500000000000	0.000000000406
87.000000000000	0.000000000343
87.500000000000	0.000000000336
88.000000000000	0.000000000297
88.500000000000	0.000000000310
89.000000000000	0.000000000387
89.500000000000	0.000000000319
90.000000000000	0.000000000337
90.500000000000	0.000000000297
91.000000000000	0.000000000329
91.500000000000	0.000000000394
92.000000000000	0.000000000333
92.500000000000	0.000000000356
93.000000000000	0.000000000279
93.500000000000	0.000000000313
94.000000000000	0.000000000392
94.500000000000	0.000000000383
95.000000000000	0.000000000368
95.500000000000	0.000000000294
96.000000000000	0.000000000323
96.500000000000	0.000000000333
97.000000000000	0.000000000339
97.500000000000	0.000000000356
98.000000000000	0.000000000282
98.500000000000	0.000000000320
99.000000000000	0.000000000390
99.500000000000	0.000000000317
100.000000000000	0.000000000361
100.500000000000	0.000000000324
101.000000000000	0.000000000300
101.500000000000	0.000000000360
102.000000000000	0.000000000325
102.500000000000	0.000000000368
103.000000000000	0.000000000298
103.500000000000	0.000000000296
104.000000000000	0.000000000356
104.500000000000	0.000000000301
105.000000000000	0.000000000333
105.500000000000	0.000000000305
106.000000000000	0.000000000296
106.500000000000	0.000000000327
107.000000000000	0.000000000303
107.500000000000	0.000000000327
108.000000000000	0.000000000315
108.500000000000	0.000000000284
109.000000000000	0.000000000301
109.500000000000	0.000000000332
110.000000000000	0.000000000304
110.500000000000	0.000000000318
111.000000000000	0.000000000304
111.500000000000	0.000000000301
112.000000000000	0.000000000314
112.500000000000	0.000000000303
113.000000000000	0.000000000323
113.500000000000	0.000000000287
114.000000000000	0.000000000261
114.500000000000	0.000000000328
115.000000000000	0.000000000395
115.500000000000	0.000000000202
116.000000000000	0.000000000529
116.500000000000	0.000000000113
117.000000000000	0.000000000270
117.500000000000	0.000000000268
118.000000000000	0.000000000311
118.500000000000	0.000000000283
119.000000000000	0.000000000290
119.500000000000	0.000000000326
120.000000000000	0.000000000330
120.500000000000	0.000000000288
121.000000000000	0.000000000298
121.500000000000	0.000000000291
122.000000000000	0.000000000338
122.500000000000	0.000000000319
123.000000000000	0.000000000308
123.500000000000	0.000000000290
124.000000000000	0.000000000330
124.500000000000	0.000000000355
125.000000000000	0.000000000331
125.500000000000	0.000000000326
126.000000000000	0.000000000300
126.500000000000	0.000000000322
127.000000000000	0.000000000345
127.500000000000	0.000000000342
128.000000000000	0.000000000335
128.500000000000	0.000000000303
129.000000000000	0.000000000316
129.500000000000	0.000000000352
130.000000000000	0.000000000352
130.500000000000	0.000000000329
131.000000000000	0.000000000318
131.500000000000	0.000000000335
132.000000000000	0.000000000351
132.500000000000	0.000000000360
133.000000000000	0.000000000324
133.500000000000	0.000000000312
134.000000000000	0.000000000298
134.500000000000	0.000000000327
135.000000000000	0.000000000337
135.500000000000	0.000000000334
136.000000000000	0.000000000318
136.500000000000	0.000000000265
137.000000000000	0.000000000283
137.500000000000	0.000000000269
138.000000000000	0.000000000331
138.500000000000	0.000000000334
139.000000000000	0.000000000291
139.500000000000	0.000000000278
140.000000000000	0.000000000281
140.500000000000	0.000000000321
141.000000000000	0.000000000304
141.500000000000	0.000000000272
142.000000000000	0.000000000259
142.500000000000	0.000000000298
143.000000000000	0.000000000266
143.500000000000	0.000000000310
144.000000000000	0.000000000186
144.500000000000	0.000000000282
145.000000000000	0.000000000367
145.500000000000	0.000000000337
146.000000000000	0.000000000314
146.500000000000	0.000000000174
147.000000000000	0.000000000268
147.500000000000	0.000000000309
148.000000000000	0.000000000294
148.500000000000	0.000000000307
149.000000000000	0.000000000188
149.500000000000	0.000000000255
150.000000000000	0.000000000311
150.500000000000	0.000000000322
151.000000000000	0.000000000309
151.500000000000	0.000000000206
152.000000000000	0.000000000281
152.500000000000	0.000000000317
153.000000000000	0.000000000383
153.500000000000	0.000000000276
154.000000000000	0.000000000282
154.500000000000	0.000000000314
155.000000000000	0.000000000278
155.500000000000	0.000000000318
156.000000000000	0.000000000295
156.500000000000	0.000000000272
157.000000000000	0.000000000332
157.500000000000	0.000000000243
158.000000000000	0.000000000311
158.500000000000	0.000000000319
159.000000000000	0.000000000264
159.500000000000	0.000000000354
160.000000000000	0.000000000269
160.500000000000	0.000000000303
161.000000000000	0.000000000293
161.500000000000	0.000000000274
162.000000000000	0.000000000359
162.500000000000	0.000000000274
163.000000000000	0.000000000294
163.500000000000	0.000000000318
164.000000000000	0.000000000266
164.500000000000	0.000000000302
165.000000000000	0.000000000270
165.500000000000	0.000000000309
166.000000000000	0.000000000323
166.500000000000	0.000000000318
167.000000000000	0.000000000309
167.500000000000	0.000000000287
168.000000000000	0.000000000291
168.500000000000	0.000000000333
169.000000000000	0.000000000369
169.500000000000	0.000000000293
170.000000000000	0.000000000315
170.500000000000	0.000000000290
171.000000000000	0.000000000313
171.500000000000	0.000000000340
172.000000000000	0.000000000267
172.500000000000	0.000000000300
173.000000000000	0.000000000277
173.500000000000	0.000000000310
174.000000000000	0.000000000326
174.500000000000	0.000000000274
175.000000000000	0.000000000290
175.500000000000	0.000000000276
176.000000000000	0.000000000310
176.500000000000	0.000000000309
177.000000000000	0.000000000281
177.500000000000	0.000000000245
178.000000000000	0.000000000249
178.500000000000	0.000000000284
179.000000000000	0.000000000327
179.500000000000	0.000000000282
180.000000000000	0.000000000257
180.500000000000	0.000000000296
181.000000000000	0.000000000315
181.500000000000	0.000000000372
182.000000000000	0.000000000330
182.500000000000	0.000000000315
183.000000000000	0.000000000305
183.500000000000	0.000000000318
184.000000000000	0.000000000357
184.500000000000	0.000000000362
185.000000000000	0.000000000350
185.500000000000	0.000000000281
186.000000000000	0.000000000307
186.500000000000	0.000000000330
187.000000000000	0.000000000367
187.500000000000	0.000000000350
188.000000000000	0.000000000288
188.500000000000	0.000000000299
189.000000000000	0.000000000399
189.500000000000	0.000000000365
190.000000000000	0.000000000285
190.500000000000	0.000000000310
191.000000000000	0.000000000293
191.500000000000	0.000000000380
192.000000000000	0.000000000326
192.500000000000	0.000000000316
193.000000000000	0.000000000289
193.500000000000	0.000000000271
194.000000000000	0.000000000313
194.500000000000	0.000000000311
195.000000000000	0.000000000308
195.500000000000	0.000000000313
196.000000000000	0.000000000304
196.500000000000	0.000000000290
197.000000000000	0.000000000298
197.500000000000	0.000000000273
198.000000000000	0.000000000291
198.500000000000	0.000000000268
199.000000000000	0.000000000230
199.500000000000	0.000000000280
200.000000000000	0.000000000300
200.500000000000	0.000000000284
201.000000000000	0.000000000271
201.500000000000	0.000000000236
202.000000000000	0.000000000273
202.500000000000	0.000000000285
203.000000000000	0.000000000298
203.500000000000	0.000000000294
204.000000000000	0.000000000291
204.500000000000	0.000000000377
205.000000000000	0.000000000356
205.500000000000	0.000000000336
206.000000000000	0.000000000323
206.500000000000	0.000000000288
207.000000000000	0.000000000323
207.500000000000	0.000000000302
208.000000000000	0.000000000341
208.500000000000	0.000000000298
209.000000000000	0.000000000253
209.500000000000	0.000000000316
210.000000000000	0.000000000265
210.500000000000	0.000000000319
211.000000000000	0.000000000303
211.500000000000	0.000000000243
212.000000000000	0.000000000306
212.500000000000	0.000000000324
213.000000000000	0.000000000328
213.500000000000	0.000000000303
214.000000000000	0.000000000227
214.500000000000	0.000000000299
215.000000000000	0.000000000323
215.500000000000	0.000000000342
216.000000000000	0.000000000304
216.500000000000	0.000000000213
217.000000000000	0.000000000282
217.500000000000	0.000000000304
218.000000000000	0.000000000317
218.500000000000	0.000000000288
219.000000000000	0.000000000221
219.500000000000	0.000000000243
220.000000000000	0.000000000287
220.500000000000	0.000000000317
221.000000000000	0.000000000278
221.500000000000	0.000000000254
222.000000000000	0.000000000236
222.500000000000	0.000000000261
223.000000000000	0.000000000288
223.500000000000	0.000000000285
224.000000000000	0.000000000196
224.500000000000	0.000000000219
225.000000000000	0.000000000298
225.500000000000	0.000000000293
226.000000000000	0.000000000324
226.500000000000	0.000000000258
227.000000000000	0.000000000249
227.500000000000	0.000000000305
228.000000000000	0.000000000347
228.500000000000	0.000000000275
229.000000000000	0.000000000240
229.500000000000	0.000000000267
230.000000000000	0.000000000289
230.500000000000	0.000000000284
231.000000000000	0.000000000287
231.500000000000	0.000000000260
232.000000000000	0.000000000245
232.500000000000	0.000000000259
233.000000000000	0.000000000276
233.500000000000	0.000000000293
234.000000000000	0.000000000303
234.500000000000	0.000000000274
235.000000000000	0.000000000276
235.500000000000	0.000000000275
236.000000000000	0.000000000277
236.500000000000	0.000000000297
237.000000000000	0.000000000290
237.500000000000	0.000000000282
238.000000000000	0.000000000262
238.500000000000	0.000000000295
239.000000000000	0.000000000311
239.500000000000	0.000000000284
240.000000000000	0.000000000280
240.500000000000	0.000000000258
241.000000000000	0.000000000284
241.500000000000	0.000000000331
242.000000000000	0.000000000291
242.500000000000	0.000000000274
243.000000000000	0.000000000262
243.500000000000	0.000000000289
244.000000000000	0.000000000323
244.500000000000	0.000000000299
245.000000000000	0.000000000244
245.500000000000	0.000000000248
246.000000000000	0.000000000286
246.500000000000	0.000000000322
247.000000000000	0.000000000297
247.500000000000	0.000000000238
248.000000000000	0.000000000234
248.500000000000	0.000000000276
249.000000000000	0.000000000338
249.500000000000	0.000000000285
250.000000000000	0.000000000235
250.500000000000	0.000000000242
251.000000000000	0.000000000264
251.500000000000	0.000000000332
252.000000000000	0.000000000297
252.500000000000	0.000000000233
253.000000000000	0.000000000222
253.500000000000	0.000000000267
254.000000000000	0.000000000348
254.500000000000	0.000000000274
255.000000000000	0.000000000247
255.500000000000	0.000000000227
256.000000000000	0.000000000251
256.500000000000	0.000000000308
257.000000000000	0.000000000283
257.500000000000	0.000000000259
258.000000000000	0.000000000238
258.500000000000	0.000000000259
259.000000000000	0.000000000188
259.500000000000	0.000000000281
260.000000000000	0.000000000268
260.500000000000	0.000000000245
261.000000000000	0.000000000249
261.500000000000	0.000000000228
262.000000000000	0.000000000311
262.500000000000	0.000000000262
263.000000000000	0.000000000270
263.500000000000	0.000000000268
264.000000000000	0.000000000264
264.500000000000	0.000000000319
265.000000000000	0.000000000260
265.500000000000	0.000000000260
266.000000000000	0.000000000260
266.500000000000	0.000000000304
267.000000000000	0.000000000307
267.500000000000	0.000000000293
268.000000000000	0.000000000253
268.500000000000	0.000000000260
269.000000000000	0.000000000345
269.500000000000	0.000000000298
270.000000000000	0.000000000255
270.500000000000	0.000000000267
271.000000000000	0.000000000278
271.500000000000	0.000000000365
272.000000000000	0.000000000309
272.500000000000	0.000000000289
273.000000000000	0.000000000286
273.500000000000	0.000000000272
274.000000000000	0.000000000310
274.500000000000	0.000000000311
275.000000000000	0.000000000305
275.500000000000	0.000000000296
276.000000000000	0.000000000269
276.500000000000	0.000000000205
277.000000000000	0.000000000285
277.500000000000	0.000000000262
278.000000000000	0.000000000292
278.500000000000	0.000000000257
279.000000000000	0.000000000213
279.500000000000	0.000000000283
280.000000000000	0.000000000267
280.500000000000	0.000000000284
281.000000000000	0.000000000260
281.500000000000	0.000000000270
282.000000000000	0.000000000275
282.500000000000	0.000000000278
283.000000000000	0.000000000293
283.500000000000	0.000000000255
284.000000000000	0.000000000265
284.500000000000	0.000000000267
285.000000000000	0.000000000274
285.500000000000	0.000000000311
286.000000000000	0.000000000246
286.500000000000	0.000000000246
287.000000000000	0.000000000266
287.500000000000	0.000000000283
288.000000000000	0.000000000303
288.500000000000	0.000000000233
289.000000000000	0.000000000199
289.500000000000	0.000000000279
290.000000000000	0.000000000257
290.500000000000	0.000000000281
291.000000000000	0.000000000233
291.500000000000	0.000000000217
292.000000000000	0.000000000282
292.500000000000	0.000000000267
293.000000000000	0.000000000284
293.500000000000	0.000000000250
294.000000000000	0.000000000254
294.500000000000	0.000000000218
295.000000000000	0.000000000277
295.500000000000	0.000000000350
296.000000000000	0.000000000274
296.500000000000	0.000000000212
297.000000000000	0.000000000213
297.500000000000	0.000000000272
298.000000000000	0.000000000271
298.500000000000	0.000000000430
299.000000000000	0.000000000181
299.500000000000	0.000000000246
300.000000000000	0.000000000288
300.500000000000	0.000000000243
301.000000000000	0.000000000270
301.500000000000	0.000000000214
302.000000000000	0.000000000280
302.500000000000	0.000000000206
303.000000000000	0.000000000252
303.500000000000	0.000000000277
304.000000000000	0.000000000262
304.500000000000	0.000000000188
305.000000000000	0.000000000268
305.500000000000	0.000000000233
306.000000000000	0.000000000269
306.500000000000	0.000000000301
307.000000000000	0.000000000174
307.500000000000	0.000000000238
308.000000000000	0.000000000250
308.500000000000	0.000000000260
309.000000000000	0.000000000284
309.500000000000	0.000000000300
310.000000000000	0.000000000332
310.500000000000	0.000000000161
311.000000000000	0.000000000338
311.500000000000	0.000000000216
312.000000000000	0.000000000261
312.500000000000	0.000000000245
313.000000000000	0.000000000215
313.500000000000	0.000000000261
314.000000000000	0.000000000274
314.500000000000	0.000000000284
315.000000000000	0.000000000247
315.500000000000	0.000000000222
316.000000000000	0.000000000279
316.500000000000	0.000000000280
317.000000000000	0.000000000250
317.500000000000	0.000000000231
318.000000000000	0.000000000228
318.500000000000	0.000000000267
319.000000000000	0.000000000287
319.500000000000	0.000000000636
320.000000000000	0.000000000031
320.500000000000	0.000000000298
321.000000000000	0.000000000398
321.500000000000	0.000000000394
322.000000000000	0.000000000069
322.500000000000	0.000000000424
323.000000000000	0.000000000590
323.500000000000	0.000000000732
324.000000000000	0.000000000483
324.500000000000	0.000000000376
325.000000000000	0.000000000287
325.500000000000	0.000000000207
326.000000000000	0.000000000357
326.500000000000	0.000000000376
327.000000000000	0.000000000402
327.500000000000	0.000000000342
328.000000000000	0.000000000332
328.500000000000	0.000000000364
329.000000000000	0.000000000350
329.500000000000	0.000000000329
330.000000000000	0.000000000335
330.500000000000	-0.000000000074
331.000000000000	-0.000000000105
331.500000000000	-0.000000000248
332.000000000000	-0.000000000210
332.500000000000	-0.000000000234
333.000000000000	-0.000000000209
333.500000000000	-0.000000000191
334.000000000000	-0.000000000004
334.500000000000	-0.000000000137
335.000000000000	-0.000000000225
335.500000000000	-0.000000000161
336.000000000000	-0.000000000055
336.500000000000	-0.000000000176
337.000000000000	-0.000000000158
337.500000000000	-0.000000000192
338.000000000000	-0.000000000178
338.500000000000	-0.000000000174
339.000000000000	-0.000000000146
339.500000000000	-0.000000000123
340.000000000000	-0.000000000187
340.500000000000	-0.000000000188
341.000000000000	-0.000000000192
341.500000000000	-0.000000000159
342.000000000000	-0.000000000124
342.500000000000	-0.000000000152
343.000000000000	-0.000000000178
343.500000000000	-0.000000000186
344.000000000000	-0.000000000138
344.500000000000	-0.000000000120
345.000000000000	-0.000000000183
345.500000000000	-0.000000000196
346.000000000000	-0.000000000189
346.500000000000	-0.000000000171
347.000000000000	-0.000000000111
347.500000000000	-0.000000000134
348.000000000000	-0.000000000170
348.500000000000	-0.000000000191
349.000000000000	-0.000000000154
349.500000000000	-0.000000000068
350.000000000000	-0.000000000275
350.500000000000	-0.000000000145
351.000000000000	-0.000000000174
351.500000000000	-0.000000000146
352.000000000000	-0.000000000084
352.500000000000	-0.000000000168
353.000000000000	-0.000000000128
353.500000000000	-0.000000000173
354.000000000000	-0.000000000150
354.500000000000	-0.000000000083
355.000000000000	-0.000000000140
355.500000000000	-0.000000000130
356.000000000000	-0.000000000166
356.500000000000	-0.000000000157
357.000000000000	-0.000000000100
357.500000000000	-0.000000000151
358.000000000000	-0.000000000104
358.500000000000	-0.000000000164
359.000000000000	-0.000000000144
359.500000000000	-0.000000000056
360.000000000000	-0.000000000123
360.500000000000	-0.000000000095
361.000000000000	-0.000000000161
361.500000000000	-0.000000000188
362.000000000000	-0.000000000105
362.500000000000	-0.000000000137
363.000000000000	-0.000000000072
363.500000000000	-0.000000000178
364.000000000000	-0.000000000163
364.500000000000	-0.000000000097
365.000000000000	-0.000000000129
365.500000000000	-0.000000000099
366.000000000000	-0.000000000154
366.500000000000	-0.000000000141
367.000000000000	-0.000000000117
367.500000000000	-0.000000000121
368.000000000000	-0.000000000087
368.500000000000	-0.000000000164
369.000000000000	-0.000000000145
369.500000000000	-0.000000000122
370.000000000000	-0.000000000141
370.500000000000	-0.000000000102
371.000000000000	-0.000000000146
371.500000000000	-0.000000000155
372.000000000000	-0.000000000142
372.500000000000	-0.000000000130
373.000000000000	-0.000000000108
373.500000000000	-0.000000000135
374.000000000000	-0.000000000130
374.500000000000	-0.000000000127
375.000000000000	-0.000000000136
375.500000000000	-0.000000000082
376.000000000000	-0.000000000159
376.500000000000	-0.000000000126
377.000000000000	-0.000000000124
377.500000000000	-0.000000000210
378.000000000000	-0.000000000125
378.500000000000	-0.000000000146
379.000000000000	-0.000000000136
379.500000000000	-0.000000000133
380.000000000000	-0.000000000131
380.500000000000	-0.000000000129
381.000000000000	-0.000000000073
381.500000000000	-0.000000000124
382.000000000000	-0.000000000161
382.500000000000	-0.000000000118
383.000000000000	-0.000000000158
383.500000000000	-0.000000000139
384.000000000000	-0.000000000166
384.500000000000	-0.000000000175
385.000000000000	-0.000000000144
385.500000000000	-0.000000000171
386.000000000000	-0.000000000166
386.500000000000	-0.000000000144
387.000000000000	-0.000000000171
387.500000000000	-0.000000000295
388.000000000000	-0.000000000195
388.500000000000	-0.000000000073
389.000000000000	-0.000000000201
389.500000000000	-0.000000000154
390.000000000000	-0.000000000176
390.500000000000	-0.000000000193
391.000000000000	-0.000000000138
391.500000000000	-0.000000000173
392.000000000000	-0.000000000177
392.500000000000	-0.000000000099
393.000000000000	-0.000000000238
393.500000000000	-0.000000000163
394.000000000000	-0.000000000239
394.500000000000	-0.000000000240
395.000000000000	-0.000000000205
395.500000000000	-0.000000000232
396.000000000000	-0.000000000181
396.500000000000	-0.000000000169
397.000000000000	-0.000000000150
397.500000000000	-0.000000000091
398.000000000000	0.000000000978
398.500000000000	0.000000002179
399.000000000000	0.000000003974
399.500000000000	0.000000003969
400.000000000000	0.000000003916
400.500000000000	0.000000004084
401.000000000000	0.000000003709
401.500000000000	0.000000003738
402.000000000000	0.000000003698
402.500000000000	0.000000003613
403.000000000000	0.000000003683
403.500000000000	0.000000003628
404.000000000000	0.000000003607
404.500000000000	0.000000003604
405.000000000000	0.000000003654
405.500000000000	0.000000003645
406.000000000000	0.000000003602
406.500000000000	0.000000003592
407.000000000000	0.000000003573
407.500000000000	0.000000003613
408.000000000000	0.000000003532
408.500000000000	0.000000003546
409.000000000000	0.000000003555
409.500000000000	0.000000003512
410.000000000000	0.000000003538
410.500000000000	0.000000003562
411.000000000000	0.000000003557
411.500000000000	0.000000003519
412.000000000000	0.000000003488
412.500000000000	0.000000003512
413.000000000000	0.000000003496
413.500000000000	0.000000003484
414.000000000000	0.000000003471
414.500000000000	0.000000003432
415.000000000000	0.000000003470
415.500000000000	0.000000003520
416.000000000000	0.000000003446
416.500000000000	0.000000003448
417.000000000000	0.000000003446
417.500000000000	0.000000003592
418.000000000000	0.000000003654
418.500000000000	0.000000003159
419.000000000000	0.000000003377
419.500000000000	0.000000003383
420.000000000000	0.000000003410
420.500000000000	0.000000003451
421.000000000000	0.000000003331
421.500000000000	0.000000003397
422.000000000000	0.000000003377
422.500000000000	0.000000003424
423.000000000000	0.000000003434
423.500000000000	0.000000003375
424.000000000000	0.000000003376
424.500000000000	0.000000003359
425.000000000000	0.000000003383
425.500000000000	0.000000003423
426.000000000000	0.000000003359
426.500000000000	0.000000003344
427.000000000000	0.000000003360
427.500000000000	0.000000003330
428.000000000000	0.000000003415
428.500000000000	0.000000003342
429.000000000000	0.000000003327
429.500000000000	0.000000003361
430.000000000000	0.000000003337
430.500000000000	0.000000003451
431.000000000000	0.000000003327
431.500000000000	0.000000003347
432.000000000000	0.000000003362
432.500000000000	0.000000003371
433.000000000000	0.000000003418
433.500000000000	0.000000003352
434.000000000000	0.000000003309
434.500000000000	0.000000003275
435.000000000000	0.000000003320
435.500000000000	0.000000003354
436.000000000000	0.000000003299
436.500000000000	0.000000003286
437.000000000000	0.000000003290
437.500000000000	0.000000003311
438.000000000000	0.000000003348
438.500000000000	0.000000003287
439.000000000000	0.000000003259
439.500000000000	0.000000003297
440.000000000000	0.000000003311
440.500000000000	0.000000003319
441.000000000000	0.000000003262
441.500000000000	0.000000003264
442.000000000000	0.000000003248
442.500000000000	0.000000003249
443.000000000000	0.000000003284
443.500000000000	0.000000003224
444.000000000000	0.000000003224
444.500000000000	0.000000003247
445.000000000000	0.000000003262
445.500000000000	0.000000003281
446.000000000000	0.000000003250
446.500000000000	0.000000003239
447.000000000000	0.000000003279
447.500000000000	0.000000003275
448.000000000000	0.000000003215
448.500000000000	0.000000003221
449.000000000000	0.000000003280
449.500000000000	0.000000003223
450.000000000000	0.000000003225
450.500000000000	0.000000003199
451.000000000000	0.000000003284
451.500000000000	0.000000003223
452.000000000000	0.000000003208
452.500000000000	0.000000003284
453.000000000000	0.000000003204
453.500000000000	0.000000003234
454.000000000000	0.000000003211
454.500000000000	0.000000003202
455.000000000000	0.000000003249
455.500000000000	0.000000003269
456.000000000000	0.000000003263
456.500000000000	0.000000003204
457.000000000000	0.000000003152
457.500000000000	0.000000003190
458.000000000000	0.000000003234
458.500000000000	0.000000003213
459.000000000000	0.000000003145
459.500000000000	0.000000003142
460.000000000000	0.000000003231
460.500000000000	0.000000003226
461.000000000000	0.000000003198
461.500000000000	0.000000003265
462.000000000000	0.000000003157
462.500000000000	0.000000003236
463.000000000000	0.000000003185
463.500000000000	0.000000003209
464.000000000000	0.000000003204
464.500000000000	0.000000003179
465.000000000000	0.000000003211
465.500000000000	0.000000003191
466.000000000000	0.000000003232
466.500000000000	0.000000003221
467.000000000000	0.000000003198
467.500000000000	0.000000003207
468.000000000000	0.000000003161
468.500000000000	0.000000003248
469.000000000000	0.000000003239
469.500000000000	0.000000003197
470.000000000000	0.000000003225
470.500000000000	0.000000003165
471.000000000000	0.000000003219
471.500000000000	0.000000003221
472.000000000000	0.000000003172
472.500000000000	0.000000003192
473.000000000000	0.000000003188
473.500000000000	0.000000003292
474.000000000000	0.000000003225
474.500000000000	0.000000003144
475.000000000000	0.000000003190
475.500000000000	0.000000003209
476.000000000000	0.000000003226
476.500000000000	0.000000003236
477.000000000000	0.000000003149
477.500000000000	0.000000003174
478.000000000000	0.000000003209
478.500000000000	0.000000003238
479.000000000000	0.000000003200
479.500000000000	0.000000003224
480.000000000000	0.000000003189
480.500000000000	0.000000003220
481.000000000000	0.000000003227
481.500000000000	0.000000003195
482.000000000000	0.000000003179
482.500000000000	0.000000003209
483.000000000000	0.000000003219
483.500000000000	0.000000003204
484.000000000000	0.000000003238
484.500000000000	0.000000003203
485.000000000000	0.000000003176
485.500000000000	0.000000003208
486.000000000000	0.000000003131
486.500000000000	0.000000003213
487.000000000000	0.000000003199
487.500000000000	0.000000003182
488.000000000000	0.000000003140
488.500000000000	0.000000003194
489.000000000000	0.000000003223
489.500000000000	0.000000003163
490.000000000000	0.000000003172
490.500000000000	0.000000003189
491.000000000000	0.000000003199
491.500000000000	0.000000003189
492.000000000000	0.000000003186
492.500000000000	0.000000003155
493.000000000000	0.000000003177
493.500000000000	0.000000003223
494.000000000000	0.000000003165
494.500000000000	0.000000003147
495.000000000000	0.000000003145
495.500000000000	0.000000003145
496.000000000000	0.000000003127
496.500000000000	0.000000003165
497.000000000000	0.000000003137
497.500000000000	0.000000003204
498.000000000000	0.000000003082
498.500000000000	0.000000003200
499.000000000000	0.000000003209
499.500000000000	0.000000003152
500.000000000000	0.000000003192
500.500000000000	0.000000003141
501.000000000000	0.000000003237
501.500000000000	0.000000003312
502.000000000000	0.000000003165
502.500000000000	0.000000003179
503.000000000000	0.000000003200
503.500000000000	0.000000003182
504.000000000000	0.000000003403
504.500000000000	0.000000002675
505.000000000000	0.000000002971
505.500000000000	0.000000003042
506.000000000000	0.000000003111
506.500000000000	0.000000003395
507.000000000000	0.000000003379
507.500000000000	0.000000003189
508.000000000000	0.000000003180
508.500000000000	0.000000003172
509.000000000000	0.000000003171
509.500000000000	0.000000003212
510.000000000000	0.000000003146
510.500000000000	0.000000003178
511.000000000000	0.000000003151
511.500000000000	0.000000003196
512.000000000000	0.000000003189
512.500000000000	0.000000003122
513.000000000000	0.000000003138
513.500000000000	0.000000003107
514.000000000000	0.000000003108
514.500000000000	0.000000003153
515.000000000000	0.000000003114
515.500000000000	0.000000003130
516.000000000000	0.000000003109
516.500000000000	0.000000003119
517.000000000000	0.000000003138
517.500000000000	0.000000003121
518.000000000000	0.000000003159
518.500000000000	0.000000003105
519.000000000000	0.000000003131
519.500000000000	0.000000002916
520.000000000000	0.000000002845
520.500000000000	0.000000003084
521.000000000000	0.000000003021
521.500000000000	0.000000003098
522.000000000000	0.000000003134
522.500000000000	0.000000003115
523.000000000000	0.000000003176
523.500000000000	0.000000003058
524.000000000000	0.000000003118
524.500000000000	0.000000003259
525.000000000000	0.000000003140
525.500000000000	0.000000003120
526.000000000000	0.000000003087
526.500000000000	0.000000003129
527.000000000000	0.000000003173
527.500000000000	0.000000003125
528.000000000000	0.000000003158
528.500000000000	0.000000003068
529.000000000000	0.000000003069
529.500000000000	0.000000003166
530.000000000000	0.000000003109
530.500000000000	0.000000003121
531.000000000000	0.000000003088
531.500000000000	0.000000003097
532.000000000000	0.000000003167
532.500000000000	0.000000003146
533.000000000000	0.000000003105
533.500000000000	0.000000003091
534.000000000000	0.000000003078
534.500000000000	0.000000003101
535.000000000000	0.000000003125
535.500000000000	0.000000003078
536.000000000000	0.000000003095
536.500000000000	0.000000003092
537.000000000000	0.000000003058
537.500000000000	0.000000003120
538.000000000000	0.000000003077
538.500000000000	0.000000003091
539.000000000000	0.000000003071
539.500000000000	0.000000003022
540.000000000000	0.000000003095
540.500000000000	0.000000003080
541.000000000000	0.000000003063
541.500000000000	0.000000003088
542.000000000000	0.000000003034
542.500000000000	0.000000003089
543.000000000000	0.000000003069
543.500000000000	0.000000003085
544.000000000000	0.000000003060
544.500000000000	0.000000003020
545.000000000000	0.000000003109
545.500000000000	0.000000003065
546.000000000000	0.000000003063
546.500000000000	0.000000003092
547.000000000000	0.000000003031
547.500000000000	0.000000003007
548.000000000000	0.000000003042
548.500000000000	0.000000003055
549.000000000000	0.000000003103
549.500000000000	0.000000003018
550.000000000000	0.000000003113
550.500000000000	0.000000003060
551.000000000000	0.000000003095
551.500000000000	0.000000003072
552.000000000000	0.000000003101
552.500000000000	0.000000003096
553.000000000000	0.000000003121
553.500000000000	0.000000003122
554.000000000000	0.000000003099
554.500000000000	0.000000003091
555.000000000000	0.000000003050
555.500000000000	0.000000003070
556.000000000000	0.000000003120
556.500000000000	0.000000003079
557.000000000000	0.000000003151
557.500000000000	0.000000003231
558.000000000000	0.000000003095
558.500000000000	0.000000003124
559.000000000000	0.000000003106
559.500000000000	0.000000003048
560.000000000000	0.000000003097
560.500000000000	0.000000003027
561.000000000000	0.000000003111
561.500000000000	0.000000003093
562.000000000000	0.000000003115
562.500000000000	0.000000003091
563.000000000000	0.000000003049
563.500000000000	0.000000003094
564.000000000000	0.000000003086
564.500000000000	0.000000003095
565.000000000000	0.000000003064
565.500000000000	0.000000003039
566.000000000000	0.000000003135
566.500000000000	0.000000003063
567.000000000000	0.000000003080
567.500000000000	0.000000003033
568.000000000000	0.000000003032
568.500000000000	0.000000003082
569.000000000000	0.000000003055
569.500000000000	0.000000003045
570.000000000000	0.000000003037
570.500000000000	0.000000003042
571.000000000000	0.000000003065
571.500000000000	0.000000003031
572.000000000000	0.000000002960
572.500000000000	0.000000002946
573.000000000000	0.000000003166
573.500000000000	0.000000003204
574.000000000000	0.000000003122
574.500000000000	0.000000003109
575.000000000000	0.000000003025
575.500000000000	0.000000002997
576.000000000000	0.000000003053
576.500000000000	0.000000003026
577.000000000000	0.000000002996
577.500000000000	0.000000003010
578.000000000000	0.000000003021
578.500000000000	0.000000003060
579.000000000000	0.000000003054
579.500000000000	0.000000003032
580.000000000000	0.000000002996
580.500000000000	0.000000003011
581.000000000000	0.000000003032
581.500000000000	0.000000003028
582.000000000000	0.000000003008
582.500000000000	0.000000003000
583.000000000000	0.000000002994
583.500000000000	0.000000003012
584.000000000000	0.000000003043
584.500000000000	0.000000003059
585.000000000000	0.000000002992
585.500000000000	0.000000003036
586.000000000000	0.000000003040
586.500000000000	0.000000003048
587.000000000000	0.000000003084
587.500000000000	0.000000002982
588.000000000000	0.000000003048
588.500000000000	0.000000002991
589.000000000000	0.000000003008
589.500000000000	0.000000003053
590.000000000000	0.000000002980
590.500000000000	0.000000003037
591.000000000000	0.000000002992
591.500000000000	0.000000003016
592.000000000000	0.000000003070
592.500000000000	0.000000002979
593.000000000000	0.000000002998
593.500000000000	0.000000002978
594.000000000000	0.000000002999
594.500000000000	0.000000003080
595.000000000000	0.000000002981
595.500000000000	0.000000002982
596.000000000000	0.000000002983
596.500000000000	0.000000002996
597.000000000000	0.000000003067
597.500000000000	0.000000002968
598.000000000000	0.000000002966
598.500000000000	0.000000002941
599.000000000000	0.000000002991
599.500000000000	0.000000003045
600.000000000000	0.000000002873
600.500000000000	0.000000002932
601.000000000000	0.000000003215
601.500000000000	0.000000003256
602.000000000000	0.000000003140
602.500000000000	0.000000003139
603.000000000000	0.000000002916
603.500000000000	0.000000002915
604.000000000000	0.000000002962
604.500000000000	0.000000003000
605.000000000000	0.000000002973
605.500000000000	0.000000002945
606.000000000000	0.000000002941
606.500000000000	0.000000002966
607.000000000000	0.000000003021
607.500000000000	0.000000002951
608.000000000000	0.000000002957
608.500000000000	0.000000002933
609.000000000000	0.000000002969
609.500000000000	0.000000002938
610.000000000000	0.000000002972
610.500000000000	0.000000002941
611.000000000000	0.000000002920
611.500000000000	0.000000002987
612.000000000000	0.000000002940
612.500000000000	0.000000002948
613.000000000000	0.000000002957
613.500000000000	0.000000002923
614.000000000000	0.000000002928
614.500000000000	0.000000002939
615.000000000000	0.000000002928
615.500000000000	0.000000002987
616.000000000000	0.000000002932
616.500000000000	0.000000002954
617.000000000000	0.000000002962
617.500000000000	0.000000002951
618.000000000000	0.000000002931
618.500000000000	0.000000002911
619.000000000000	0.000000002940
619.500000000000	0.000000002949
620.000000000000	0.000000002967
620.500000000000	0.000000002966
621.000000000000	0.000000002929
621.500000000000	0.000000002958
622.000000000000	0.000000002918
622.500000000000	0.000000002927
623.000000000000	0.000000002933
623.500000000000	0.000000002923
624.000000000000	0.000000002969
624.500000000000	0.000000002931
625.000000000000	0.000000002947
625.500000000000	0.000000002939
626.000000000000	0.000000002919
626.500000000000	0.000000002953
627.000000000000	0.000000002913
627.500000000000	0.000000002956
628.000000000000	0.000000002983
628.500000000000	0.000000002932
629.000000000000	0.000000002966
629.500000000000	0.000000002996
630.000000000000	0.000000002973
630.500000000000	0.000000003007
631.000000000000	0.000000002813
631.500000000000	0.000000002968
632.000000000000	0.000000002956
632.500000000000	0.000000002939
633.000000000000	0.000000002949
633.500000000000	0.000000002925
634.000000000000	0.000000002954
634.500000000000	0.000000002998
635.000000000000	0.000000002981
635.500000000000	0.000000002953
636.000000000000	0.000000002959
636.500000000000	0.000000002956
637.000000000000	0.000000002998
637.500000000000	0.000000002982
638.000000000000	0.000000002973
638.500000000000	0.000000002923
639.000000000000	0.000000002939
639.500000000000	0.000000002946
640.000000000000	0.000000002978
640.500000000000	0.000000002727
641.000000000000	0.000000002882
641.500000000000	0.000000003043
642.000000000000	0.000000002937
642.500000000000	0.000000002954
643.000000000000	0.000000002970
643.500000000000	0.000000002933
644.000000000000	0.000000002942
644.500000000000	0.000000002940
645.000000000000	0.000000002927
645.500000000000	0.000000002954
646.000000000000	0.000000002912
646.500000000000	0.000000002951
647.000000000000	0.000000002937
647.500000000000	0.000000002967
648.000000000000	0.000000002953
648.500000000000	0.000000002940
649.000000000000	0.000000002946
649.500000000000	0.000000002964
650.000000000000	0.000000002969
650.500000000000	0.000000002968
651.000000000000	0.000000002907
651.500000000000	0.000000002957
652.000000000000	0.000000002954
652.500000000000	0.000000002980
653.000000000000	0.000000002956
653.500000000000	0.000000002962
654.000000000000	0.000000002932
654.500000000000	0.000000003038
655.000000000000	0.000000002976
655.500000000000	0.000000002951
656.000000000000	0.000000002907
656.500000000000	0.000000002925
657.000000000000	0.000000002920
657.500000000000	0.000000002956
658.000000000000	0.000000002915
658.500000000000	0.000000002884
659.000000000000	0.000000002930
659.500000000000	0.000000002926
