Voltage   	Current	
19.986670	4.992636E-9
19.001280	4.407546E-9
18.000700	4.162751E-9
17.001230	3.967147E-9
16.000870	3.762384E-9
15.001240	3.534241E-9
14.000910	3.322997E-9
13.001280	3.161049E-9
12.001270	2.919136E-9
11.001670	2.684920E-9
10.001270	2.477980E-9
9.001885	2.292903E-9
8.001405	2.085812E-9
7.000229	1.903871E-9
6.001363	1.699867E-9
5.000299	1.510590E-9
4.001119	1.365443E-9
3.000523	1.237302E-9
2.001644	1.065737E-9
1.000623	9.527277E-10
0.001275	2.836340E-9
0.998945	9.467053E-10
1.999502	1.010725E-9
2.998412	8.439187E-10
3.999244	6.507442E-10
4.998376	4.739169E-10
5.999389	3.693083E-10
6.998432	2.649020E-10
7.999259	1.873139E-10
8.999431	1.084079E-10
9.998851	4.286374E-11
10.999550	-2.718492E-11
11.999160	-8.883186E-11
12.999380	-1.243624E-10
13.998650	-1.829727E-10
14.999210	-2.216915E-10
15.998260	-2.626885E-10
16.998710	-3.123908E-10
17.998170	-3.646742E-10
18.998770	-3.809210E-10
