Voltage   	Current	
14.991560	1.292914E-9
14.000020	1.187243E-9
13.000360	1.181473E-9
11.999910	1.200098E-9
11.000350	1.190937E-9
9.999790	1.170694E-9
9.000538	1.139316E-9
8.000006	1.136583E-9
6.999436	1.061531E-9
6.000586	1.114315E-9
4.999788	1.088556E-9
4.000630	1.053534E-9
2.999935	1.081622E-9
2.000485	1.032532E-9
0.999854	1.023422E-9
0.000237	9.848083E-10
0.998134	9.418414E-10
1.998682	9.212439E-10
2.997931	9.739271E-10
3.998617	9.157274E-10
4.997926	8.898666E-10
5.998938	8.565156E-10
6.997972	8.466974E-10
7.998569	8.418392E-10
8.998937	8.084370E-10
9.998357	7.845505E-10
10.998580	7.745298E-10
11.998280	7.041842E-10
12.998630	7.049431E-10
13.998160	6.739706E-10
