Voltage   	Current	
29.981970	-1.133540E-9
29.000660	-6.740220E-10
28.001230	-6.149565E-10
27.001100	-6.085283E-10
26.001610	-5.742128E-10
25.001220	-5.465276E-10
24.001580	-5.263839E-10
23.001130	-5.040630E-10
22.000680	-4.676717E-10
21.001140	-4.284467E-10
20.000900	-4.010649E-10
19.001670	-3.655851E-10
18.001100	-3.173510E-10
17.001800	-2.601577E-10
16.001170	-1.950691E-10
15.001840	-1.360537E-10
14.001190	-4.343192E-11
13.002110	4.362298E-11
12.001530	1.489997E-10
11.001940	2.693556E-10
10.001320	3.829726E-10
9.001928	5.583327E-10
8.001199	7.055032E-10
7.000478	8.617331E-10
6.001389	1.040383E-9
5.000436	1.227382E-9
4.001115	1.431488E-9
3.000459	1.791418E-9
2.001073	2.046489E-9
1.000387	1.922344E-9
0.000936	2.026801E-9
0.998704	5.024602E-10
1.999159	8.170457E-10
2.998399	1.095749E-9
3.999411	1.352943E-9
4.998278	1.594651E-9
5.999101	1.831096E-9
6.998067	2.061062E-9
7.998822	2.266434E-9
8.999276	2.470236E-9
9.998674	2.606526E-9
10.999470	2.789528E-9
11.999060	2.971165E-9
12.999630	3.125013E-9
13.998740	3.284787E-9
14.999250	3.450580E-9
15.998440	3.561313E-9
16.999070	3.706054E-9
17.998310	3.845836E-9
18.998640	3.991590E-9
19.997990	4.072819E-9
20.998130	4.242004E-9
21.997920	4.367362E-9
22.998380	4.482749E-9
23.999040	4.566813E-9
24.998310	4.623545E-9
25.999260	4.782607E-9
26.998520	4.901033E-9
27.998560	5.008727E-9
28.998180	5.142031E-9
