t (s)	Ids (Amps)
0.000000000000	0.000000014660
0.500000000000	0.000000014656
1.000000000000	0.000000014670
1.500000000000	0.000000014680
2.000000000000	0.000000014692
2.500000000000	0.000000014722
3.000000000000	0.000000014718
3.500000000000	0.000000014763
4.000000000000	0.000000014704
4.500000000000	0.000000014692
5.000000000000	0.000000014721
5.500000000000	0.000000014690
6.000000000000	0.000000014696
6.500000000000	0.000000014693
7.000000000000	0.000000014675
7.500000000000	0.000000014686
8.000000000000	0.000000014723
8.500000000000	0.000000014712
9.000000000000	0.000000014731
9.500000000000	0.000000014722
10.000000000000	0.000000014725
10.500000000000	0.000000014736
11.000000000000	0.000000014731
11.500000000000	0.000000014754
12.000000000000	0.000000014741
12.500000000000	0.000000014742
13.000000000000	0.000000014747
13.500000000000	0.000000014733
14.000000000000	0.000000014718
14.500000000000	0.000000014711
15.000000000000	0.000000014727
15.500000000000	0.000000014748
16.000000000000	0.000000014752
16.500000000000	0.000000014754
17.000000000000	0.000000014760
17.500000000000	0.000000014770
18.000000000000	0.000000014801
18.500000000000	0.000000014798
19.000000000000	0.000000014785
19.500000000000	0.000000014778
20.000000000000	0.000000014799
20.500000000000	0.000000014792
21.000000000000	0.000000014818
21.500000000000	0.000000014813
22.000000000000	0.000000014835
22.500000000000	0.000000014828
23.000000000000	0.000000014818
23.500000000000	0.000000014844
24.000000000000	0.000000014841
24.500000000000	0.000000014849
25.000000000000	0.000000025917
25.500000000000	0.000000025380
26.000000000000	0.000000025160
26.500000000000	0.000000025008
27.000000000000	0.000000024889
27.500000000000	0.000000024774
28.000000000000	0.000000024680
28.500000000000	0.000000024621
29.000000000000	0.000000024533
29.500000000000	0.000000024467
30.000000000000	0.000000012111
30.500000000000	0.000000012495
31.000000000000	0.000000012733
31.500000000000	0.000000012944
32.000000000000	0.000000013008
32.500000000000	0.000000013170
33.000000000000	0.000000013289
33.500000000000	0.000000013363
34.000000000000	0.000000013436
34.500000000000	0.000000013503
35.000000000000	0.000000013561
35.500000000000	0.000000013576
36.000000000000	0.000000013639
36.500000000000	0.000000013671
37.000000000000	0.000000013712
37.500000000000	0.000000013713
38.000000000000	0.000000013753
38.500000000000	0.000000013793
39.000000000000	0.000000013789
39.500000000000	0.000000013860
40.000000000000	0.000000013824
40.500000000000	0.000000013884
41.000000000000	0.000000013872
41.500000000000	0.000000013888
42.000000000000	0.000000013911
42.500000000000	0.000000013936
43.000000000000	0.000000013944
43.500000000000	0.000000013976
44.000000000000	0.000000014008
44.500000000000	0.000000014001
45.000000000000	0.000000014027
45.500000000000	0.000000014028
46.000000000000	0.000000014037
46.500000000000	0.000000014050
47.000000000000	0.000000014060
47.500000000000	0.000000014070
48.000000000000	0.000000014061
48.500000000000	0.000000014093
49.000000000000	0.000000014091
49.500000000000	0.000000014109
50.000000000000	0.000000014105
50.500000000000	0.000000014125
51.000000000000	0.000000014136
51.500000000000	0.000000014138
52.000000000000	0.000000014123
52.500000000000	0.000000014135
53.000000000000	0.000000014138
53.500000000000	0.000000014174
54.000000000000	0.000000013519
54.500000000000	0.000000010946
55.000000000000	0.000000007218
55.500000000000	0.000000004824
56.000000000000	0.000000001820
56.500000000000	0.000000001473
57.000000000000	0.000000000907
57.500000000000	0.000000000599
58.000000000000	0.000000000474
58.500000000000	-0.000000000393
59.000000000000	0.000000000291
59.500000000000	0.000000000288
60.000000000000	0.000000000213
60.500000000000	0.000000000212
61.000000000000	0.000000000216
61.500000000000	0.000000000171
62.000000000000	0.000000000154
62.500000000000	0.000000000137
63.000000000000	0.000000000141
63.500000000000	0.000000000170
64.000000000000	0.000000000165
64.500000000000	0.000000000140
65.000000000000	0.000000000158
65.500000000000	0.000000000131
66.000000000000	0.000000000186
66.500000000000	0.000000000152
67.000000000000	0.000000000158
67.500000000000	0.000000000156
68.000000000000	0.000000000173
68.500000000000	0.000000000211
69.000000000000	0.000000000210
69.500000000000	0.000000000238
70.000000000000	0.000000000232
70.500000000000	0.000000000243
71.000000000000	0.000000000273
71.500000000000	0.000000000299
72.000000000000	0.000000000269
72.500000000000	0.000000000292
73.000000000000	0.000000000309
73.500000000000	0.000000000300
74.000000000000	0.000000000342
74.500000000000	0.000000000362
75.000000000000	0.000000000366
75.500000000000	0.000000000375
76.000000000000	0.000000000468
76.500000000000	0.000000000396
77.000000000000	0.000000000445
77.500000000000	0.000000000498
78.000000000000	0.000000000523
78.500000000000	0.000000000532
79.000000000000	0.000000000600
79.500000000000	0.000000000590
80.000000000000	0.000000000608
80.500000000000	0.000000000678
81.000000000000	0.000000000657
81.500000000000	0.000000000695
82.000000000000	0.000000000728
82.500000000000	0.000000000750
83.000000000000	0.000000000801
83.500000000000	0.000000000856
84.000000000000	0.000000000789
84.500000000000	0.000000000873
85.000000000000	0.000000000944
85.500000000000	0.000000001014
86.000000000000	0.000000001011
86.500000000000	0.000000001086
87.000000000000	0.000000001087
87.500000000000	0.000000001109
88.000000000000	0.000000000586
88.500000000000	0.000000001023
89.000000000000	0.000000000070
89.500000000000	0.000000000142
90.000000000000	0.000000000410
90.500000000000	0.000000001113
91.000000000000	0.000000003877
91.500000000000	0.000000006085
92.000000000000	0.000000008451
92.500000000000	0.000000008334
93.000000000000	0.000000008424
93.500000000000	0.000000008503
94.000000000000	0.000000008658
94.500000000000	0.000000008609
95.000000000000	0.000000008755
95.500000000000	0.000000008811
96.000000000000	0.000000008913
96.500000000000	0.000000009052
97.000000000000	0.000000009067
97.500000000000	0.000000012761
98.000000000000	0.000000007502
98.500000000000	0.000000008568
99.000000000000	0.000000010766
99.500000000000	0.000000012099
100.000000000000	0.000000012458
100.500000000000	0.000000008317
101.000000000000	0.000000008506
101.500000000000	0.000000008971
102.000000000000	0.000000008743
102.500000000000	0.000000008861
103.000000000000	0.000000008903
103.500000000000	0.000000008955
104.000000000000	0.000000009072
104.500000000000	0.000000009108
105.000000000000	0.000000009214
105.500000000000	0.000000009218
106.000000000000	0.000000009270
106.500000000000	0.000000009355
107.000000000000	0.000000009389
107.500000000000	0.000000009451
108.000000000000	0.000000009513
108.500000000000	0.000000009564
109.000000000000	0.000000009605
109.500000000000	0.000000009630
110.000000000000	0.000000009704
110.500000000000	0.000000009791
111.000000000000	0.000000009843
111.500000000000	0.000000009877
112.000000000000	0.000000009890
112.500000000000	0.000000009917
113.000000000000	0.000000009942
113.500000000000	0.000000010015
114.000000000000	0.000000010037
114.500000000000	0.000000010081
115.000000000000	0.000000010145
115.500000000000	0.000000010126
116.000000000000	0.000000010165
116.500000000000	0.000000010232
117.000000000000	0.000000011369
117.500000000000	0.000000013500
118.000000000000	0.000000013918
118.500000000000	0.000000013938
119.000000000000	0.000000013979
119.500000000000	0.000000014015
120.000000000000	0.000000014089
120.500000000000	0.000000014171
121.000000000000	0.000000014196
121.500000000000	0.000000014249
122.000000000000	0.000000014302
122.500000000000	0.000000014325
123.000000000000	0.000000012399
123.500000000000	0.000000010403
124.000000000000	0.000000010501
124.500000000000	0.000000010495
125.000000000000	0.000000010597
125.500000000000	0.000000010601
126.000000000000	0.000000010580
126.500000000000	0.000000010614
127.000000000000	0.000000010642
127.500000000000	0.000000010681
128.000000000000	0.000000010657
128.500000000000	0.000000010726
129.000000000000	0.000000011878
129.500000000000	0.000000011179
130.000000000000	0.000000007449
130.500000000000	0.000000009341
131.000000000000	0.000000009086
131.500000000000	0.000000007292
132.000000000000	0.000000009089
132.500000000000	0.000000009824
133.000000000000	0.000000009481
133.500000000000	0.000000009016
134.000000000000	0.000000009668
134.500000000000	0.000000009413
135.000000000000	0.000000009607
135.500000000000	0.000000011265
136.000000000000	0.000000011288
136.500000000000	0.000000011333
137.000000000000	0.000000011318
137.500000000000	0.000000011321
138.000000000000	0.000000011356
138.500000000000	0.000000011354
139.000000000000	0.000000011395
139.500000000000	0.000000011378
140.000000000000	0.000000011424
140.500000000000	0.000000011437
141.000000000000	0.000000011410
141.500000000000	0.000000011472
142.000000000000	0.000000011449
142.500000000000	0.000000011475
143.000000000000	0.000000011480
143.500000000000	0.000000011497
144.000000000000	0.000000011511
144.500000000000	0.000000011536
145.000000000000	0.000000011557
145.500000000000	0.000000011573
146.000000000000	0.000000006739
146.500000000000	0.000000003236
147.000000000000	0.000000001670
147.500000000000	0.000000000753
148.000000000000	0.000000000348
148.500000000000	-0.000000000457
149.000000000000	0.000000000150
149.500000000000	0.000000000186
150.000000000000	0.000000000295
150.500000000000	0.000000000241
151.000000000000	0.000000000227
151.500000000000	0.000000000294
152.000000000000	0.000000000293
152.500000000000	0.000000000293
153.000000000000	0.000000000308
153.500000000000	0.000000000303
154.000000000000	0.000000000296
154.500000000000	0.000000000331
155.000000000000	0.000000000339
155.500000000000	0.000000000328
156.000000000000	0.000000000361
156.500000000000	0.000000000416
157.000000000000	0.000000000414
157.500000000000	0.000000000414
158.000000000000	0.000000000415
158.500000000000	0.000000000438
159.000000000000	0.000000000421
159.500000000000	0.000000000505
160.000000000000	0.000000000519
160.500000000000	0.000000000546
161.000000000000	0.000000000524
161.500000000000	0.000000000602
162.000000000000	0.000000000584
162.500000000000	0.000000000621
163.000000000000	0.000000000665
163.500000000000	0.000000000648
164.000000000000	0.000000000670
164.500000000000	0.000000000703
165.000000000000	0.000000000726
165.500000000000	0.000000000762
166.000000000000	0.000000000826
166.500000000000	0.000000000810
167.000000000000	0.000000000837
167.500000000000	0.000000000837
168.000000000000	0.000000000918
168.500000000000	0.000000000957
169.000000000000	0.000000000964
169.500000000000	0.000000001018
170.000000000000	0.000000001071
170.500000000000	0.000000000988
171.000000000000	0.000000001019
171.500000000000	0.000000001184
172.000000000000	0.000000001175
172.500000000000	0.000000001210
173.000000000000	0.000000001206
173.500000000000	0.000000001292
174.000000000000	0.000000001267
174.500000000000	0.000000001336
175.000000000000	0.000000001357
175.500000000000	0.000000001401
176.000000000000	0.000000001407
176.500000000000	0.000000001471
177.000000000000	0.000000001197
177.500000000000	0.000000000548
178.000000000000	0.000000000452
178.500000000000	0.000000000711
179.000000000000	0.000000000049
179.500000000000	0.000000000101
180.000000000000	0.000000000392
180.500000000000	0.000000001009
181.000000000000	0.000000002775
181.500000000000	0.000000005590
182.000000000000	0.000000006095
182.500000000000	0.000000006084
183.000000000000	0.000000006102
183.500000000000	0.000000006140
184.000000000000	0.000000006242
184.500000000000	0.000000006336
185.000000000000	0.000000006414
185.500000000000	0.000000006483
186.000000000000	0.000000006578
186.500000000000	0.000000006675
187.000000000000	0.000000006659
187.500000000000	0.000000006771
188.000000000000	0.000000006837
188.500000000000	0.000000006929
189.000000000000	0.000000006941
189.500000000000	0.000000007034
190.000000000000	0.000000007130
190.500000000000	0.000000007148
191.000000000000	0.000000007257
191.500000000000	0.000000007265
192.000000000000	0.000000007338
192.500000000000	0.000000007389
193.000000000000	0.000000007458
193.500000000000	0.000000007462
194.000000000000	0.000000007497
194.500000000000	0.000000007550
195.000000000000	0.000000007567
195.500000000000	0.000000007620
196.000000000000	0.000000007654
196.500000000000	0.000000007729
197.000000000000	0.000000007715
197.500000000000	0.000000007797
198.000000000000	0.000000007798
198.500000000000	0.000000007841
199.000000000000	0.000000007873
199.500000000000	0.000000007904
200.000000000000	0.000000007965
200.500000000000	0.000000008012
201.000000000000	0.000000008058
201.500000000000	0.000000008022
202.000000000000	0.000000008096
202.500000000000	0.000000008106
203.000000000000	0.000000008126
203.500000000000	0.000000008185
204.000000000000	0.000000008205
204.500000000000	0.000000008193
205.000000000000	0.000000008208
205.500000000000	0.000000008289
206.000000000000	0.000000008343
206.500000000000	0.000000006813
207.000000000000	0.000000004016
207.500000000000	0.000000002943
208.000000000000	0.000000002159
208.500000000000	0.000000002179
209.000000000000	0.000000002195
209.500000000000	0.000000002147
210.000000000000	0.000000002150
210.500000000000	0.000000002128
211.000000000000	0.000000002133
211.500000000000	0.000000002094
212.000000000000	0.000000002093
212.500000000000	0.000000002056
213.000000000000	0.000000002020
213.500000000000	0.000000004472
214.000000000000	0.000000008610
214.500000000000	0.000000008574
215.000000000000	0.000000008590
215.500000000000	0.000000008607
216.000000000000	0.000000008576
216.500000000000	0.000000008639
217.000000000000	0.000000008673
217.500000000000	0.000000008700
218.000000000000	0.000000008720
218.500000000000	0.000000008746
219.000000000000	0.000000008753
219.500000000000	0.000000008778
220.000000000000	0.000000008786
220.500000000000	0.000000008792
221.000000000000	0.000000008795
221.500000000000	0.000000008841
222.000000000000	0.000000008894
222.500000000000	0.000000008908
223.000000000000	0.000000008925
223.500000000000	0.000000008960
224.000000000000	0.000000008969
224.500000000000	0.000000008966
225.000000000000	0.000000009007
225.500000000000	0.000000009032
226.000000000000	0.000000009098
226.500000000000	0.000000009091
227.000000000000	0.000000009121
227.500000000000	0.000000009150
228.000000000000	0.000000009150
228.500000000000	0.000000009190
229.000000000000	0.000000009218
229.500000000000	0.000000009244
230.000000000000	0.000000009285
230.500000000000	0.000000009273
231.000000000000	0.000000009279
231.500000000000	0.000000009329
232.000000000000	0.000000009343
232.500000000000	0.000000009360
233.000000000000	0.000000009361
233.500000000000	0.000000009409
234.000000000000	0.000000009363
234.500000000000	0.000000009401
235.000000000000	0.000000009395
235.500000000000	0.000000009412
236.000000000000	0.000000009438
236.500000000000	0.000000009434
237.000000000000	0.000000009461
237.500000000000	0.000000009502
238.000000000000	0.000000009521
238.500000000000	0.000000009503
239.000000000000	0.000000009551
239.500000000000	0.000000009587
240.000000000000	0.000000009586
240.500000000000	0.000000009611
241.000000000000	0.000000009594
241.500000000000	0.000000009590
242.000000000000	0.000000009609
242.500000000000	0.000000009637
243.000000000000	0.000000009633
243.500000000000	0.000000009636
244.000000000000	0.000000009670
244.500000000000	0.000000009650
245.000000000000	0.000000009738
245.500000000000	0.000000009709
246.000000000000	0.000000009750
246.500000000000	0.000000009764
247.000000000000	0.000000009771
247.500000000000	0.000000009770
248.000000000000	0.000000009819
248.500000000000	0.000000009800
249.000000000000	0.000000009831
249.500000000000	0.000000009861
250.000000000000	0.000000009854
250.500000000000	0.000000009875
251.000000000000	0.000000009871
251.500000000000	0.000000009883
252.000000000000	0.000000009909
252.500000000000	0.000000009952
253.000000000000	0.000000009909
253.500000000000	0.000000009899
254.000000000000	0.000000009907
254.500000000000	0.000000009931
255.000000000000	0.000000009926
255.500000000000	0.000000009974
256.000000000000	0.000000009948
256.500000000000	0.000000009975
257.000000000000	0.000000009981
257.500000000000	0.000000009997
258.000000000000	0.000000010003
258.500000000000	0.000000010054
259.000000000000	0.000000010067
259.500000000000	0.000000010074
260.000000000000	0.000000010091
260.500000000000	0.000000010104
261.000000000000	0.000000010121
261.500000000000	0.000000010135
262.000000000000	0.000000010138
262.500000000000	0.000000010134
263.000000000000	0.000000010161
263.500000000000	0.000000010199
264.000000000000	0.000000010172
264.500000000000	0.000000010205
265.000000000000	0.000000010211
265.500000000000	0.000000010246
266.000000000000	0.000000010247
266.500000000000	0.000000010270
267.000000000000	0.000000010278
267.500000000000	0.000000010289
268.000000000000	0.000000010274
268.500000000000	0.000000010297
269.000000000000	0.000000010292
269.500000000000	0.000000010320
270.000000000000	0.000000010310
270.500000000000	0.000000010327
271.000000000000	0.000000010333
271.500000000000	0.000000010363
272.000000000000	0.000000010376
272.500000000000	0.000000010385
273.000000000000	0.000000010436
273.500000000000	0.000000010432
274.000000000000	0.000000010422
274.500000000000	0.000000010432
275.000000000000	0.000000010427
275.500000000000	0.000000010442
276.000000000000	0.000000010439
276.500000000000	0.000000010447
277.000000000000	0.000000010495
277.500000000000	0.000000010499
278.000000000000	0.000000010489
278.500000000000	0.000000010522
279.000000000000	0.000000010507
279.500000000000	0.000000010526
280.000000000000	0.000000010532
280.500000000000	0.000000010568
281.000000000000	0.000000010504
281.500000000000	0.000000010553
282.000000000000	0.000000010591
282.500000000000	0.000000010595
283.000000000000	0.000000010580
283.500000000000	0.000000010613
284.000000000000	0.000000010584
284.500000000000	0.000000010592
285.000000000000	0.000000010609
285.500000000000	0.000000010643
286.000000000000	0.000000010642
286.500000000000	0.000000010586
287.000000000000	0.000000010629
287.500000000000	0.000000010664
288.000000000000	0.000000010650
288.500000000000	0.000000010656
289.000000000000	0.000000010695
289.500000000000	0.000000010678
290.000000000000	0.000000010708
290.500000000000	0.000000010701
291.000000000000	0.000000010711
291.500000000000	0.000000010676
292.000000000000	0.000000010695
292.500000000000	0.000000010710
293.000000000000	0.000000010732
293.500000000000	0.000000010745
294.000000000000	0.000000010761
294.500000000000	0.000000010803
295.000000000000	0.000000010791
295.500000000000	0.000000010815
296.000000000000	0.000000010832
296.500000000000	0.000000010800
297.000000000000	0.000000010842
297.500000000000	0.000000010849
298.000000000000	0.000000010878
298.500000000000	0.000000010868
299.000000000000	0.000000010868
299.500000000000	0.000000010868
300.000000000000	0.000000010820
300.500000000000	0.000000010869
301.000000000000	0.000000010866
301.500000000000	0.000000010910
302.000000000000	0.000000010862
302.500000000000	0.000000010880
303.000000000000	0.000000010885
303.500000000000	0.000000010923
304.000000000000	0.000000010909
304.500000000000	0.000000010922
305.000000000000	0.000000010957
305.500000000000	0.000000010972
306.000000000000	0.000000010999
306.500000000000	0.000000010979
307.000000000000	0.000000010994
307.500000000000	0.000000011029
308.000000000000	0.000000011017
308.500000000000	0.000000011006
309.000000000000	0.000000011034
309.500000000000	0.000000011046
310.000000000000	0.000000011036
310.500000000000	0.000000011052
311.000000000000	0.000000011063
311.500000000000	0.000000011051
312.000000000000	0.000000011041
312.500000000000	0.000000011055
313.000000000000	0.000000011085
313.500000000000	0.000000011049
314.000000000000	0.000000011080
314.500000000000	0.000000011081
315.000000000000	0.000000011078
315.500000000000	0.000000011091
316.000000000000	0.000000011109
316.500000000000	0.000000011098
317.000000000000	0.000000011111
317.500000000000	0.000000011114
318.000000000000	0.000000011140
318.500000000000	0.000000011141
319.000000000000	0.000000011150
319.500000000000	0.000000011130
320.000000000000	0.000000011163
320.500000000000	0.000000011156
321.000000000000	0.000000011206
321.500000000000	0.000000011214
322.000000000000	0.000000011188
322.500000000000	0.000000011205
323.000000000000	0.000000011191
323.500000000000	0.000000011230
324.000000000000	0.000000011244
324.500000000000	0.000000011255
325.000000000000	0.000000011217
325.500000000000	0.000000011235
326.000000000000	0.000000011256
326.500000000000	0.000000011257
327.000000000000	0.000000011290
327.500000000000	0.000000011279
328.000000000000	0.000000011296
328.500000000000	0.000000011326
329.000000000000	0.000000011309
329.500000000000	0.000000011308
330.000000000000	0.000000011346
330.500000000000	0.000000011310
331.000000000000	0.000000011335
331.500000000000	0.000000011376
332.000000000000	0.000000011364
332.500000000000	0.000000011379
333.000000000000	0.000000011355
333.500000000000	0.000000011395
334.000000000000	0.000000011395
334.500000000000	0.000000011410
335.000000000000	0.000000011405
335.500000000000	0.000000011420
336.000000000000	0.000000011409
336.500000000000	0.000000011416
337.000000000000	0.000000011428
337.500000000000	0.000000011440
338.000000000000	0.000000011467
338.500000000000	0.000000011448
339.000000000000	0.000000011476
339.500000000000	0.000000011487
340.000000000000	0.000000011489
340.500000000000	0.000000011499
341.000000000000	0.000000011487
341.500000000000	0.000000011508
342.000000000000	0.000000011507
342.500000000000	0.000000011508
343.000000000000	0.000000011520
343.500000000000	0.000000011503
344.000000000000	0.000000011504
344.500000000000	0.000000011478
345.000000000000	0.000000011494
345.500000000000	0.000000011502
346.000000000000	0.000000011513
346.500000000000	0.000000011502
347.000000000000	0.000000011539
347.500000000000	0.000000011538
348.000000000000	0.000000011579
348.500000000000	0.000000011594
349.000000000000	0.000000011595
349.500000000000	0.000000011601
350.000000000000	0.000000011568
350.500000000000	0.000000011589
351.000000000000	0.000000011580
351.500000000000	0.000000011586
352.000000000000	0.000000011595
352.500000000000	0.000000011613
353.000000000000	0.000000011614
353.500000000000	0.000000011615
354.000000000000	0.000000011608
354.500000000000	0.000000011632
355.000000000000	0.000000011640
355.500000000000	0.000000011662
356.000000000000	0.000000011651
356.500000000000	0.000000011661
357.000000000000	0.000000011669
357.500000000000	0.000000011682
358.000000000000	0.000000011657
358.500000000000	0.000000011675
359.000000000000	0.000000011658
359.500000000000	0.000000011674
