Voltage   	Current	
29.976870	3.907883E-8
29.000450	3.807229E-8
28.001010	3.778498E-8
27.000510	3.743076E-8
26.001220	3.704158E-8
25.000940	3.782883E-8
24.001680	3.632517E-8
23.001040	3.583125E-8
22.000480	3.531018E-8
21.000810	3.477968E-8
20.000380	3.419276E-8
19.001320	3.363768E-8
18.000560	3.300183E-8
17.001090	3.233125E-8
16.000690	3.161516E-8
15.001500	3.080141E-8
14.000480	2.998383E-8
13.001730	2.915072E-8
12.001420	2.824928E-8
11.001970	2.730919E-8
10.001350	2.634996E-8
9.001657	2.538492E-8
8.001341	2.438023E-8
7.000465	2.337983E-8
6.001178	2.250999E-8
5.000436	2.156534E-8
4.001342	2.062049E-8
3.001102	1.975158E-8
2.001523	1.851230E-8
1.000773	1.798045E-8
0.001177	1.716401E-8
0.998726	1.634865E-8
1.999326	1.628209E-8
2.998403	1.478391E-8
3.999149	1.403570E-8
4.998243	1.319684E-8
5.999114	1.244246E-8
6.998114	1.178216E-8
7.998916	1.107023E-8
8.999396	1.049394E-8
9.998774	9.805545E-9
10.999400	9.167971E-9
11.999100	8.524117E-9
12.999500	7.925001E-9
13.998590	7.112620E-9
14.999070	6.749846E-9
15.998540	6.240668E-9
16.998700	5.716862E-9
17.997960	5.275950E-9
18.998590	4.840659E-9
19.998040	4.456026E-9
20.998220	4.083944E-9
21.997720	3.703716E-9
22.998320	3.435537E-9
23.999070	3.036886E-9
24.998200	2.750384E-9
25.999170	2.559840E-9
26.998430	2.221819E-9
27.998750	1.973530E-9
28.998410	1.730503E-9
