Voltage   	Current	
14.992390	4.056850E-9
14.000590	4.021978E-9
13.001370	3.978858E-9
12.000980	3.968077E-9
11.001740	3.936548E-9
10.001130	3.912255E-9
9.001580	3.866959E-9
8.001083	3.823737E-9
7.000251	3.786034E-9
6.001153	3.821055E-9
5.000767	3.757491E-9
4.001385	3.774595E-9
3.000721	3.723579E-9
2.001240	3.683143E-9
1.000288	3.630406E-9
0.001095	3.686534E-9
0.998988	3.370627E-9
1.999528	3.351192E-9
2.998871	3.297545E-9
3.999596	3.225123E-9
4.998595	3.159331E-9
5.999024	3.076785E-9
6.998088	2.970151E-9
7.998972	2.867108E-9
8.999263	2.730564E-9
9.998602	2.612540E-9
10.999360	2.371789E-9
11.998700	2.215204E-9
12.999190	2.082200E-9
13.998610	1.927840E-9
