Voltage   	Current	
29.978300	4.007785E-8
29.000420	3.846907E-8
28.001090	3.735211E-8
27.000790	3.819982E-8
26.001120	3.775946E-8
25.000910	3.723414E-8
24.001170	3.693114E-8
23.000990	3.640900E-8
22.000360	3.609228E-8
21.000850	3.545495E-8
20.000480	3.445412E-8
19.001260	3.386206E-8
18.000950	3.303171E-8
17.001230	3.256685E-8
16.000870	3.164459E-8
15.001320	3.084841E-8
14.001010	2.997677E-8
13.001460	2.876860E-8
12.001380	2.832608E-8
11.001880	2.708815E-8
10.000960	2.606236E-8
9.002069	2.510411E-8
8.001598	2.406443E-8
7.000903	2.305295E-8
6.001569	2.396594E-8
5.000754	2.090740E-8
4.001673	2.011328E-8
3.000828	1.915700E-8
2.001566	1.819795E-8
1.000884	1.729345E-8
0.001396	1.726603E-8
0.999061	1.552753E-8
1.999541	1.482574E-8
2.998918	1.401339E-8
3.999484	1.320384E-8
4.998698	1.246063E-8
5.999372	1.173509E-8
6.998526	1.099740E-8
7.999131	1.024605E-8
8.999585	9.478755E-9
9.999014	8.798106E-9
10.999290	7.988148E-9
11.998990	7.244796E-9
12.999230	6.514850E-9
13.998620	5.801910E-9
14.998960	5.183307E-9
15.998380	4.421734E-9
16.999180	3.640471E-9
17.998180	2.915840E-9
18.998630	2.216110E-9
19.998090	1.505953E-9
20.998350	1.029666E-9
21.998210	7.355218E-10
22.998480	3.452200E-10
23.998690	1.154687E-12
24.998370	-5.786135E-11
25.998770	-1.432979E-10
26.998490	-2.625949E-10
27.998870	-3.338088E-10
28.998180	-3.716173E-10
