Voltage   	Current	
19.984270	4.946432E-9
19.000930	4.483307E-9
18.000340	4.331126E-9
17.000890	4.232385E-9
16.000440	4.082991E-9
15.001160	3.933039E-9
14.000600	3.700997E-9
13.001250	3.518955E-9
12.001250	3.340712E-9
11.001660	3.110237E-9
10.000900	2.807951E-9
9.001769	2.519074E-9
8.001413	2.276152E-9
7.000384	2.032420E-9
6.001191	1.758321E-9
5.000389	1.556898E-9
4.001201	1.315493E-9
3.000579	1.101265E-9
2.001210	9.663923E-10
1.000502	7.183580E-10
0.000936	5.673409E-10
0.998859	5.567132E-10
1.999429	4.612647E-10
2.998643	3.123226E-10
3.999540	2.443042E-10
4.998630	1.501638E-10
5.999423	8.618868E-11
6.998419	1.087613E-11
7.998680	-3.174019E-11
8.999070	-9.227352E-11
9.998662	-1.289683E-10
10.999350	-1.863636E-10
11.998880	-2.314601E-10
12.999350	-2.737727E-10
13.998490	-3.114289E-10
14.999240	-3.670528E-10
15.998540	-3.796046E-10
16.999220	-3.902336E-10
17.998510	-4.310277E-10
18.999250	-4.545124E-10
