Voltage   	Current	
29.979930	-1.333214E-9
29.000220	-7.399740E-10
28.000870	-6.840971E-10
27.001030	-6.573734E-10
26.001590	-6.235128E-10
25.001050	-5.979026E-10
24.001110	-5.805417E-10
23.001030	-5.338255E-10
22.000420	-5.293718E-10
21.000570	-4.856928E-10
20.000830	-4.671175E-10
19.001510	-4.401911E-10
18.000940	-3.938292E-10
17.001280	-3.769245E-10
16.000710	-3.147710E-10
15.000640	-1.952224E-10
14.000740	4.235699E-11
13.001320	3.361091E-10
12.001250	7.400706E-10
11.001720	1.170045E-9
10.001210	1.552447E-9
9.002057	1.956612E-9
8.000963	2.302119E-9
7.000259	2.604256E-9
6.001556	2.997033E-9
5.000342	3.257720E-9
4.000844	3.495281E-9
3.000356	3.784812E-9
2.000700	4.154663E-9
1.000279	4.282857E-9
0.001245	4.487166E-9
0.999172	4.558832E-9
1.999987	4.804081E-9
2.999098	4.974582E-9
3.999454	5.126058E-9
4.998316	5.336741E-9
5.999350	5.429151E-9
6.998264	5.548943E-9
7.998972	5.724913E-9
8.999225	5.887977E-9
9.999001	6.082414E-9
10.999280	6.196638E-9
11.998580	6.379236E-9
12.999020	6.570332E-9
13.998100	6.667050E-9
14.999230	6.748784E-9
15.998500	6.854656E-9
16.999170	6.979968E-9
17.998290	7.039785E-9
18.998610	7.065496E-9
19.997830	7.015846E-9
20.998170	7.039482E-9
21.997740	7.134168E-9
22.998300	7.246778E-9
23.998760	7.284983E-9
24.997910	7.433783E-9
25.999160	7.524720E-9
26.998550	7.520112E-9
27.999070	7.588443E-9
28.998450	7.685555E-9
