t (s)	Ids (Amps)
0.000000000000	0.000000004698
0.500000000000	0.000000004672
1.000000000000	0.000000004694
1.500000000000	0.000000004716
2.000000000000	0.000000004688
2.500000000000	0.000000004714
3.000000000000	0.000000004628
3.500000000000	0.000000004659
4.000000000000	0.000000004642
4.500000000000	0.000000004619
5.000000000000	0.000000004665
5.500000000000	0.000000004735
6.000000000000	0.000000004665
6.500000000000	0.000000004646
7.000000000000	0.000000004625
7.500000000000	0.000000004631
8.000000000000	0.000000004683
8.500000000000	0.000000004654
9.000000000000	0.000000004667
9.500000000000	0.000000004708
10.000000000000	0.000000004670
10.500000000000	0.000000004679
11.000000000000	0.000000004672
11.500000000000	0.000000004650
12.000000000000	0.000000004643
12.500000000000	0.000000004627
13.000000000000	0.000000004619
13.500000000000	0.000000004631
14.000000000000	0.000000004670
14.500000000000	0.000000004670
15.000000000000	0.000000004627
15.500000000000	0.000000004594
16.000000000000	0.000000004683
16.500000000000	0.000000004660
17.000000000000	0.000000004657
17.500000000000	0.000000004607
18.000000000000	0.000000004533
18.500000000000	0.000000004602
19.000000000000	0.000000004696
19.500000000000	0.000000004676
20.000000000000	0.000000004638
20.500000000000	0.000000004585
21.000000000000	0.000000004639
21.500000000000	0.000000004669
22.000000000000	0.000000003956
22.500000000000	0.000000004760
23.000000000000	0.000000004632
23.500000000000	0.000000004582
24.000000000000	0.000000004680
24.500000000000	0.000000004626
25.000000000000	0.000000004688
25.500000000000	0.000000004610
26.000000000000	0.000000004678
26.500000000000	0.000000004730
27.000000000000	0.000000004681
27.500000000000	0.000000004584
28.000000000000	0.000000004612
28.500000000000	0.000000004645
29.000000000000	0.000000004637
29.500000000000	0.000000004673
30.000000000000	0.000000004662
30.500000000000	0.000000004620
31.000000000000	0.000000004644
31.500000000000	0.000000004646
32.000000000000	0.000000004702
32.500000000000	0.000000004705
33.000000000000	0.000000004631
33.500000000000	0.000000004653
34.000000000000	0.000000004668
34.500000000000	0.000000004669
35.000000000000	0.000000004660
35.500000000000	0.000000004630
36.000000000000	0.000000004653
36.500000000000	0.000000004651
37.000000000000	0.000000004657
37.500000000000	0.000000004675
38.000000000000	0.000000004628
38.500000000000	0.000000004628
39.000000000000	0.000000004656
39.500000000000	0.000000004694
40.000000000000	0.000000004666
40.500000000000	0.000000004590
41.000000000000	0.000000004616
41.500000000000	0.000000004631
42.000000000000	0.000000004641
42.500000000000	0.000000004652
43.000000000000	0.000000004607
43.500000000000	0.000000004616
44.000000000000	0.000000004626
44.500000000000	0.000000004631
45.000000000000	0.000000004638
45.500000000000	0.000000004603
46.000000000000	0.000000004625
46.500000000000	0.000000004628
47.000000000000	0.000000004685
47.500000000000	0.000000004628
48.000000000000	0.000000004611
48.500000000000	0.000000004665
49.000000000000	0.000000004595
49.500000000000	0.000000004652
50.000000000000	0.000000004637
50.500000000000	0.000000004604
51.000000000000	0.000000004638
51.500000000000	0.000000004599
52.000000000000	0.000000004626
52.500000000000	0.000000004614
53.000000000000	0.000000004631
53.500000000000	0.000000004663
54.000000000000	0.000000004597
54.500000000000	0.000000004608
55.000000000000	0.000000004620
55.500000000000	0.000000004600
56.000000000000	0.000000004626
56.500000000000	0.000000004602
57.000000000000	0.000000004625
57.500000000000	0.000000004637
58.000000000000	0.000000004614
58.500000000000	0.000000004648
59.000000000000	0.000000004601
59.500000000000	0.000000004623
60.000000000000	0.000000004647
60.500000000000	0.000000004588
61.000000000000	0.000000004604
61.500000000000	0.000000004608
62.000000000000	0.000000004588
62.500000000000	0.000000004602
63.000000000000	0.000000004597
63.500000000000	0.000000004601
64.000000000000	0.000000004612
64.500000000000	0.000000004611
65.000000000000	0.000000004630
65.500000000000	0.000000004618
66.000000000000	0.000000004604
66.500000000000	0.000000004624
67.000000000000	0.000000004618
67.500000000000	0.000000004638
68.000000000000	0.000000004617
68.500000000000	0.000000004620
69.000000000000	0.000000004596
69.500000000000	0.000000004636
70.000000000000	0.000000004664
70.500000000000	0.000000004689
71.000000000000	0.000000004627
71.500000000000	0.000000004600
72.000000000000	0.000000004621
72.500000000000	0.000000004651
73.000000000000	0.000000004644
73.500000000000	0.000000004684
74.000000000000	0.000000004634
74.500000000000	0.000000004607
75.000000000000	0.000000004659
75.500000000000	0.000000004704
76.000000000000	0.000000004633
76.500000000000	0.000000004640
77.000000000000	0.000000004640
77.500000000000	0.000000004644
78.000000000000	0.000000004676
78.500000000000	0.000000004637
79.000000000000	0.000000004649
79.500000000000	0.000000004627
80.000000000000	0.000000004651
80.500000000000	0.000000004680
81.000000000000	0.000000004651
81.500000000000	0.000000004608
82.000000000000	0.000000004645
82.500000000000	0.000000004629
83.000000000000	0.000000004681
83.500000000000	0.000000004658
84.000000000000	0.000000004681
84.500000000000	0.000000004688
85.000000000000	0.000000004674
85.500000000000	0.000000004691
86.000000000000	0.000000004682
86.500000000000	0.000000004666
87.000000000000	0.000000004672
87.500000000000	0.000000004666
88.000000000000	0.000000004671
88.500000000000	0.000000004662
89.000000000000	0.000000004674
89.500000000000	0.000000004661
90.000000000000	0.000000004630
90.500000000000	0.000000004622
91.000000000000	0.000000004659
91.500000000000	0.000000004657
92.000000000000	0.000000004652
92.500000000000	0.000000004632
93.000000000000	0.000000004638
93.500000000000	0.000000004630
94.000000000000	0.000000004660
94.500000000000	0.000000004638
95.000000000000	0.000000004618
95.500000000000	0.000000004619
96.000000000000	0.000000004632
96.500000000000	0.000000004630
97.000000000000	0.000000004602
97.500000000000	0.000000004588
98.000000000000	0.000000004571
98.500000000000	0.000000004583
99.000000000000	0.000000004572
99.500000000000	0.000000004564
100.000000000000	0.000000004593
100.500000000000	0.000000004564
101.000000000000	0.000000004556
101.500000000000	0.000000004549
102.000000000000	0.000000004582
102.500000000000	0.000000004607
103.000000000000	0.000000004555
103.500000000000	0.000000004557
104.000000000000	0.000000004566
104.500000000000	0.000000004597
105.000000000000	0.000000004634
105.500000000000	0.000000004592
106.000000000000	0.000000004582
106.500000000000	0.000000004562
107.000000000000	0.000000004593
107.500000000000	0.000000004623
108.000000000000	0.000000004543
108.500000000000	0.000000004567
109.000000000000	0.000000004580
109.500000000000	0.000000004584
110.000000000000	0.000000004623
110.500000000000	0.000000004541
111.000000000000	0.000000004585
111.500000000000	0.000000000757
112.000000000000	0.000000000847
112.500000000000	0.000000002551
113.000000000000	0.000000000578
113.500000000000	0.000000001003
114.000000000000	0.000000000591
114.500000000000	0.000000000774
115.000000000000	0.000000002909
115.500000000000	0.000000002393
116.000000000000	0.000000003171
116.500000000000	0.000000000942
117.000000000000	0.000000000991
117.500000000000	0.000000001037
118.000000000000	0.000000001009
118.500000000000	0.000000001048
119.000000000000	0.000000001027
119.500000000000	0.000000001039
120.000000000000	-0.000000000051
120.500000000000	-0.000000000085
121.000000000000	-0.000000000038
121.500000000000	-0.000000000052
122.000000000000	-0.000000000087
122.500000000000	0.000000000097
123.000000000000	0.000000000103
123.500000000000	0.000000000031
124.000000000000	0.000000000031
124.500000000000	0.000000000015
125.000000000000	0.000000000042
125.500000000000	-0.000000000015
126.000000000000	0.000000000020
126.500000000000	-0.000000000020
127.000000000000	-0.000000000020
127.500000000000	-0.000000000020
128.000000000000	0.000000000010
128.500000000000	-0.000000000044
129.000000000000	-0.000000000068
129.500000000000	0.000000000021
130.000000000000	-0.000000000020
130.500000000000	0.000000000002
131.000000000000	-0.000000000006
131.500000000000	-0.000000000028
132.000000000000	-0.000000000020
132.500000000000	-0.000000000384
133.000000000000	0.000000000045
133.500000000000	-0.000000000009
134.000000000000	0.000000000022
134.500000000000	-0.000000000053
135.000000000000	-0.000000000060
135.500000000000	-0.000000000029
136.000000000000	-0.000000000056
136.500000000000	-0.000000000024
137.000000000000	-0.000000000042
137.500000000000	-0.000000000080
138.000000000000	-0.000000000009
138.500000000000	-0.000000000031
139.000000000000	-0.000000000027
139.500000000000	-0.000000000034
140.000000000000	-0.000000000090
140.500000000000	-0.000000000034
141.000000000000	-0.000000000043
141.500000000000	-0.000000000034
142.000000000000	-0.000000000048
142.500000000000	-0.000000000101
143.000000000000	-0.000000000047
143.500000000000	-0.000000000064
144.000000000000	-0.000000000064
144.500000000000	-0.000000000097
145.000000000000	-0.000000000072
145.500000000000	-0.000000000037
146.000000000000	-0.000000000078
146.500000000000	-0.000000000084
147.000000000000	-0.000000000128
147.500000000000	-0.000000000083
148.000000000000	-0.000000000127
148.500000000000	-0.000000000092
149.000000000000	-0.000000000103
149.500000000000	-0.000000000097
150.000000000000	0.000000000083
150.500000000000	-0.000000000053
151.000000000000	-0.000000000084
151.500000000000	-0.000000000065
152.000000000000	-0.000000000076
152.500000000000	-0.000000000117
153.000000000000	-0.000000000069
153.500000000000	-0.000000000080
154.000000000000	-0.000000000070
154.500000000000	-0.000000000086
155.000000000000	-0.000000000124
155.500000000000	-0.000000000049
156.000000000000	-0.000000000079
156.500000000000	0.000000000001
157.000000000000	0.000000000308
157.500000000000	-0.000000000110
158.000000000000	-0.000000000067
158.500000000000	-0.000000000056
159.000000000000	-0.000000000035
159.500000000000	-0.000000000081
160.000000000000	-0.000000000122
160.500000000000	-0.000000000074
161.000000000000	-0.000000000063
161.500000000000	-0.000000000113
162.000000000000	-0.000000000097
162.500000000000	-0.000000000113
163.000000000000	-0.000000000059
163.500000000000	-0.000000000085
164.000000000000	-0.000000000080
164.500000000000	-0.000000000092
165.000000000000	-0.000000000136
165.500000000000	-0.000000000084
166.000000000000	-0.000000000089
166.500000000000	-0.000000000075
167.000000000000	-0.000000000095
167.500000000000	-0.000000000129
168.000000000000	-0.000000000075
168.500000000000	-0.000000000083
169.000000000000	-0.000000000074
169.500000000000	-0.000000000081
170.000000000000	-0.000000000136
170.500000000000	-0.000000000071
171.000000000000	-0.000000000090
171.500000000000	-0.000000000082
172.000000000000	-0.000000000082
172.500000000000	-0.000000000138
173.000000000000	-0.000000000093
173.500000000000	-0.000000000090
174.000000000000	-0.000000000089
174.500000000000	-0.000000000095
175.000000000000	-0.000000000120
175.500000000000	-0.000000000126
176.000000000000	-0.000000000088
176.500000000000	-0.000000000079
177.000000000000	-0.000000000111
177.500000000000	-0.000000000140
178.000000000000	-0.000000000091
178.500000000000	-0.000000000106
179.000000000000	-0.000000000076
179.500000000000	-0.000000000093
180.000000000000	-0.000000000104
180.500000000000	-0.000000000074
181.000000000000	-0.000000000097
181.500000000000	-0.000000000112
182.000000000000	-0.000000000119
182.500000000000	-0.000000000114
183.000000000000	-0.000000000066
183.500000000000	-0.000000000088
184.000000000000	-0.000000000102
184.500000000000	-0.000000000110
185.000000000000	-0.000000000097
185.500000000000	-0.000000000071
186.000000000000	-0.000000000098
186.500000000000	-0.000000000100
187.000000000000	-0.000000000121
187.500000000000	-0.000000000107
188.000000000000	-0.000000000069
188.500000000000	-0.000000000101
189.000000000000	-0.000000000110
189.500000000000	-0.000000000118
190.000000000000	-0.000000000105
190.500000000000	-0.000000000075
191.000000000000	-0.000000000108
191.500000000000	-0.000000000118
192.000000000000	-0.000000000119
192.500000000000	-0.000000000115
193.000000000000	-0.000000000070
193.500000000000	-0.000000000108
194.000000000000	-0.000000000110
194.500000000000	-0.000000000117
195.000000000000	-0.000000000106
195.500000000000	-0.000000000081
196.000000000000	-0.000000000103
196.500000000000	-0.000000000091
197.000000000000	-0.000000000118
197.500000000000	-0.000000000091
198.000000000000	-0.000000000128
198.500000000000	-0.000000000084
199.000000000000	-0.000000000105
199.500000000000	-0.000000000099
200.000000000000	-0.000000000102
200.500000000000	-0.000000000120
201.000000000000	-0.000000000091
201.500000000000	-0.000000000111
202.000000000000	-0.000000000126
202.500000000000	-0.000000000101
203.000000000000	-0.000000000125
203.500000000000	-0.000000000073
204.000000000000	-0.000000000112
204.500000000000	-0.000000000096
205.000000000000	-0.000000000085
205.500000000000	-0.000000000109
206.000000000000	-0.000000000100
206.500000000000	-0.000000000116
207.000000000000	-0.000000000082
207.500000000000	-0.000000000064
208.000000000000	-0.000000000083
208.500000000000	-0.000000000093
209.000000000000	-0.000000000094
209.500000000000	-0.000000000099
210.000000000000	-0.000000000093
210.500000000000	-0.000000000079
211.000000000000	-0.000000000061
211.500000000000	-0.000000000097
212.000000000000	-0.000000000115
212.500000000000	-0.000000000093
213.000000000000	-0.000000000069
213.500000000000	-0.000000000072
214.000000000000	-0.000000000077
214.500000000000	-0.000000000100
215.000000000000	-0.000000000181
215.500000000000	-0.000000000027
216.000000000000	-0.000000000071
216.500000000000	-0.000000000109
217.000000000000	-0.000000000085
217.500000000000	-0.000000000086
218.000000000000	-0.000000000094
218.500000000000	-0.000000000075
219.000000000000	-0.000000000092
219.500000000000	-0.000000000130
220.000000000000	-0.000000000094
220.500000000000	-0.000000000070
221.000000000000	-0.000000000105
221.500000000000	-0.000000000119
222.000000000000	-0.000000000114
222.500000000000	-0.000000000115
223.000000000000	-0.000000000080
223.500000000000	-0.000000000102
224.000000000000	-0.000000000114
224.500000000000	-0.000000000078
225.000000000000	-0.000000000123
225.500000000000	-0.000000000094
226.000000000000	-0.000000000116
226.500000000000	-0.000000000093
227.000000000000	-0.000000000143
227.500000000000	-0.000000000130
228.000000000000	-0.000000000080
228.500000000000	-0.000000000092
229.000000000000	-0.000000000104
229.500000000000	-0.000000000110
230.000000000000	-0.000000000084
230.500000000000	-0.000000000103
231.000000000000	0.000000002778
231.500000000000	0.000000002673
232.000000000000	0.000000002071
232.500000000000	0.000000001713
233.000000000000	0.000000001614
233.500000000000	0.000000002599
234.000000000000	0.000000002331
234.500000000000	0.000000001002
235.000000000000	0.000000003644
235.500000000000	0.000000003812
236.000000000000	0.000000004100
236.500000000000	0.000000004089
237.000000000000	0.000000001484
237.500000000000	0.000000001640
238.000000000000	0.000000001692
238.500000000000	0.000000001698
239.000000000000	0.000000001709
239.500000000000	0.000000001754
240.000000000000	0.000000001705
240.500000000000	0.000000004800
241.000000000000	0.000000004719
241.500000000000	0.000000004673
242.000000000000	0.000000004696
242.500000000000	0.000000004681
243.000000000000	0.000000004705
243.500000000000	0.000000004643
244.000000000000	0.000000004645
244.500000000000	0.000000004625
245.000000000000	0.000000004602
245.500000000000	0.000000004663
246.000000000000	0.000000004592
246.500000000000	0.000000004590
247.000000000000	0.000000004615
247.500000000000	0.000000004607
248.000000000000	0.000000004616
248.500000000000	0.000000004598
249.000000000000	0.000000004589
249.500000000000	0.000000004596
250.000000000000	0.000000004600
250.500000000000	0.000000004612
251.000000000000	0.000000004585
251.500000000000	0.000000004581
252.000000000000	0.000000004564
252.500000000000	0.000000004570
253.000000000000	0.000000004593
253.500000000000	0.000000004592
254.000000000000	0.000000004580
254.500000000000	0.000000004581
255.000000000000	0.000000004554
255.500000000000	0.000000004583
256.000000000000	0.000000004586
256.500000000000	0.000000004555
257.000000000000	0.000000004551
257.500000000000	0.000000004565
258.000000000000	0.000000004596
258.500000000000	0.000000004570
259.000000000000	0.000000004562
259.500000000000	0.000000004549
260.000000000000	0.000000004563
260.500000000000	0.000000004570
261.000000000000	0.000000004555
261.500000000000	0.000000004558
262.000000000000	0.000000004555
262.500000000000	0.000000004541
263.000000000000	0.000000004589
263.500000000000	0.000000004565
264.000000000000	0.000000004548
264.500000000000	0.000000004557
265.000000000000	0.000000004537
265.500000000000	0.000000004563
266.000000000000	0.000000004569
266.500000000000	0.000000004537
267.000000000000	0.000000004551
267.500000000000	0.000000004527
268.000000000000	0.000000004573
268.500000000000	0.000000004537
269.000000000000	0.000000004542
269.500000000000	0.000000004516
270.000000000000	0.000000004547
270.500000000000	0.000000004565
271.000000000000	0.000000004539
271.500000000000	0.000000004534
272.000000000000	0.000000004496
272.500000000000	0.000000004518
273.000000000000	0.000000004546
273.500000000000	0.000000004541
274.000000000000	0.000000004545
274.500000000000	0.000000004545
275.000000000000	0.000000004538
275.500000000000	0.000000004575
276.000000000000	0.000000004571
276.500000000000	0.000000004545
277.000000000000	0.000000004535
277.500000000000	0.000000004528
278.000000000000	0.000000004576
278.500000000000	0.000000004537
279.000000000000	0.000000004541
279.500000000000	0.000000004553
280.000000000000	0.000000004534
280.500000000000	0.000000004563
281.000000000000	0.000000004548
281.500000000000	0.000000004545
282.000000000000	0.000000004519
282.500000000000	0.000000004527
283.000000000000	0.000000004568
283.500000000000	0.000000004575
284.000000000000	0.000000004551
284.500000000000	0.000000004537
285.000000000000	0.000000004526
285.500000000000	0.000000004541
286.000000000000	0.000000004552
286.500000000000	0.000000004533
287.000000000000	0.000000004540
287.500000000000	0.000000004537
288.000000000000	0.000000004545
288.500000000000	0.000000004554
289.000000000000	0.000000004525
289.500000000000	0.000000004524
290.000000000000	0.000000004525
290.500000000000	0.000000004546
291.000000000000	0.000000004579
291.500000000000	0.000000004559
292.000000000000	0.000000004540
292.500000000000	0.000000004565
293.000000000000	0.000000004591
293.500000000000	0.000000004586
294.000000000000	0.000000004552
294.500000000000	0.000000004542
295.000000000000	0.000000004541
295.500000000000	0.000000004579
296.000000000000	0.000000004573
296.500000000000	0.000000004574
297.000000000000	0.000000004570
297.500000000000	0.000000004564
298.000000000000	0.000000004580
298.500000000000	0.000000004600
299.000000000000	0.000000004569
299.500000000000	0.000000004552
300.000000000000	0.000000004605
300.500000000000	0.000000004591
301.000000000000	0.000000004610
301.500000000000	0.000000004563
302.000000000000	0.000000004576
302.500000000000	0.000000004581
303.000000000000	0.000000004567
303.500000000000	0.000000004610
304.000000000000	0.000000004582
304.500000000000	0.000000004575
305.000000000000	0.000000004581
305.500000000000	0.000000004563
306.000000000000	0.000000004599
306.500000000000	0.000000004576
307.000000000000	0.000000004573
307.500000000000	0.000000004576
308.000000000000	0.000000004567
308.500000000000	0.000000004599
309.000000000000	0.000000004567
309.500000000000	0.000000004570
310.000000000000	0.000000004585
310.500000000000	0.000000004570
311.000000000000	0.000000004589
311.500000000000	0.000000004564
312.000000000000	0.000000004560
312.500000000000	0.000000004581
313.000000000000	0.000000004540
313.500000000000	0.000000004604
314.000000000000	0.000000004542
314.500000000000	0.000000004551
315.000000000000	0.000000004543
315.500000000000	0.000000004524
316.000000000000	0.000000004557
316.500000000000	0.000000004541
317.000000000000	0.000000004567
317.500000000000	0.000000004558
318.000000000000	0.000000004510
318.500000000000	0.000000004541
319.000000000000	0.000000004536
319.500000000000	0.000000004535
320.000000000000	0.000000004532
320.500000000000	0.000000004550
321.000000000000	0.000000004568
321.500000000000	0.000000004537
322.000000000000	0.000000004523
322.500000000000	0.000000004552
323.000000000000	0.000000004549
323.500000000000	0.000000004548
324.000000000000	0.000000004527
324.500000000000	0.000000004536
325.000000000000	0.000000004580
325.500000000000	0.000000004556
326.000000000000	0.000000004542
326.500000000000	0.000000004565
327.000000000000	0.000000004537
327.500000000000	0.000000004558
328.000000000000	0.000000004542
328.500000000000	0.000000004574
329.000000000000	0.000000004555
329.500000000000	0.000000004561
330.000000000000	0.000000004555
330.500000000000	0.000000004552
331.000000000000	0.000000004578
331.500000000000	0.000000004528
332.000000000000	0.000000004565
332.500000000000	0.000000004578
333.000000000000	0.000000004551
333.500000000000	0.000000004546
334.000000000000	0.000000004541
334.500000000000	0.000000004566
335.000000000000	0.000000004571
335.500000000000	0.000000004566
336.000000000000	0.000000004578
336.500000000000	0.000000004575
337.000000000000	0.000000004560
337.500000000000	0.000000004557
338.000000000000	0.000000004587
338.500000000000	0.000000004586
339.000000000000	0.000000004563
339.500000000000	0.000000004566
340.000000000000	0.000000004583
340.500000000000	0.000000004574
341.000000000000	0.000000004576
341.500000000000	0.000000004552
342.000000000000	0.000000004577
342.500000000000	0.000000004559
343.000000000000	0.000000004572
343.500000000000	0.000000004585
344.000000000000	0.000000004561
344.500000000000	0.000000004558
345.000000000000	0.000000004559
345.500000000000	0.000000004568
346.000000000000	0.000000004543
346.500000000000	0.000000004556
347.000000000000	0.000000004570
347.500000000000	0.000000004572
348.000000000000	0.000000004555
348.500000000000	0.000000004538
349.000000000000	0.000000004560
349.500000000000	0.000000004532
350.000000000000	0.000000004528
350.500000000000	0.000000000725
351.000000000000	0.000000001216
351.500000000000	0.000000000589
352.000000000000	0.000000000944
352.500000000000	0.000000000762
353.000000000000	0.000000000703
353.500000000000	-0.000000000091
354.000000000000	0.000000001557
354.500000000000	0.000000001544
355.000000000000	0.000000001519
355.500000000000	0.000000001475
356.000000000000	0.000000001478
356.500000000000	0.000000001504
357.000000000000	0.000000001515
357.500000000000	0.000000001471
358.000000000000	0.000000001461
358.500000000000	0.000000001454
359.000000000000	0.000000001493
359.500000000000	0.000000001480
360.000000000000	-0.000000000159
360.500000000000	-0.000000000082
361.000000000000	-0.000000000135
361.500000000000	-0.000000000071
362.000000000000	-0.000000000077
362.500000000000	-0.000000000078
363.000000000000	-0.000000000092
363.500000000000	-0.000000000131
364.000000000000	-0.000000000053
364.500000000000	-0.000000000059
365.000000000000	-0.000000000104
365.500000000000	-0.000000000085
366.000000000000	-0.000000000078
366.500000000000	-0.000000000044
367.000000000000	-0.000000000041
367.500000000000	-0.000000000083
368.000000000000	-0.000000000064
368.500000000000	-0.000000000031
369.000000000000	-0.000000000062
369.500000000000	-0.000000000028
370.000000000000	-0.000000000105
370.500000000000	-0.000000000037
371.000000000000	-0.000000000105
371.500000000000	-0.000000000028
372.000000000000	-0.000000000016
372.500000000000	-0.000000000119
373.000000000000	-0.000000000041
373.500000000000	-0.000000000085
374.000000000000	-0.000000000049
374.500000000000	-0.000000000061
375.000000000000	-0.000000000106
375.500000000000	-0.000000000084
376.000000000000	-0.000000000115
376.500000000000	-0.000000000072
377.000000000000	-0.000000000065
377.500000000000	-0.000000000117
378.000000000000	-0.000000000098
378.500000000000	-0.000000000113
379.000000000000	-0.000000000055
379.500000000000	-0.000000000064
380.000000000000	-0.000000000128
380.500000000000	-0.000000000103
381.000000000000	-0.000000000101
381.500000000000	-0.000000000062
382.000000000000	-0.000000000067
382.500000000000	-0.000000000090
383.000000000000	-0.000000000138
383.500000000000	-0.000000000115
384.000000000000	-0.000000000066
384.500000000000	-0.000000000070
385.000000000000	-0.000000000121
385.500000000000	-0.000000000112
386.000000000000	-0.000000000100
386.500000000000	-0.000000000052
387.000000000000	-0.000000000063
387.500000000000	-0.000000000099
388.000000000000	-0.000000000113
388.500000000000	-0.000000000128
389.000000000000	-0.000000000084
389.500000000000	-0.000000000072
390.000000000000	-0.000000000132
390.500000000000	-0.000000000101
391.000000000000	-0.000000000140
391.500000000000	-0.000000000087
392.000000000000	-0.000000000094
392.500000000000	-0.000000000098
393.000000000000	-0.000000000111
393.500000000000	-0.000000000131
394.000000000000	-0.000000000092
394.500000000000	-0.000000000085
395.000000000000	-0.000000000097
395.500000000000	-0.000000000107
396.000000000000	-0.000000000115
396.500000000000	-0.000000000102
397.000000000000	-0.000000000092
397.500000000000	-0.000000000096
398.000000000000	-0.000000000099
398.500000000000	-0.000000000104
399.000000000000	-0.000000000098
399.500000000000	-0.000000000083
400.000000000000	-0.000000000094
400.500000000000	-0.000000000091
401.000000000000	-0.000000000096
401.500000000000	-0.000000000104
402.000000000000	-0.000000000112
402.500000000000	-0.000000000102
403.000000000000	-0.000000000097
403.500000000000	-0.000000000092
404.000000000000	-0.000000000120
404.500000000000	-0.000000000120
405.000000000000	-0.000000000117
405.500000000000	-0.000000000116
406.000000000000	-0.000000000109
406.500000000000	-0.000000000110
407.000000000000	-0.000000000112
407.500000000000	-0.000000000099
408.000000000000	-0.000000000093
408.500000000000	-0.000000000096
409.000000000000	-0.000000000108
409.500000000000	-0.000000000088
410.000000000000	-0.000000000091
410.500000000000	-0.000000000106
411.000000000000	-0.000000000103
411.500000000000	-0.000000000103
412.000000000000	-0.000000000096
412.500000000000	-0.000000000090
413.000000000000	-0.000000000108
413.500000000000	-0.000000000105
414.000000000000	-0.000000000111
414.500000000000	-0.000000000098
415.000000000000	-0.000000000054
415.500000000000	-0.000000000132
416.000000000000	-0.000000000124
416.500000000000	-0.000000000111
417.000000000000	-0.000000000106
417.500000000000	-0.000000000066
418.000000000000	-0.000000000125
418.500000000000	-0.000000000138
419.000000000000	-0.000000000081
419.500000000000	-0.000000000118
420.000000000000	-0.000000000069
420.500000000000	-0.000000000114
421.000000000000	-0.000000000113
421.500000000000	-0.000000000138
422.000000000000	-0.000000000103
422.500000000000	-0.000000000048
423.000000000000	-0.000000000098
423.500000000000	-0.000000000098
424.000000000000	-0.000000000111
424.500000000000	-0.000000000100
425.000000000000	-0.000000000051
425.500000000000	-0.000000000101
426.000000000000	-0.000000000098
426.500000000000	-0.000000000116
427.000000000000	-0.000000000106
427.500000000000	-0.000000000066
428.000000000000	-0.000000000117
428.500000000000	-0.000000000108
429.000000000000	-0.000000000139
429.500000000000	-0.000000000108
430.000000000000	-0.000000000070
430.500000000000	-0.000000000124
431.000000000000	-0.000000000120
431.500000000000	-0.000000000121
432.000000000000	-0.000000000101
432.500000000000	-0.000000000102
433.000000000000	-0.000000000156
433.500000000000	-0.000000000076
434.000000000000	-0.000000000124
434.500000000000	-0.000000000101
435.000000000000	-0.000000000100
435.500000000000	-0.000000000111
436.000000000000	-0.000000000092
436.500000000000	-0.000000000107
437.000000000000	-0.000000000090
437.500000000000	-0.000000000095
438.000000000000	-0.000000000118
438.500000000000	-0.000000000089
439.000000000000	-0.000000000109
439.500000000000	-0.000000000108
440.000000000000	-0.000000000117
440.500000000000	-0.000000000130
441.000000000000	-0.000000000089
441.500000000000	-0.000000000122
442.000000000000	-0.000000000125
442.500000000000	-0.000000000127
443.000000000000	-0.000000000139
443.500000000000	-0.000000000097
444.000000000000	-0.000000000123
444.500000000000	-0.000000000116
445.000000000000	-0.000000000127
445.500000000000	-0.000000000115
446.000000000000	-0.000000000076
446.500000000000	-0.000000000176
447.000000000000	-0.000000000115
447.500000000000	-0.000000000132
448.000000000000	-0.000000000119
448.500000000000	-0.000000000088
449.000000000000	-0.000000000250
449.500000000000	-0.000000000101
450.000000000000	-0.000000000076
450.500000000000	-0.000000000112
451.000000000000	-0.000000000075
451.500000000000	-0.000000000099
452.000000000000	-0.000000000104
452.500000000000	-0.000000000079
453.000000000000	-0.000000000118
453.500000000000	-0.000000000080
454.000000000000	-0.000000000105
454.500000000000	-0.000000000110
455.000000000000	-0.000000000092
455.500000000000	-0.000000000118
456.000000000000	-0.000000000095
456.500000000000	-0.000000000119
457.000000000000	-0.000000000103
457.500000000000	-0.000000000078
458.000000000000	-0.000000000103
458.500000000000	-0.000000000083
459.000000000000	-0.000000000098
459.500000000000	-0.000000000096
460.000000000000	-0.000000000073
460.500000000000	-0.000000000102
461.000000000000	-0.000000000078
461.500000000000	-0.000000000102
462.000000000000	-0.000000000101
462.500000000000	-0.000000000075
463.000000000000	-0.000000000108
463.500000000000	-0.000000000088
464.000000000000	-0.000000000109
464.500000000000	-0.000000000111
465.000000000000	-0.000000000094
465.500000000000	-0.000000000106
466.000000000000	-0.000000000088
466.500000000000	-0.000000000121
467.000000000000	-0.000000000131
467.500000000000	-0.000000000109
468.000000000000	-0.000000000094
468.500000000000	-0.000000000102
469.000000000000	-0.000000000114
469.500000000000	-0.000000000124
470.000000000000	-0.000000000139
470.500000000000	-0.000000000088
471.000000000000	-0.000000000094
471.500000000000	-0.000000000105
472.000000000000	-0.000000000112
472.500000000000	-0.000000000116
473.000000000000	-0.000000000096
473.500000000000	-0.000000000101
474.000000000000	-0.000000000109
474.500000000000	-0.000000000115
475.000000000000	-0.000000000118
475.500000000000	-0.000000000084
476.000000000000	-0.000000000102
476.500000000000	-0.000000000114
477.000000000000	-0.000000000138
477.500000000000	-0.000000000153
478.000000000000	0.000000002725
478.500000000000	0.000000002604
479.000000000000	0.000000002556
479.500000000000	0.000000002190
480.000000000000	0.000000001657
480.500000000000	0.000000002760
481.000000000000	0.000000002693
481.500000000000	0.000000002917
482.000000000000	0.000000002458
482.500000000000	0.000000002472
483.000000000000	0.000000004739
483.500000000000	0.000000004677
484.000000000000	0.000000004599
484.500000000000	0.000000004629
485.000000000000	0.000000004635
485.500000000000	0.000000004646
486.000000000000	0.000000004619
486.500000000000	0.000000004397
487.000000000000	0.000000004519
487.500000000000	0.000000004579
488.000000000000	0.000000004600
488.500000000000	0.000000004690
489.000000000000	0.000000004503
489.500000000000	0.000000004500
490.000000000000	0.000000004515
490.500000000000	0.000000004612
491.000000000000	0.000000004555
491.500000000000	0.000000004511
492.000000000000	0.000000004520
492.500000000000	0.000000004541
493.000000000000	0.000000004551
493.500000000000	0.000000004540
494.000000000000	0.000000004481
494.500000000000	0.000000004513
495.000000000000	0.000000004526
495.500000000000	0.000000004569
496.000000000000	0.000000004543
496.500000000000	0.000000004516
497.000000000000	0.000000004542
497.500000000000	0.000000004532
498.000000000000	0.000000004556
498.500000000000	0.000000004536
499.000000000000	0.000000004522
499.500000000000	0.000000004526
500.000000000000	0.000000004552
500.500000000000	0.000000004503
501.000000000000	0.000000004512
501.500000000000	0.000000004507
502.000000000000	0.000000004515
502.500000000000	0.000000004465
503.000000000000	0.000000004511
503.500000000000	0.000000004513
504.000000000000	0.000000004481
504.500000000000	0.000000004476
505.000000000000	0.000000004490
505.500000000000	0.000000004525
506.000000000000	0.000000004508
506.500000000000	0.000000004492
507.000000000000	0.000000004471
507.500000000000	0.000000004445
508.000000000000	0.000000004514
508.500000000000	0.000000004494
509.000000000000	0.000000004485
509.500000000000	0.000000004486
510.000000000000	0.000000004489
510.500000000000	0.000000004512
511.000000000000	0.000000004493
511.500000000000	0.000000004458
512.000000000000	0.000000004479
512.500000000000	0.000000004471
513.000000000000	0.000000004503
513.500000000000	0.000000004505
514.000000000000	0.000000004489
514.500000000000	0.000000004480
515.000000000000	0.000000004481
515.500000000000	0.000000004529
516.000000000000	0.000000004500
516.500000000000	0.000000004490
517.000000000000	0.000000004506
517.500000000000	0.000000004497
518.000000000000	0.000000004521
518.500000000000	0.000000004496
519.000000000000	0.000000004531
519.500000000000	0.000000004532
520.000000000000	0.000000004473
520.500000000000	0.000000004529
521.000000000000	0.000000004473
521.500000000000	0.000000004522
522.000000000000	0.000000004502
522.500000000000	0.000000004470
523.000000000000	0.000000004535
523.500000000000	0.000000004526
524.000000000000	0.000000004501
524.500000000000	0.000000004495
525.000000000000	0.000000004455
525.500000000000	0.000000004538
526.000000000000	0.000000004507
526.500000000000	0.000000004503
527.000000000000	0.000000004497
527.500000000000	0.000000004490
528.000000000000	0.000000004543
528.500000000000	0.000000004514
529.000000000000	0.000000004489
529.500000000000	0.000000004509
530.000000000000	0.000000004490
530.500000000000	0.000000004540
531.000000000000	0.000000004511
531.500000000000	0.000000004485
532.000000000000	0.000000004503
532.500000000000	0.000000004525
533.000000000000	0.000000004548
533.500000000000	0.000000004530
534.000000000000	0.000000004519
534.500000000000	0.000000004521
535.000000000000	0.000000004491
535.500000000000	0.000000004513
536.000000000000	0.000000004503
536.500000000000	0.000000004478
537.000000000000	0.000000004492
537.500000000000	0.000000004477
538.000000000000	0.000000004485
538.500000000000	0.000000004512
539.000000000000	0.000000004502
539.500000000000	0.000000004489
540.000000000000	0.000000004492
540.500000000000	0.000000004526
541.000000000000	0.000000004518
541.500000000000	0.000000004465
542.000000000000	0.000000004487
542.500000000000	0.000000004519
543.000000000000	0.000000004532
543.500000000000	0.000000004502
544.000000000000	0.000000004487
544.500000000000	0.000000004497
545.000000000000	0.000000004503
545.500000000000	0.000000004512
546.000000000000	0.000000004520
546.500000000000	0.000000004508
547.000000000000	0.000000004491
547.500000000000	0.000000004606
548.000000000000	0.000000004430
548.500000000000	0.000000004485
549.000000000000	0.000000004536
549.500000000000	0.000000004615
550.000000000000	0.000000004495
550.500000000000	0.000000004506
551.000000000000	0.000000004506
551.500000000000	0.000000004500
552.000000000000	0.000000004505
552.500000000000	0.000000004517
553.000000000000	0.000000004520
553.500000000000	0.000000004521
554.000000000000	0.000000004488
554.500000000000	0.000000004501
555.000000000000	0.000000004501
555.500000000000	0.000000004518
556.000000000000	0.000000004517
556.500000000000	0.000000004491
557.000000000000	0.000000004482
557.500000000000	0.000000004488
558.000000000000	0.000000004514
558.500000000000	0.000000004529
559.000000000000	0.000000004418
559.500000000000	0.000000004630
560.000000000000	0.000000004524
560.500000000000	0.000000004491
561.000000000000	0.000000004528
561.500000000000	0.000000004488
562.000000000000	0.000000004484
562.500000000000	0.000000004471
563.000000000000	0.000000004560
563.500000000000	0.000000004538
564.000000000000	0.000000004517
564.500000000000	0.000000004485
565.000000000000	0.000000004506
565.500000000000	0.000000004574
566.000000000000	0.000000004499
566.500000000000	0.000000004506
567.000000000000	0.000000004499
567.500000000000	0.000000004516
568.000000000000	0.000000004528
568.500000000000	0.000000004545
569.000000000000	0.000000004535
569.500000000000	0.000000004534
570.000000000000	0.000000004496
570.500000000000	0.000000004531
571.000000000000	0.000000004510
571.500000000000	0.000000004512
572.000000000000	0.000000004510
572.500000000000	0.000000004440
573.000000000000	0.000000004520
573.500000000000	0.000000004515
574.000000000000	0.000000004531
574.500000000000	0.000000004509
575.000000000000	0.000000004484
575.500000000000	0.000000004503
576.000000000000	0.000000004530
576.500000000000	0.000000004559
577.000000000000	0.000000004535
577.500000000000	0.000000004474
578.000000000000	0.000000004583
578.500000000000	0.000000004541
579.000000000000	0.000000004474
579.500000000000	0.000000004508
580.000000000000	0.000000004493
580.500000000000	0.000000004446
581.000000000000	0.000000004664
581.500000000000	0.000000004496
582.000000000000	0.000000004498
582.500000000000	0.000000004666
583.000000000000	0.000000004510
583.500000000000	0.000000004540
584.000000000000	0.000000004543
584.500000000000	0.000000004534
585.000000000000	0.000000004499
585.500000000000	0.000000004566
586.000000000000	0.000000004522
586.500000000000	0.000000004538
587.000000000000	0.000000004524
587.500000000000	0.000000004512
588.000000000000	0.000000004560
588.500000000000	0.000000004550
589.000000000000	0.000000004549
589.500000000000	0.000000004534
590.000000000000	0.000000004532
590.500000000000	0.000000004601
591.000000000000	0.000000004367
591.500000000000	0.000000004577
592.000000000000	0.000000004628
592.500000000000	0.000000004628
593.000000000000	0.000000004514
593.500000000000	0.000000004536
594.000000000000	0.000000004564
594.500000000000	0.000000004566
595.000000000000	0.000000004536
595.500000000000	0.000000004518
596.000000000000	0.000000004526
596.500000000000	0.000000004561
597.000000000000	0.000000004559
597.500000000000	0.000000004537
598.000000000000	0.000000004533
598.500000000000	0.000000004510
599.000000000000	0.000000004543
599.500000000000	0.000000004537
600.000000000000	0.000000004549
600.500000000000	0.000000004557
601.000000000000	0.000000004579
601.500000000000	0.000000004655
602.000000000000	0.000000004603
602.500000000000	0.000000004578
603.000000000000	0.000000004599
603.500000000000	0.000000004736
604.000000000000	0.000000005118
604.500000000000	0.000000004822
605.000000000000	0.000000004664
605.500000000000	0.000000004627
606.000000000000	0.000000004583
606.500000000000	0.000000004576
607.000000000000	0.000000004591
607.500000000000	0.000000004561
608.000000000000	0.000000004614
608.500000000000	0.000000004594
609.000000000000	0.000000004566
609.500000000000	0.000000004577
610.000000000000	0.000000004552
610.500000000000	0.000000004616
611.000000000000	0.000000004593
611.500000000000	0.000000004602
612.000000000000	0.000000004576
612.500000000000	0.000000004553
613.000000000000	0.000000004553
613.500000000000	0.000000004555
614.000000000000	0.000000004599
614.500000000000	0.000000004554
615.000000000000	0.000000004141
615.500000000000	0.000000004463
616.000000000000	0.000000004354
616.500000000000	0.000000004488
617.000000000000	0.000000004423
617.500000000000	0.000000004773
618.000000000000	0.000000004286
618.500000000000	0.000000004471
619.000000000000	0.000000004533
619.500000000000	0.000000004497
620.000000000000	0.000000004492
620.500000000000	0.000000004503
621.000000000000	0.000000004487
621.500000000000	0.000000004516
622.000000000000	0.000000004519
622.500000000000	0.000000004500
623.000000000000	0.000000004475
623.500000000000	0.000000004474
624.000000000000	0.000000004506
624.500000000000	0.000000004494
625.000000000000	0.000000004465
625.500000000000	0.000000004480
626.000000000000	0.000000004479
626.500000000000	0.000000004484
627.000000000000	0.000000004483
627.500000000000	0.000000004489
628.000000000000	0.000000004494
628.500000000000	0.000000004460
629.000000000000	0.000000004464
629.500000000000	0.000000004456
630.000000000000	0.000000004464
630.500000000000	0.000000004483
631.000000000000	0.000000004493
631.500000000000	0.000000004511
632.000000000000	0.000000004508
632.500000000000	0.000000004514
633.000000000000	0.000000004484
633.500000000000	0.000000004452
634.000000000000	0.000000004502
634.500000000000	0.000000004529
635.000000000000	0.000000004507
635.500000000000	0.000000004488
636.000000000000	0.000000004459
636.500000000000	0.000000004513
637.000000000000	0.000000004523
637.500000000000	0.000000004495
638.000000000000	0.000000004507
638.500000000000	0.000000004479
639.000000000000	0.000000004532
639.500000000000	0.000000004535
640.000000000000	0.000000004536
640.500000000000	0.000000004490
641.000000000000	0.000000004496
641.500000000000	0.000000004520
642.000000000000	0.000000004535
642.500000000000	0.000000004543
643.000000000000	0.000000004491
643.500000000000	0.000000004512
644.000000000000	0.000000004544
644.500000000000	0.000000004542
645.000000000000	0.000000004527
645.500000000000	0.000000004502
646.000000000000	0.000000004496
646.500000000000	0.000000004522
647.000000000000	0.000000004504
647.500000000000	0.000000004561
648.000000000000	0.000000004516
648.500000000000	0.000000004480
649.000000000000	0.000000004504
649.500000000000	0.000000004523
650.000000000000	0.000000004485
650.500000000000	0.000000004474
651.000000000000	0.000000004468
651.500000000000	0.000000004538
652.000000000000	0.000000004514
652.500000000000	0.000000004510
653.000000000000	0.000000004483
653.500000000000	0.000000004479
654.000000000000	0.000000004486
654.500000000000	0.000000004531
655.000000000000	0.000000004528
655.500000000000	0.000000004514
656.000000000000	0.000000004471
656.500000000000	0.000000004529
657.000000000000	0.000000004539
657.500000000000	0.000000004519
658.000000000000	0.000000004490
658.500000000000	0.000000004526
659.000000000000	0.000000004574
659.500000000000	0.000000004531
