Voltage   	Current	
29.980260	7.236880E-9
29.000640	6.394890E-9
28.001130	6.120958E-9
27.001070	5.777782E-9
26.001530	5.349374E-9
25.000930	4.922377E-9
24.001650	4.281789E-9
23.001030	3.596761E-9
22.000580	3.012962E-9
21.000950	2.614619E-9
20.000580	1.939612E-9
19.001430	1.645588E-9
18.001370	1.298012E-9
17.001710	9.539296E-10
16.001350	7.320327E-10
15.001580	6.266517E-10
14.001110	5.216251E-10
13.002020	4.844734E-10
12.001580	3.714497E-10
11.002090	3.225049E-10
10.001160	2.834300E-10
9.002212	2.428873E-10
8.001796	1.986460E-10
7.000972	1.840170E-10
6.001783	1.350175E-10
5.000831	1.047978E-10
4.001424	1.072782E-10
3.000978	8.824537E-11
2.001219	8.358846E-11
1.000623	8.611956E-11
0.000975	7.761537E-11
0.998872	5.686164E-11
1.999438	7.473019E-11
2.998742	6.895967E-11
3.999407	7.179445E-11
4.998552	6.506215E-11
5.999299	6.415110E-11
6.998307	6.987123E-11
7.999161	7.817264E-11
8.999563	5.104107E-11
9.998932	4.613092E-11
10.999550	5.230651E-11
11.998910	5.301531E-11
12.999270	4.719407E-11
13.998520	4.228401E-11
14.999080	3.995582E-11
15.998680	4.015820E-11
16.998900	5.478722E-11
17.998830	2.107496E-11
18.999240	3.732367E-11
19.998470	2.107507E-11
20.998890	2.552961E-11
21.998190	2.264439E-11
22.998670	2.254323E-11
23.999100	1.419116E-11
24.998850	1.565920E-11
25.999180	8.977513E-12
26.998550	1.216661E-11
27.999030	1.338152E-11
28.998490	-1.500244E-12
