Voltage   	Current	
29.981450	-1.193214E-9
29.000720	-7.100091E-10
28.001260	-6.779701E-10
27.001180	-6.312549E-10
26.001610	-6.071629E-10
25.000910	-5.869685E-10
24.001200	-5.621171E-10
23.000790	-5.379241E-10
22.000870	-5.239039E-10
21.000690	-4.944467E-10
20.000640	-4.726834E-10
19.001670	-4.515779E-10
18.000610	-4.219182E-10
17.001230	-3.952956E-10
16.000860	-3.771758E-10
15.001450	-3.598662E-10
14.000960	-3.281824E-10
13.001590	-2.895644E-10
12.001150	-2.568177E-10
11.001990	-2.072671E-10
10.001160	-1.453672E-10
9.001791	-8.159423E-11
8.001023	3.162746E-11
7.000341	1.617036E-10
6.001367	3.233554E-10
5.000488	5.131895E-10
4.001214	7.418913E-10
3.000613	9.944807E-10
2.001124	1.327589E-9
1.000541	1.609987E-9
0.000949	2.407736E-9
0.998782	3.637230E-9
1.999403	3.640924E-9
2.998609	3.735765E-9
3.999282	3.877014E-9
4.998522	3.998223E-9
5.999247	4.118013E-9
6.998543	4.261743E-9
7.999410	4.410734E-9
8.999829	4.553252E-9
9.999146	4.663021E-9
10.999750	4.806145E-9
11.998890	4.910195E-9
12.999630	5.019159E-9
13.998790	5.164458E-9
14.998970	5.261725E-9
15.998810	5.440985E-9
16.998750	5.545693E-9
17.998150	5.664776E-9
18.999020	5.782641E-9
19.998250	5.870701E-9
20.998770	5.748432E-9
21.998240	6.067013E-9
22.998630	6.142473E-9
23.999050	6.244702E-9
24.998570	6.353967E-9
25.998820	6.371378E-9
26.998400	6.528061E-9
27.999050	6.652003E-9
28.998360	6.744365E-9
