Voltage   	Current	
39.975810	4.785602E-8
39.001830	4.433557E-8
38.001330	4.350973E-8
37.001700	4.236800E-8
36.001410	4.119616E-8
35.002170	3.993054E-8
34.001830	3.828991E-8
33.001050	3.671298E-8
32.002110	3.480242E-8
31.001330	3.290485E-8
30.002040	3.099630E-8
29.001390	2.907419E-8
28.002190	2.724793E-8
27.001560	2.548194E-8
26.002200	2.373551E-8
25.001420	2.206671E-8
24.001860	2.053528E-8
23.001370	1.902337E-8
22.001170	1.754002E-8
21.001150	1.618668E-8
20.000830	1.493072E-8
19.001720	1.363852E-8
18.001070	1.252635E-8
17.001700	1.149034E-8
16.001200	1.055080E-8
15.001800	9.684140E-9
14.001420	8.913638E-9
13.002110	8.185044E-9
12.001710	7.610359E-9
11.002380	7.015832E-9
10.001670	6.483552E-9
9.002387	5.980637E-9
8.001925	5.527111E-9
7.001195	5.098843E-9
6.002195	4.695727E-9
5.001239	4.332596E-9
4.002149	4.007673E-9
3.001107	3.881095E-9
2.001652	3.448322E-9
1.001262	3.183019E-9
0.001709	2.955474E-9
0.999288	2.732128E-9
2.000000	2.524929E-9
2.999334	2.342122E-9
3.999832	2.177636E-9
4.998896	2.009507E-9
5.999865	1.859092E-9
6.998887	1.707056E-9
7.999345	1.587767E-9
8.999705	1.438668E-9
9.998997	1.319479E-9
10.999560	1.188043E-9
11.999070	1.082266E-9
12.999240	9.599399E-10
13.998530	8.448007E-10
14.998990	7.259666E-10
15.998430	6.301605E-10
16.999000	5.260035E-10
17.998290	4.546426E-10
18.999000	3.367194E-10
19.998330	2.569064E-10
20.998750	1.537036E-10
21.998310	4.695658E-11
22.998820	6.110418E-12
23.999270	-1.184533E-10
24.998930	-1.797989E-10
25.999410	-2.788016E-10
26.999090	-3.476886E-10
27.999090	-4.414274E-10
28.998490	-5.229180E-10
29.999130	-6.176687E-10
30.998620	-6.846833E-10
31.999100	-7.639459E-10
32.998400	-8.334907E-10
33.998710	-8.839028E-10
34.999260	-9.602303E-10
35.998600	-1.024613E-9
36.999320	-1.099928E-9
37.999080	-1.114505E-9
38.999760	-1.192553E-9
