Voltage   	Current	
19.988430	-3.116571E-10
19.001250	-1.252400E-10
18.000880	-8.206505E-11
17.001590	-7.214401E-11
16.000970	-4.683653E-11
15.001720	-5.012632E-11
14.001290	-5.144205E-11
13.001990	-3.676370E-11
12.001170	-2.750108E-11
11.001940	-8.014062E-12
10.000920	3.622389E-11
9.001534	9.584911E-11
8.001040	2.726972E-10
7.000839	6.434244E-10
6.001243	1.199692E-9
5.000509	1.808241E-9
4.001527	2.388902E-9
3.000909	2.900834E-9
2.001592	3.378656E-9
1.000807	3.780255E-9
0.001207	4.167426E-9
0.998953	4.287428E-9
1.999562	4.663267E-9
2.998759	4.949473E-9
3.999300	5.119878E-9
4.998449	5.308203E-9
5.999324	5.487972E-9
6.998333	5.662836E-9
7.999483	5.870239E-9
8.999495	6.057857E-9
9.998940	6.188781E-9
10.999940	6.317991E-9
11.999270	6.817776E-9
12.999330	6.541037E-9
13.998830	6.643519E-9
14.999550	6.703899E-9
15.998720	6.918692E-9
16.998920	6.959483E-9
17.998410	7.017534E-9
18.999110	7.101192E-9
