Voltage   	Current	
14.992290	4.478627E-9
14.000780	4.393347E-9
13.001440	4.377509E-9
12.001060	4.326238E-9
11.001220	4.342938E-9
10.000540	4.309992E-9
9.001280	4.283220E-9
8.001104	4.231494E-9
7.000444	4.202445E-9
6.001303	4.169044E-9
5.000732	4.142520E-9
4.001441	4.153602E-9
3.000592	4.055319E-9
2.001107	4.012959E-9
1.000163	4.033809E-9
0.000610	3.897920E-9
0.998618	3.076310E-9
1.999485	3.124644E-9
2.998871	3.000800E-9
3.999587	2.837026E-9
4.998741	2.596575E-9
5.999608	2.380467E-9
6.998148	2.090166E-9
7.998813	1.836759E-9
8.999563	1.490534E-9
9.999100	1.102910E-9
10.999680	8.150885E-10
11.998840	4.601575E-10
12.999590	2.534647E-10
13.998470	4.442709E-11
