Voltage   	Current
-10.001596	-3.912513E-10
-9.951411	-3.089538E-10
-9.901599	-2.769660E-10
-9.851103	-2.567202E-10
-9.801272	-2.432068E-10
-9.751096	-2.356144E-10
-9.700644	-2.255423E-10
-9.650780	-2.159763E-10
-9.600950	-2.155714E-10
-9.550787	-2.075745E-10
-9.500284	-2.019057E-10
-9.450469	-1.955285E-10
-9.400271	-1.875820E-10
-9.350371	-1.929978E-10
-9.299825	-1.885943E-10
-9.249899	-1.879871E-10
-9.199684	-1.853045E-10
-9.149734	-1.792814E-10
-9.099166	-1.777123E-10
-9.049312	-1.789779E-10
-8.999053	-1.742709E-10
-8.949161	-1.564042E-10
-8.898583	-1.655145E-10
-8.848330	-1.640467E-10
-8.798439	-1.649073E-10
-8.748516	-1.612126E-10
-8.697991	-1.078150E-10
-8.647743	-1.854057E-10
-8.597811	-1.604532E-10
-8.547919	-1.664255E-10
-8.497372	-1.519503E-10
-8.447124	-1.584285E-10
-8.397211	-1.531649E-10
-8.347016	-1.555437E-10
-8.296414	-1.349438E-10
-8.246503	-1.538734E-10
-8.196602	-1.573153E-10
-8.146358	-1.463828E-10
-8.095809	-1.494194E-10
-8.045860	-1.424346E-10
-7.996038	-1.471417E-10
-7.945881	-1.443075E-10
-7.895367	-1.396509E-10
-7.845565	-1.338306E-10
-7.795376	-1.427385E-10
-7.745532	-1.392966E-10
-7.695095	-1.403092E-10
-7.645229	-1.296296E-10
-7.595092	-1.293257E-10
-7.545255	-1.476479E-10
-7.494747	-1.341340E-10
-7.444923	-1.322107E-10
-7.394739	-1.278580E-10
-7.344966	-1.349945E-10
-7.294477	-1.272505E-10
-7.244275	-1.321094E-10
-7.194472	-1.205191E-10
-7.144647	-1.160143E-10
-7.094146	-1.144454E-10
-7.043979	-1.291741E-10
-6.994187	-1.230495E-10
-6.944324	-1.154575E-10
-6.893829	-1.250234E-10
-6.843666	-1.162168E-10
-6.793813	-1.237583E-10
-6.743679	-1.164701E-10
-6.693491	-1.156600E-10
-6.643258	-1.330206E-10
-6.593372	-1.169760E-10
-6.543107	-1.102952E-10
-6.492564	-1.136860E-10
-6.442615	-1.137367E-10
-6.392704	-1.138885E-10
-6.342518	-1.122689E-10
-6.291926	-1.002229E-10
-6.242045	-1.110035E-10
-6.191786	-1.127244E-10
-6.141858	-1.084728E-10
-6.091314	-1.104468E-10
-6.041376	-1.021968E-10
-5.991199	-1.028547E-10
-5.941300	-1.010833E-10
-5.890692	-1.041201E-10
-5.840812	-1.038166E-10
-5.790574	-1.042721E-10
-5.740667	-9.915999E-11
-5.690086	-1.030573E-10
-5.640172	-1.073090E-10
-5.589952	-8.842976E-11
-5.540047	-9.971690E-11
-5.489478	-9.748974E-11
-5.439227	-9.885634E-11
-5.389337	-9.536402E-11
-5.339395	-9.323825E-11
-5.288883	-9.085940E-11
-5.238727	-9.090997E-11
-5.188878	-9.217530E-11
-5.138737	-7.785167E-11
-5.088538	-9.070747E-11
-5.038363	-9.475640E-11
-4.988574	-9.748982E-11
-4.938376	-8.918893E-11
-4.887897	-9.394682E-11
-4.838051	-8.984719E-11
-4.788191	-8.923978E-11
-4.738033	-9.116288E-11
-4.687514	-8.038231E-11
-4.637735	-8.812609E-11
-4.587885	-8.736697E-11
-4.537691	-8.336865E-11
-4.487209	-8.610193E-11
-4.437367	-8.650655E-11
-4.387206	-7.972437E-11
-4.337361	-8.169826E-11
-4.286847	-7.613110E-11
-4.237026	-7.521994E-11
-4.186861	-8.514009E-11
-4.137016	-7.876291E-11
-4.086515	-7.152498E-11
-4.036694	-7.304338E-11
-3.986496	-7.152492E-11
-3.936589	-7.354953E-11
-3.886026	-7.592843E-11
-3.835772	-6.621062E-11
-3.785897	-6.869039E-11
-3.735950	-8.154646E-11
-3.685375	-6.631179E-11
-3.635179	-6.990533E-11
-3.585242	-6.960160E-11
-3.535023	-7.319514E-11
-3.484743	-6.403419E-11
-3.434502	-7.187934E-11
-3.384613	-5.907425E-11
-3.334323	-6.074427E-11
-3.283836	-6.980425E-11
-3.233912	-6.079479E-11
-3.183972	-6.281958E-11
-3.133761	-5.993442E-11
-3.083181	-5.735315E-11
-3.033280	-5.993453E-11
-2.983350	-5.993442E-11
-2.933105	-5.679651E-11
-2.882553	-5.841602E-11
-2.832648	-6.529927E-11
-2.782402	-5.122883E-11
-2.732469	-5.699888E-11
-2.681922	-5.325351E-11
-2.631976	-5.431630E-11
-2.581819	-5.654333E-11
-2.531984	-5.745435E-11
-2.481469	-5.345607E-11
-2.431676	-5.522746E-11
-2.381474	-5.127954E-11
-2.331636	-5.036843E-11
-2.281183	-5.345588E-11
-2.231000	-3.806919E-11
-2.181184	-4.758482E-11
-2.131310	-4.657247E-11
-2.080811	-4.859704E-11
-2.030674	-4.480100E-11
-1.980798	-4.748346E-11
-1.931034	-4.105555E-11
-1.880530	-4.333303E-11
-1.830333	-4.733186E-11
-1.780524	-2.172118E-11
-1.730343	-4.080250E-11
-1.679857	-3.994216E-11
-1.630011	-3.979012E-11
-1.580168	-2.951570E-11
-1.530010	-4.130873E-11
-1.479521	-3.194506E-11
-1.429684	-3.943593E-11
-1.379844	-4.996362E-11
-1.329694	-3.543751E-11
-1.279159	-3.621548E-13
-1.229253	-1.392661E-11
-1.179012	-1.397721E-11
-1.129082	-6.789957E-12
-1.078557	-7.245482E-12
-1.028596	-4.056977E-12
-0.978356	-1.574879E-11
-0.928495	-3.751238E-11
-0.877893	-4.196657E-11
-0.828004	-4.186534E-11
-0.777712	-1.514128E-11
-0.727793	-1.007996E-11
-0.677246	2.094612E-11
-0.626965	1.380968E-11
-0.577130	1.806136E-11
-0.527208	3.952154E-11
-0.476596	2.752602E-11
-0.426384	2.565334E-11
-0.376437	4.243522E-12
-0.326548	-2.232856E-11
-0.275952	-4.854633E-11
-0.225701	-8.407719E-11
-0.175821	-8.367224E-11
-0.125575	-8.564610E-11
-0.075330	-9.293452E-11
-0.025072	-7.167678E-11
0.025016	-4.829348E-11
0.074965	-9.146711E-11
0.125508	-7.952211E-11
0.175769	-3.680417E-11
0.225683	-4.816092E-12
0.275557	-2.133710E-12
0.326164	8.343465E-12
0.376381	-2.892908E-12
0.426288	9.861820E-12
0.476243	4.952261E-12
0.526787	1.294918E-11
0.577027	1.036779E-11
0.626907	2.927714E-12
0.677142	2.833557E-11
0.727751	-9.725831E-12
0.777633	-8.177348E-13
0.827553	-6.790207E-12
0.877781	-1.053541E-11
0.928353	-1.200334E-11
0.978236	-6.891515E-12
1.028162	-2.943451E-12
1.078423	-5.373091E-12
1.128989	4.446082E-12
1.178907	-7.853079E-12
1.229122	-5.119932E-12
1.279028	1.662365E-12
1.329527	4.983514E-13
1.379352	-4.360762E-12
1.429546	-1.172229E-12
1.479344	7.006340E-13
1.529871	5.711431E-12
1.579715	8.545775E-12
1.629830	-6.587758E-12
1.679696	8.798795E-12
1.730155	7.280482E-12
1.780310	3.788220E-12
1.830186	2.957634E-13
1.880006	5.205253E-12
1.930531	1.763478E-12
1.980627	1.229117E-11
2.030469	1.117764E-11
2.080340	-5.141165E-13
2.130790	1.340478E-11
2.180977	1.497355E-11
2.230810	1.325280E-11
2.280958	1.380955E-11
2.331462	1.517622E-11
2.381278	1.269604E-11
2.431116	2.018691E-11
2.481278	1.416393E-11
2.531777	6.926099E-12
2.581572	1.547991E-11
2.631460	1.426509E-11
2.681726	1.957946E-11
2.732264	1.750447E-11
2.782207	1.856727E-11
2.832430	1.720071E-11
2.882359	2.448904E-11
2.932943	2.347683E-11
2.982784	2.104740E-11
3.033068	2.494448E-11
3.082962	2.049064E-11
3.133527	2.869005E-11
3.183471	2.636184E-11
3.233684	2.297067E-11
3.283607	2.160420E-11
3.334118	2.347675E-11
3.384367	2.216076E-11
3.434325	2.782953E-11
3.484189	3.046161E-11
3.534772	2.605810E-11
3.585011	4.706284E-11
3.634915	3.243546E-11
3.684835	3.177739E-11
3.735388	3.061336E-11
3.785627	3.344770E-11
3.835519	2.985429E-11
3.885768	3.572541E-11
3.936325	3.754738E-11
3.986218	3.501678E-11
4.036073	5.065641E-11
4.086210	3.496622E-11
4.136754	3.653508E-11
4.186568	4.220389E-11
4.236434	4.225442E-11
4.286608	3.547229E-11
4.337049	4.498772E-11
4.386923	4.276067E-11
4.437059	4.281138E-11
4.486898	4.832820E-11
4.537422	3.769939E-11
4.587247	4.296312E-11
4.637435	4.438032E-11
4.687212	4.367161E-11
4.737709	4.407659E-11
4.787580	4.807513E-11
4.837724	4.686031E-11
4.887547	4.918871E-11
4.938056	5.597085E-11
4.988222	4.939094E-11
5.038071	5.430047E-11
5.087883	5.546470E-11
5.138378	5.581903E-11
5.188556	5.227598E-11
5.238375	5.531287E-11
5.288198	4.761952E-11
5.338740	4.954290E-11
5.388987	5.283279E-11
5.438902	4.205195E-11
5.489149	6.634658E-11
5.539357	6.143706E-11
5.589615	5.708437E-11
5.639531	6.133589E-11
5.689722	6.806750E-11
5.740332	6.229749E-11
5.790195	1.002579E-10
5.840119	1.594252E-10
5.890400	8.613656E-11
5.940923	8.664272E-11
5.990858	-5.626111E-12
6.041039	4.225437E-11
6.090945	5.374365E-11
6.141552	5.834966E-11
6.191422	6.867484E-11
6.241682	7.388799E-11
6.291582	7.490029E-11
6.342139	6.427150E-11
6.392066	7.581137E-11
6.442276	7.393869E-11
6.492190	7.358437E-11
6.542757	7.247086E-11
6.592989	7.095248E-11
6.642874	6.705521E-11
6.692774	7.702614E-11
6.743290	7.368556E-11
6.793456	7.009202E-11
6.843287	7.439423E-11
6.893101	7.530522E-11
6.943626	8.654145E-11
6.993804	8.320097E-11
7.043582	7.515341E-11
7.093780	7.328070E-11
7.143897	7.788670E-11
7.194088	7.550775E-11
7.243935	8.396019E-11
7.294071	8.365646E-11
7.344601	7.150915E-11
7.394361	9.808135E-11
7.444196	8.775622E-11
7.494383	8.613661E-11
7.544847	8.542798E-11
7.594714	9.215960E-11
7.644853	8.795867E-11
7.694684	9.226085E-11
7.745190	9.327299E-11
7.795004	8.638965E-11
7.845157	1.069388E-10
7.894982	9.990353E-11
7.945471	9.585448E-11
7.995285	9.433608E-11
8.045492	9.347559E-11
8.095408	9.398170E-11
8.145977	9.838516E-11
8.195893	9.418416E-11
8.246101	8.957839E-11
8.296054	9.828384E-11
8.346616	8.993258E-11
8.396818	8.704752E-11
8.446737	1.006627E-10
8.496618	1.038009E-10
8.547216	9.772709E-11
8.597461	9.777779E-11
8.647349	9.995417E-11
8.697609	1.114435E-10
8.747783	1.096719E-10
8.798032	9.747404E-11
8.847980	1.042563E-10
8.898177	1.103806E-10
8.948780	1.017256E-10
8.998677	9.555069E-11
9.048562	1.094190E-10
9.098817	9.995417E-11
9.149370	1.120001E-10
9.199276	1.140248E-10
9.249498	7.616581E-11
9.299422	1.139741E-10
9.349999	1.216675E-10
9.399865	1.233376E-10
9.450039	1.122532E-10
9.499872	8.244183E-11
9.550375	1.132149E-10
9.600178	1.195417E-10
9.650374	1.232871E-10
9.700218	1.067364E-10
9.750668	1.131137E-10
9.800527	1.237932E-10
9.850666	1.164542E-10
9.900543	6.968701E-11
9.951031	1.046106E-10
10.001171	1.038008E-10
