Voltage   	Current	
14.991080	1.371790E-8
13.999650	1.263766E-8
13.000440	1.256767E-8
12.000210	1.266474E-8
11.000530	1.284516E-8
10.000210	1.307204E-8
9.000813	1.333616E-8
8.000452	1.362564E-8
6.999912	1.395940E-8
6.000509	1.437723E-8
4.999617	1.474161E-8
4.000295	1.523220E-8
3.000017	1.581734E-8
2.000528	1.643245E-8
0.999842	1.703707E-8
0.000533	1.767185E-8
0.997932	1.676725E-8
1.998828	1.736612E-8
2.998193	1.797540E-8
3.998772	1.851277E-8
4.998003	1.900950E-8
5.998565	1.944255E-8
6.997869	1.982939E-8
7.998298	2.018200E-8
8.999156	2.047299E-8
9.998116	2.081546E-8
10.998390	2.108601E-8
11.998180	2.134888E-8
12.998270	2.156507E-8
13.997540	2.179718E-8
