Voltage   	Current	
29.983210	3.997645E-8
29.000130	3.993631E-8
28.000710	4.000029E-8
27.000290	3.998769E-8
26.000740	3.995164E-8
25.000230	3.994078E-8
24.001090	3.984310E-8
23.000370	3.984017E-8
21.999780	3.978773E-8
21.000360	3.972689E-8
19.999920	3.968096E-8
19.000920	3.961837E-8
18.000350	3.956095E-8
17.001330	3.943041E-8
16.000410	3.936363E-8
15.000750	3.933792E-8
14.000200	3.922870E-8
13.000930	3.920937E-8
12.000580	3.910046E-8
11.001380	3.905074E-8
10.000740	3.893043E-8
9.001374	3.885146E-8
8.000937	3.880022E-8
7.000500	3.867248E-8
6.001208	3.863755E-8
5.000591	3.845711E-8
4.001008	3.830448E-8
3.000751	3.811206E-8
2.001090	3.796849E-8
1.000593	3.777350E-8
0.001014	3.750021E-8
0.998425	3.722307E-8
1.999163	3.689375E-8
2.998334	3.653427E-8
3.998699	3.617539E-8
4.998012	3.573918E-8
5.998719	3.520696E-8
6.997646	3.466802E-8
7.998659	3.393657E-8
8.998937	3.317294E-8
9.998314	3.220169E-8
10.999120	3.112658E-8
11.998620	2.983946E-8
12.998960	2.813171E-8
13.998020	2.621951E-8
14.998720	2.375039E-8
15.997890	2.110118E-8
16.998590	1.790639E-8
17.998230	1.410386E-8
18.998470	1.034090E-8
19.997880	7.068307E-9
20.998040	4.476341E-9
21.997780	2.574067E-9
22.997780	1.283146E-9
23.998170	5.560528E-10
24.998030	3.089818E-10
25.998180	1.297675E-10
26.997400	9.069434E-11
27.997820	8.153353E-11
28.997150	1.282998E-10
