Voltage   	Current	
29.978510	-9.065151E-11
29.000190	1.504176E-10
28.000660	2.267923E-10
27.000170	2.161637E-10
26.001040	3.058441E-10
25.000300	2.144428E-10
24.000900	2.247172E-10
23.000330	1.814432E-10
22.000210	9.302256E-11
21.000490	7.657339E-11
20.000090	8.796132E-11
19.000700	6.417318E-11
18.000160	9.853944E-11
17.000760	1.027908E-10
16.000620	1.514298E-10
15.000660	1.675247E-10
14.000200	2.203139E-10
13.000860	3.106013E-10
12.000700	3.843380E-10
11.001200	4.465358E-10
10.000560	5.707290E-10
9.001366	6.967441E-10
8.001006	9.204338E-10
7.000375	1.217658E-9
6.001367	1.612505E-9
5.000617	2.279427E-9
4.001402	3.364018E-9
3.000424	5.070738E-9
2.000940	7.414571E-9
1.000266	1.019551E-8
0.000632	8.302798E-9
0.998318	1.319644E-8
1.998914	1.692676E-8
2.998369	2.019130E-8
3.998660	2.299243E-8
4.997960	2.532262E-8
5.998638	2.730422E-8
6.997681	2.893242E-8
7.998556	3.024412E-8
8.998739	3.148216E-8
9.998125	3.251387E-8
10.998840	3.332887E-8
11.998320	3.406539E-8
12.998740	3.472552E-8
13.998070	3.527389E-8
14.998680	3.571835E-8
15.998200	3.613714E-8
16.998540	3.654333E-8
17.998130	3.685056E-8
18.998620	3.718838E-8
19.997870	3.743204E-8
20.998380	3.767195E-8
21.997830	3.785597E-8
22.998170	3.803451E-8
23.998620	3.816617E-8
24.997430	3.829772E-8
25.997970	3.836570E-8
26.997520	3.848361E-8
27.997990	3.851706E-8
28.997430	3.866269E-8
