Voltage   	Current	
29.979680	5.784796E-9
28.999800	4.703545E-9
28.000590	4.359957E-9
27.000130	4.055698E-9
26.000650	3.804778E-9
25.000510	3.540956E-9
24.001080	3.231282E-9
23.000640	2.945189E-9
22.000110	2.763100E-9
21.000640	2.525241E-9
20.000380	2.388748E-9
19.000760	2.240363E-9
18.000640	2.068951E-9
17.001370	1.958118E-9
16.000890	1.676785E-9
15.001350	1.519238E-9
14.000730	1.753153E-9
13.001360	1.336238E-9
12.001110	1.073376E-9
11.001410	1.079247E-9
10.000640	9.496884E-10
9.001348	8.843526E-10
8.000860	7.927003E-10
7.000105	6.883450E-10
6.001037	5.776132E-10
5.000127	4.899083E-10
4.001205	4.152604E-10
3.000171	3.503295E-10
2.000918	2.917752E-10
1.000275	2.663190E-10
0.000610	1.821010E-10
0.998417	2.574625E-10
1.998931	9.914608E-11
2.998214	3.780315E-11
3.998793	-3.624367E-11
4.998012	-8.331386E-11
5.998852	-1.444545E-10
6.997904	-1.894492E-10
7.998474	-2.327235E-10
8.999005	-2.618770E-10
9.998379	-2.758458E-10
10.999080	-2.850069E-10
11.998850	-3.259020E-10
12.998720	-3.454390E-10
13.998340	-3.550046E-10
14.998670	-3.742882E-10
15.998130	-3.908390E-10
16.998650	-3.997465E-10
17.997730	-4.203460E-10
18.998730	-4.443873E-10
19.998100	-4.567370E-10
20.998460	-4.768807E-10
21.997930	-4.831063E-10
22.998080	-5.045154E-10
23.998820	-5.234953E-10
24.998050	-5.375153E-10
25.998640	-5.565456E-10
26.998150	-5.693003E-10
27.998440	-5.815488E-10
28.997940	-6.080189E-10
