Voltage   	Current	
39.969190	-2.425403E-9
39.002200	-1.673931E-9
38.001330	-1.673273E-9
37.002200	-1.627871E-9
36.001650	-1.577408E-9
35.002400	-1.536006E-9
34.001390	-1.487012E-9
33.000780	-1.448900E-9
32.001370	-1.400512E-9
31.000970	-1.352326E-9
30.001430	-1.310772E-9
29.001160	-1.269674E-9
28.001740	-1.219565E-9
27.001800	-1.171987E-9
26.002100	-1.111251E-9
25.001370	-1.070607E-9
24.001970	-9.956459E-10
23.001320	-9.440201E-10
22.000840	-8.421329E-10
21.001160	-7.289593E-10
20.001240	-5.935155E-10
19.001470	-4.681434E-10
18.000890	-3.133644E-10
17.001630	-1.225989E-10
16.001180	1.062285E-10
15.002190	4.278162E-10
14.001470	7.585526E-10
13.002320	1.115252E-9
12.001800	1.528027E-9
11.002420	1.949557E-9
10.001550	2.284292E-9
9.002044	2.633503E-9
8.001439	3.048754E-9
7.000641	3.343003E-9
6.001702	3.639731E-9
5.000750	4.007413E-9
4.001729	4.199629E-9
3.001381	4.451667E-9
2.001777	4.696773E-9
1.000889	4.909786E-9
0.001280	5.102354E-9
0.998661	5.313454E-9
1.999180	5.517259E-9
2.998523	5.647882E-9
3.999321	5.802497E-9
4.998522	5.967991E-9
5.999513	6.103881E-9
6.998878	6.233944E-9
7.999384	6.335670E-9
8.999714	6.462094E-9
9.998825	6.542820E-9
10.999340	6.686703E-9
11.998780	6.802547E-9
12.999260	6.944762E-9
13.998890	7.017896E-9
14.999520	7.105956E-9
15.998740	7.184855E-9
16.998900	7.332486E-9
17.998020	7.418219E-9
18.999000	7.518830E-9
19.998200	7.480614E-9
20.998640	7.603348E-9
21.998410	7.719500E-9
22.998760	7.773754E-9
23.999060	7.812167E-9
24.998290	7.891367E-9
25.998940	8.017539E-9
26.998180	8.102256E-9
27.998600	8.113290E-9
28.998200	8.203630E-9
29.998890	8.302014E-9
30.998790	8.331570E-9
31.999140	8.413003E-9
32.998390	8.484215E-9
33.998530	8.555165E-9
34.999160	8.603898E-9
35.998590	8.707707E-9
36.999050	8.804824E-9
37.999210	8.819297E-9
38.999530	8.843846E-9
