t (s)	Ids (Amps)
0.000000000000	0.000000015342
0.500000000000	0.000000015375
1.000000000000	0.000000015393
1.500000000000	0.000000015347
2.000000000000	0.000000015391
2.500000000000	0.000000015412
3.000000000000	0.000000015477
3.500000000000	0.000000015509
4.000000000000	0.000000015542
4.500000000000	0.000000015624
5.000000000000	0.000000015649
5.500000000000	0.000000015609
6.000000000000	0.000000015570
6.500000000000	0.000000015576
7.000000000000	0.000000015629
7.500000000000	0.000000015617
8.000000000000	0.000000015553
8.500000000000	0.000000015462
9.000000000000	0.000000015346
9.500000000000	0.000000015607
10.000000000000	0.000000015662
10.500000000000	0.000000015326
11.000000000000	0.000000014759
11.500000000000	0.000000014791
12.000000000000	0.000000014898
12.500000000000	0.000000014988
13.000000000000	0.000000015062
13.500000000000	0.000000015121
14.000000000000	0.000000015167
14.500000000000	0.000000015208
15.000000000000	0.000000015227
15.500000000000	0.000000015276
16.000000000000	0.000000015309
16.500000000000	0.000000015319
17.000000000000	0.000000015323
17.500000000000	0.000000015324
18.000000000000	0.000000015344
18.500000000000	0.000000015333
19.000000000000	0.000000015360
19.500000000000	0.000000015362
20.000000000000	0.000000015371
20.500000000000	0.000000015352
21.000000000000	0.000000015352
21.500000000000	0.000000015378
22.000000000000	0.000000015385
22.500000000000	0.000000015406
23.000000000000	0.000000015389
23.500000000000	0.000000015391
24.000000000000	0.000000015392
24.500000000000	0.000000015398
25.000000000000	0.000000015420
25.500000000000	0.000000015412
26.000000000000	0.000000015420
26.500000000000	0.000000015381
27.000000000000	0.000000015435
27.500000000000	0.000000015445
28.000000000000	0.000000015396
28.500000000000	0.000000015400
29.000000000000	0.000000015424
29.500000000000	0.000000015405
30.000000000000	0.000000015442
30.500000000000	0.000000015387
31.000000000000	0.000000015419
31.500000000000	0.000000015425
32.000000000000	0.000000015413
32.500000000000	0.000000015428
33.000000000000	0.000000015432
33.500000000000	0.000000015426
34.000000000000	0.000000015470
34.500000000000	0.000000015435
35.000000000000	0.000000015429
35.500000000000	0.000000015443
36.000000000000	0.000000015444
36.500000000000	0.000000015455
37.000000000000	0.000000015484
37.500000000000	0.000000014767
38.000000000000	0.000000015555
38.500000000000	0.000000015842
39.000000000000	0.000000015844
39.500000000000	0.000000015435
40.000000000000	0.000000015432
40.500000000000	0.000000015496
41.000000000000	0.000000015505
41.500000000000	0.000000015423
42.000000000000	0.000000015405
42.500000000000	0.000000015415
43.000000000000	0.000000015413
43.500000000000	0.000000015409
44.000000000000	0.000000015435
44.500000000000	0.000000015427
45.000000000000	0.000000015395
45.500000000000	0.000000015413
46.000000000000	0.000000015414
46.500000000000	0.000000015374
47.000000000000	0.000000015382
47.500000000000	0.000000015397
48.000000000000	0.000000015411
48.500000000000	0.000000015420
49.000000000000	0.000000015412
49.500000000000	0.000000015412
50.000000000000	0.000000015405
50.500000000000	0.000000015385
51.000000000000	0.000000015410
51.500000000000	0.000000015383
52.000000000000	0.000000015399
52.500000000000	0.000000015408
53.000000000000	0.000000015418
53.500000000000	0.000000015389
54.000000000000	0.000000015377
54.500000000000	0.000000015398
55.000000000000	0.000000015380
55.500000000000	0.000000015381
56.000000000000	0.000000015370
56.500000000000	0.000000015373
57.000000000000	0.000000015401
57.500000000000	0.000000015378
58.000000000000	0.000000015383
58.500000000000	0.000000015405
59.000000000000	0.000000015389
59.500000000000	0.000000015424
60.000000000000	0.000000015410
60.500000000000	0.000000015398
61.000000000000	0.000000015394
61.500000000000	0.000000015405
62.000000000000	0.000000015381
62.500000000000	0.000000015402
63.000000000000	0.000000015392
63.500000000000	0.000000015383
64.000000000000	0.000000015375
64.500000000000	0.000000015380
65.000000000000	0.000000015390
65.500000000000	0.000000015378
66.000000000000	0.000000015391
66.500000000000	0.000000015410
67.000000000000	0.000000015438
67.500000000000	0.000000015401
68.000000000000	0.000000015402
68.500000000000	0.000000015416
69.000000000000	0.000000015426
69.500000000000	0.000000015423
70.000000000000	0.000000015400
70.500000000000	0.000000015427
71.000000000000	0.000000015421
71.500000000000	0.000000015399
72.000000000000	0.000000015408
72.500000000000	0.000000015409
73.000000000000	0.000000015411
73.500000000000	0.000000015431
74.000000000000	0.000000015416
74.500000000000	0.000000015400
75.000000000000	0.000000015414
75.500000000000	0.000000015420
76.000000000000	0.000000015432
76.500000000000	0.000000015434
77.000000000000	0.000000015429
77.500000000000	0.000000015419
78.000000000000	0.000000015400
78.500000000000	0.000000015411
79.000000000000	0.000000015453
79.500000000000	0.000000015428
80.000000000000	0.000000015401
80.500000000000	0.000000015403
81.000000000000	0.000000015414
81.500000000000	0.000000015397
82.000000000000	0.000000015386
82.500000000000	0.000000015385
83.000000000000	0.000000015432
83.500000000000	0.000000015419
84.000000000000	0.000000015414
84.500000000000	0.000000015443
85.000000000000	0.000000015421
85.500000000000	0.000000015408
86.000000000000	0.000000015399
86.500000000000	0.000000015392
87.000000000000	0.000000015397
87.500000000000	0.000000015394
88.000000000000	0.000000015384
88.500000000000	0.000000015377
89.000000000000	0.000000015404
89.500000000000	0.000000015383
90.000000000000	0.000000015409
90.500000000000	0.000000015569
91.000000000000	0.000000016012
91.500000000000	0.000000014884
92.000000000000	0.000000015155
92.500000000000	0.000000015200
93.000000000000	0.000000015448
93.500000000000	0.000000015466
94.000000000000	0.000000015280
94.500000000000	0.000000015282
95.000000000000	0.000000015297
95.500000000000	0.000000015295
96.000000000000	0.000000015316
96.500000000000	0.000000015433
97.000000000000	0.000000015457
97.500000000000	0.000000015336
98.000000000000	0.000000015328
98.500000000000	0.000000015304
99.000000000000	0.000000015332
99.500000000000	0.000000015338
100.000000000000	0.000000015341
100.500000000000	0.000000015361
101.000000000000	0.000000015355
101.500000000000	0.000000015366
102.000000000000	0.000000015379
102.500000000000	0.000000015383
103.000000000000	0.000000015402
103.500000000000	0.000000015422
104.000000000000	0.000000015403
104.500000000000	0.000000015431
105.000000000000	0.000000015417
105.500000000000	0.000000015404
106.000000000000	0.000000015396
106.500000000000	0.000000015371
107.000000000000	0.000000015386
107.500000000000	0.000000015392
108.000000000000	0.000000015395
108.500000000000	0.000000015390
109.000000000000	0.000000015419
109.500000000000	0.000000015392
110.000000000000	0.000000015395
110.500000000000	0.000000015401
111.000000000000	0.000000015402
111.500000000000	0.000000015403
112.000000000000	0.000000015418
112.500000000000	0.000000015415
113.000000000000	0.000000015376
113.500000000000	0.000000015402
114.000000000000	0.000000015437
114.500000000000	0.000000015418
115.000000000000	0.000000015413
115.500000000000	0.000000015396
116.000000000000	0.000000015402
116.500000000000	0.000000015394
117.000000000000	0.000000015397
117.500000000000	0.000000015406
118.000000000000	0.000000015433
118.500000000000	0.000000015405
119.000000000000	0.000000015417
119.500000000000	0.000000015392
120.000000000000	0.000000015389
120.500000000000	0.000000015397
121.000000000000	0.000000015392
121.500000000000	0.000000015397
122.000000000000	0.000000015395
122.500000000000	0.000000015379
123.000000000000	0.000000015376
123.500000000000	0.000000015410
124.000000000000	0.000000015388
124.500000000000	0.000000015392
125.000000000000	0.000000015394
125.500000000000	0.000000015363
126.000000000000	0.000000015383
126.500000000000	0.000000015365
127.000000000000	0.000000015389
127.500000000000	0.000000015386
128.000000000000	0.000000015383
128.500000000000	0.000000015457
129.000000000000	0.000000015465
129.500000000000	0.000000015437
130.000000000000	0.000000015385
130.500000000000	0.000000015379
131.000000000000	0.000000015344
131.500000000000	0.000000015360
132.000000000000	0.000000015361
132.500000000000	0.000000015373
133.000000000000	0.000000015348
133.500000000000	0.000000015352
134.000000000000	0.000000015372
134.500000000000	0.000000015427
135.000000000000	0.000000015427
135.500000000000	0.000000015463
136.000000000000	0.000000015391
136.500000000000	0.000000015403
137.000000000000	0.000000015418
137.500000000000	0.000000015442
138.000000000000	0.000000015389
138.500000000000	0.000000015411
139.000000000000	0.000000015448
139.500000000000	0.000000015436
140.000000000000	0.000000015397
140.500000000000	0.000000015374
141.000000000000	0.000000015380
141.500000000000	0.000000015366
142.000000000000	0.000000015371
142.500000000000	0.000000015354
143.000000000000	0.000000015342
143.500000000000	0.000000015315
144.000000000000	0.000000015339
144.500000000000	0.000000015369
145.000000000000	0.000000015360
145.500000000000	0.000000015380
146.000000000000	0.000000015387
146.500000000000	0.000000015347
147.000000000000	0.000000015353
147.500000000000	0.000000015364
148.000000000000	0.000000015403
148.500000000000	0.000000015381
149.000000000000	0.000000015374
149.500000000000	0.000000015385
150.000000000000	0.000000015387
150.500000000000	0.000000015341
151.000000000000	0.000000015363
151.500000000000	0.000000015335
152.000000000000	0.000000015355
152.500000000000	0.000000015361
153.000000000000	0.000000015371
153.500000000000	0.000000015359
154.000000000000	0.000000015361
154.500000000000	0.000000015359
155.000000000000	0.000000015368
155.500000000000	0.000000015353
156.000000000000	0.000000015373
156.500000000000	0.000000015359
157.000000000000	0.000000015360
157.500000000000	0.000000015351
158.000000000000	0.000000015400
158.500000000000	0.000000015367
159.000000000000	0.000000015376
159.500000000000	0.000000015364
160.000000000000	0.000000015343
160.500000000000	0.000000015340
161.000000000000	0.000000015355
161.500000000000	0.000000015366
162.000000000000	0.000000015371
162.500000000000	0.000000015421
163.000000000000	0.000000015407
163.500000000000	0.000000015382
164.000000000000	0.000000015410
164.500000000000	0.000000015393
165.000000000000	0.000000015406
165.500000000000	0.000000015378
166.000000000000	0.000000015363
166.500000000000	0.000000015382
167.000000000000	0.000000015376
167.500000000000	0.000000015349
168.000000000000	0.000000015382
168.500000000000	0.000000015360
169.000000000000	0.000000015366
169.500000000000	0.000000015373
170.000000000000	0.000000015342
170.500000000000	0.000000015340
171.000000000000	0.000000015351
171.500000000000	0.000000015362
172.000000000000	0.000000015352
172.500000000000	0.000000015357
173.000000000000	0.000000015374
173.500000000000	0.000000015385
174.000000000000	0.000000015368
174.500000000000	0.000000015370
175.000000000000	0.000000015383
175.500000000000	0.000000015398
176.000000000000	0.000000015369
176.500000000000	0.000000015389
177.000000000000	0.000000015385
177.500000000000	0.000000015369
178.000000000000	0.000000015446
178.500000000000	0.000000015452
179.000000000000	0.000000015397
179.500000000000	0.000000015377
180.000000000000	0.000000015399
180.500000000000	0.000000015400
181.000000000000	0.000000015380
181.500000000000	0.000000015372
182.000000000000	0.000000015381
182.500000000000	0.000000015372
183.000000000000	0.000000015396
183.500000000000	0.000000015370
184.000000000000	0.000000015359
184.500000000000	0.000000015388
185.000000000000	0.000000015385
185.500000000000	0.000000015395
186.000000000000	0.000000015374
186.500000000000	0.000000015372
187.000000000000	0.000000015399
187.500000000000	0.000000015403
188.000000000000	0.000000015377
188.500000000000	0.000000015377
189.000000000000	0.000000015359
189.500000000000	0.000000015355
190.000000000000	0.000000015358
190.500000000000	0.000000015355
191.000000000000	0.000000015343
191.500000000000	0.000000015364
192.000000000000	0.000000015385
192.500000000000	0.000000015366
193.000000000000	0.000000015390
193.500000000000	0.000000015363
194.000000000000	0.000000015370
194.500000000000	0.000000015358
195.000000000000	0.000000015330
195.500000000000	0.000000015343
196.000000000000	0.000000015372
196.500000000000	0.000000015343
197.000000000000	0.000000015348
197.500000000000	0.000000015355
198.000000000000	0.000000015341
198.500000000000	0.000000015349
199.000000000000	0.000000015337
199.500000000000	0.000000015343
200.000000000000	0.000000015383
200.500000000000	0.000000015390
201.000000000000	0.000000015388
201.500000000000	0.000000015356
202.000000000000	0.000000015349
202.500000000000	0.000000015398
203.000000000000	0.000000015381
203.500000000000	0.000000015379
204.000000000000	0.000000015388
204.500000000000	0.000000015401
205.000000000000	0.000000015375
205.500000000000	0.000000015359
206.000000000000	0.000000015337
206.500000000000	0.000000015382
207.000000000000	0.000000015371
207.500000000000	0.000000015382
208.000000000000	0.000000015350
208.500000000000	0.000000015353
209.000000000000	0.000000015347
209.500000000000	0.000000015346
210.000000000000	0.000000015342
210.500000000000	0.000000015382
211.000000000000	0.000000015378
211.500000000000	0.000000015366
212.000000000000	0.000000015392
212.500000000000	0.000000015386
213.000000000000	0.000000015376
213.500000000000	0.000000015390
214.000000000000	0.000000015387
214.500000000000	0.000000015374
215.000000000000	0.000000015393
215.500000000000	0.000000015354
216.000000000000	0.000000015384
216.500000000000	0.000000015368
217.000000000000	0.000000015362
217.500000000000	0.000000015385
218.000000000000	0.000000015381
218.500000000000	0.000000015386
219.000000000000	0.000000015391
219.500000000000	0.000000015385
220.000000000000	0.000000015394
220.500000000000	0.000000015401
221.000000000000	0.000000015402
221.500000000000	0.000000015367
222.000000000000	0.000000015393
222.500000000000	0.000000015421
223.000000000000	0.000000015421
223.500000000000	0.000000015405
224.000000000000	0.000000015403
224.500000000000	0.000000015365
225.000000000000	0.000000015389
225.500000000000	0.000000015421
226.000000000000	0.000000015439
226.500000000000	0.000000015429
227.000000000000	0.000000015418
227.500000000000	0.000000015407
228.000000000000	0.000000015401
228.500000000000	0.000000015394
229.000000000000	0.000000015415
229.500000000000	0.000000015409
230.000000000000	0.000000015400
230.500000000000	0.000000015377
231.000000000000	0.000000015413
231.500000000000	0.000000015405
232.000000000000	0.000000015382
232.500000000000	0.000000015399
233.000000000000	0.000000015400
233.500000000000	0.000000015414
234.000000000000	0.000000015390
234.500000000000	0.000000015397
235.000000000000	0.000000015529
235.500000000000	0.000000015416
236.000000000000	0.000000015285
236.500000000000	0.000000015409
237.000000000000	0.000000015417
237.500000000000	0.000000015386
238.000000000000	0.000000015377
238.500000000000	0.000000015363
239.000000000000	0.000000015359
239.500000000000	0.000000015381
240.000000000000	0.000000015404
240.500000000000	0.000000015420
241.000000000000	0.000000015377
241.500000000000	0.000000015384
242.000000000000	0.000000015376
242.500000000000	0.000000015386
243.000000000000	0.000000015400
243.500000000000	0.000000015404
244.000000000000	0.000000015418
244.500000000000	0.000000015408
245.000000000000	0.000000015400
245.500000000000	0.000000015402
246.000000000000	0.000000015414
246.500000000000	0.000000015398
247.000000000000	0.000000015386
247.500000000000	0.000000015397
248.000000000000	0.000000015448
248.500000000000	0.000000015389
249.000000000000	0.000000015356
249.500000000000	0.000000015427
250.000000000000	0.000000015439
250.500000000000	0.000000015391
251.000000000000	0.000000015455
251.500000000000	0.000000015933
252.000000000000	0.000000015432
252.500000000000	0.000000015238
253.000000000000	0.000000015660
253.500000000000	0.000000015496
254.000000000000	0.000000015484
254.500000000000	0.000000015513
255.000000000000	0.000000015172
255.500000000000	0.000000015301
256.000000000000	0.000000015289
256.500000000000	0.000000015368
257.000000000000	0.000000015366
257.500000000000	0.000000015372
258.000000000000	0.000000015390
258.500000000000	0.000000015385
259.000000000000	0.000000015391
259.500000000000	0.000000015408
260.000000000000	0.000000015408
260.500000000000	0.000000015406
261.000000000000	0.000000015417
261.500000000000	0.000000015400
262.000000000000	0.000000015413
262.500000000000	0.000000015389
263.000000000000	0.000000015410
263.500000000000	0.000000015446
264.000000000000	0.000000015628
264.500000000000	0.000000015619
265.000000000000	0.000000015531
265.500000000000	0.000000015475
266.000000000000	0.000000015446
266.500000000000	0.000000015443
267.000000000000	0.000000015438
267.500000000000	0.000000015464
268.000000000000	0.000000015428
268.500000000000	0.000000015413
269.000000000000	0.000000015453
269.500000000000	0.000000015465
270.000000000000	0.000000015494
270.500000000000	0.000000015479
271.000000000000	0.000000015504
271.500000000000	0.000000015491
272.000000000000	0.000000015471
272.500000000000	0.000000015470
273.000000000000	0.000000015443
273.500000000000	0.000000015446
274.000000000000	0.000000015455
274.500000000000	0.000000015456
275.000000000000	0.000000015451
275.500000000000	0.000000015447
276.000000000000	0.000000015457
276.500000000000	0.000000015292
277.000000000000	0.000000015442
277.500000000000	0.000000015455
278.000000000000	0.000000015444
278.500000000000	0.000000015402
279.000000000000	0.000000015438
279.500000000000	0.000000015427
280.000000000000	0.000000015482
280.500000000000	0.000000015453
281.000000000000	0.000000015451
281.500000000000	0.000000015461
282.000000000000	0.000000015439
282.500000000000	0.000000015452
283.000000000000	0.000000015438
283.500000000000	0.000000015466
284.000000000000	0.000000015466
284.500000000000	0.000000015445
285.000000000000	0.000000015463
285.500000000000	0.000000015446
286.000000000000	0.000000015436
286.500000000000	0.000000015441
287.000000000000	0.000000015457
287.500000000000	0.000000015445
288.000000000000	0.000000015442
288.500000000000	0.000000015444
289.000000000000	0.000000015424
289.500000000000	0.000000015408
290.000000000000	0.000000015413
290.500000000000	0.000000015419
291.000000000000	0.000000015410
291.500000000000	0.000000015420
292.000000000000	0.000000015440
292.500000000000	0.000000015444
293.000000000000	0.000000015439
293.500000000000	0.000000015448
294.000000000000	0.000000015758
294.500000000000	0.000000016112
295.000000000000	0.000000016771
295.500000000000	0.000000016971
296.000000000000	0.000000017064
296.500000000000	0.000000016988
297.000000000000	0.000000016864
297.500000000000	0.000000016330
298.000000000000	0.000000016251
298.500000000000	0.000000016047
299.000000000000	0.000000015775
299.500000000000	0.000000015708
