Voltage   	Current	
29.981910	8.026652E-9
29.000440	6.831213E-9
28.001040	6.403365E-9
27.000760	6.208721E-9
26.001430	5.810886E-9
25.000660	5.596760E-9
24.000980	5.246397E-9
23.000630	4.714949E-9
22.000750	4.244893E-9
21.000700	3.331603E-9
20.000610	2.804208E-9
19.001160	2.284252E-9
18.000520	1.860148E-9
17.001020	1.550117E-9
16.000990	1.166349E-9
15.001360	9.648747E-10
14.000630	7.985230E-10
13.001360	7.007467E-10
12.001400	5.241211E-10
11.001910	4.931990E-10
10.001040	3.853008E-10
9.001443	3.265438E-10
8.001044	2.650033E-10
7.000650	1.757234E-10
6.001376	1.205550E-10
5.000552	6.589262E-11
4.001205	2.388356E-11
3.000557	-3.604250E-11
2.001116	2.223889E-10
1.000442	-8.199938E-11
0.001005	-1.121142E-10
0.998661	-2.689650E-10
1.999451	-2.816183E-10
2.998545	-2.974094E-10
3.999252	-2.981181E-10
4.998527	-3.456443E-10
5.999389	-4.033940E-10
6.998543	-3.933217E-10
7.999328	-3.908415E-10
8.999838	-4.296620E-10
9.999335	-4.592712E-10
10.999760	-4.693936E-10
11.999100	-4.780482E-10
12.999620	-5.426822E-10
13.998780	-5.357985E-10
14.999330	-5.413150E-10
15.998850	-5.723913E-10
16.999360	-5.910680E-10
17.998640	-6.121235E-10
18.998980	-6.427944E-10
19.998360	-6.705312E-10
20.998890	-6.729605E-10
21.998260	-7.309634E-10
22.998580	-7.276226E-10
23.999020	-7.610271E-10
24.998210	-7.616343E-10
25.998800	-7.855238E-10
26.998330	-8.057188E-10
27.998660	-8.215612E-10
28.998060	-8.271281E-10
