t (s)	Ids (Amps)
0.000000000000	0.000000029630
0.500000000000	0.000000029652
1.000000000000	0.000000029654
1.500000000000	0.000000029680
2.000000000000	0.000000029638
2.500000000000	0.000000029642
3.000000000000	0.000000029629
3.500000000000	0.000000029645
4.000000000000	0.000000029659
4.500000000000	0.000000029648
5.000000000000	0.000000015579
5.500000000000	0.000000015982
6.000000000000	0.000000016330
6.500000000000	0.000000016581
7.000000000000	0.000000016786
7.500000000000	0.000000016921
8.000000000000	0.000000017025
8.500000000000	0.000000017155
9.000000000000	0.000000017285
9.500000000000	0.000000017383
10.000000000000	0.000000017461
10.500000000000	0.000000017516
11.000000000000	0.000000017558
11.500000000000	0.000000017654
12.000000000000	0.000000017704
12.500000000000	0.000000017734
13.000000000000	0.000000017709
13.500000000000	0.000000017743
14.000000000000	0.000000017838
14.500000000000	0.000000017842
15.000000000000	0.000000017858
15.500000000000	0.000000017864
16.000000000000	0.000000017870
16.500000000000	0.000000017903
17.000000000000	0.000000017923
17.500000000000	0.000000017949
18.000000000000	0.000000017922
18.500000000000	0.000000017936
19.000000000000	0.000000017984
19.500000000000	0.000000018027
20.000000000000	0.000000018009
20.500000000000	0.000000017999
21.000000000000	0.000000018029
21.500000000000	0.000000018080
22.000000000000	0.000000018077
22.500000000000	0.000000018070
23.000000000000	0.000000018059
23.500000000000	0.000000018066
24.000000000000	0.000000018091
24.500000000000	0.000000018119
25.000000000000	0.000000018134
25.500000000000	0.000000018112
26.000000000000	0.000000018130
26.500000000000	0.000000018103
27.000000000000	0.000000018139
27.500000000000	0.000000018155
28.000000000000	0.000000018078
28.500000000000	0.000000018142
29.000000000000	0.000000018141
29.500000000000	0.000000018165
30.000000000000	0.000000018107
30.500000000000	0.000000018531
31.000000000000	0.000000019002
31.500000000000	0.000000019501
32.000000000000	0.000000019568
32.500000000000	0.000000019809
33.000000000000	0.000000019823
33.500000000000	0.000000019909
34.000000000000	0.000000019980
34.500000000000	0.000000020020
35.000000000000	0.000000020121
35.500000000000	0.000000020130
36.000000000000	0.000000020168
36.500000000000	0.000000020159
37.000000000000	0.000000020205
37.500000000000	0.000000020274
38.000000000000	0.000000020277
38.500000000000	0.000000020295
39.000000000000	0.000000020283
39.500000000000	0.000000020304
40.000000000000	0.000000020346
40.500000000000	0.000000020337
41.000000000000	0.000000020344
41.500000000000	0.000000020332
42.000000000000	0.000000020326
42.500000000000	0.000000020386
43.000000000000	0.000000020393
43.500000000000	0.000000020396
44.000000000000	0.000000020410
44.500000000000	0.000000020439
45.000000000000	0.000000020426
45.500000000000	0.000000020444
46.000000000000	0.000000020419
46.500000000000	0.000000020467
47.000000000000	0.000000020425
47.500000000000	0.000000020498
48.000000000000	0.000000020479
48.500000000000	0.000000020513
49.000000000000	0.000000020534
49.500000000000	0.000000020574
50.000000000000	0.000000020547
50.500000000000	0.000000020578
51.000000000000	0.000000020556
51.500000000000	0.000000020578
52.000000000000	0.000000020582
52.500000000000	0.000000020580
53.000000000000	0.000000020659
53.500000000000	0.000000020570
54.000000000000	0.000000020579
54.500000000000	0.000000020568
55.000000000000	0.000000020604
55.500000000000	0.000000020629
56.000000000000	0.000000020585
56.500000000000	0.000000020606
57.000000000000	0.000000020636
57.500000000000	0.000000020651
58.000000000000	0.000000020683
58.500000000000	0.000000020606
59.000000000000	0.000000020662
59.500000000000	0.000000020619
60.000000000000	0.000000020693
60.500000000000	0.000000020425
61.000000000000	0.000000020060
61.500000000000	0.000000019361
62.000000000000	0.000000019305
62.500000000000	0.000000019262
63.000000000000	0.000000019227
63.500000000000	0.000000019184
64.000000000000	0.000000019157
64.500000000000	0.000000019084
65.000000000000	0.000000019082
65.500000000000	0.000000019085
66.000000000000	0.000000019064
66.500000000000	0.000000019025
67.000000000000	0.000000019016
67.500000000000	0.000000019046
68.000000000000	0.000000019021
68.500000000000	0.000000018955
69.000000000000	0.000000018894
69.500000000000	0.000000018916
70.000000000000	0.000000018916
70.500000000000	0.000000018919
71.000000000000	0.000000018913
71.500000000000	0.000000018868
72.000000000000	0.000000018846
72.500000000000	0.000000018839
73.000000000000	0.000000018953
73.500000000000	0.000000018901
74.000000000000	0.000000018911
74.500000000000	0.000000018883
75.000000000000	0.000000018871
75.500000000000	0.000000018903
76.000000000000	0.000000018830
76.500000000000	0.000000018827
77.000000000000	0.000000018890
77.500000000000	0.000000018847
78.000000000000	0.000000018902
78.500000000000	0.000000018910
79.000000000000	0.000000018889
79.500000000000	0.000000018885
80.000000000000	0.000000018895
80.500000000000	0.000000018920
81.000000000000	0.000000018913
81.500000000000	0.000000018899
82.000000000000	0.000000018892
82.500000000000	0.000000018872
83.000000000000	0.000000018885
83.500000000000	0.000000018917
84.000000000000	0.000000018894
84.500000000000	0.000000018834
85.000000000000	0.000000018874
85.500000000000	0.000000018907
86.000000000000	0.000000018886
86.500000000000	0.000000018833
87.000000000000	0.000000018932
87.500000000000	0.000000018849
88.000000000000	0.000000018920
88.500000000000	0.000000018884
89.000000000000	0.000000018856
89.500000000000	0.000000018823
90.000000000000	0.000000031581
90.500000000000	0.000000031336
91.000000000000	0.000000031142
91.500000000000	0.000000031034
92.000000000000	0.000000030925
92.500000000000	0.000000030836
93.000000000000	0.000000030711
93.500000000000	0.000000030665
94.000000000000	0.000000030664
94.500000000000	0.000000030592
95.000000000000	0.000000030494
95.500000000000	0.000000016645
96.000000000000	0.000000016985
96.500000000000	0.000000017279
97.000000000000	0.000000017443
97.500000000000	0.000000017546
98.000000000000	0.000000017642
98.500000000000	0.000000017716
99.000000000000	0.000000017882
99.500000000000	0.000000017958
100.000000000000	0.000000017991
100.500000000000	0.000000018083
101.000000000000	0.000000018113
101.500000000000	0.000000018188
102.000000000000	0.000000018173
102.500000000000	0.000000018233
103.000000000000	0.000000018264
103.500000000000	0.000000018306
104.000000000000	0.000000018345
104.500000000000	0.000000018328
105.000000000000	0.000000018345
105.500000000000	0.000000018375
106.000000000000	0.000000018411
106.500000000000	0.000000018399
107.000000000000	0.000000018414
107.500000000000	0.000000018415
108.000000000000	0.000000018442
108.500000000000	0.000000018415
109.000000000000	0.000000018447
109.500000000000	0.000000018480
110.000000000000	0.000000018459
110.500000000000	0.000000018475
111.000000000000	0.000000018516
111.500000000000	0.000000018514
112.000000000000	0.000000018515
112.500000000000	0.000000018537
113.000000000000	0.000000018487
113.500000000000	0.000000018512
114.000000000000	0.000000018539
114.500000000000	0.000000018564
115.000000000000	0.000000018562
115.500000000000	0.000000018537
116.000000000000	0.000000018594
116.500000000000	0.000000018621
117.000000000000	0.000000018635
117.500000000000	0.000000018540
118.000000000000	0.000000018535
118.500000000000	0.000000018563
119.000000000000	0.000000018590
119.500000000000	0.000000018597
120.000000000000	0.000000020052
120.500000000000	0.000000019543
121.000000000000	0.000000019952
121.500000000000	0.000000020353
122.000000000000	0.000000020532
122.500000000000	0.000000021652
123.000000000000	0.000000020900
123.500000000000	0.000000021047
124.000000000000	0.000000021234
124.500000000000	0.000000021331
125.000000000000	0.000000021363
125.500000000000	0.000000021427
126.000000000000	0.000000021495
126.500000000000	0.000000021555
127.000000000000	0.000000021568
127.500000000000	0.000000021587
128.000000000000	0.000000021611
128.500000000000	0.000000021660
129.000000000000	0.000000021671
129.500000000000	0.000000021695
130.000000000000	0.000000021731
130.500000000000	0.000000021723
131.000000000000	0.000000021726
131.500000000000	0.000000021746
132.000000000000	0.000000021788
132.500000000000	0.000000021797
133.000000000000	0.000000021830
133.500000000000	0.000000021858
134.000000000000	0.000000021864
134.500000000000	0.000000021868
135.000000000000	0.000000021897
135.500000000000	0.000000021854
136.000000000000	0.000000021876
136.500000000000	0.000000021874
137.000000000000	0.000000021916
137.500000000000	0.000000021922
138.000000000000	0.000000021935
138.500000000000	0.000000021916
139.000000000000	0.000000021915
139.500000000000	0.000000021947
140.000000000000	0.000000021972
140.500000000000	0.000000021983
141.000000000000	0.000000021974
141.500000000000	0.000000021979
142.000000000000	0.000000022005
142.500000000000	0.000000021998
143.000000000000	0.000000022009
143.500000000000	0.000000022006
144.000000000000	0.000000021994
144.500000000000	0.000000022048
145.000000000000	0.000000022076
145.500000000000	0.000000022125
146.000000000000	0.000000022107
146.500000000000	0.000000022053
147.000000000000	0.000000022060
147.500000000000	0.000000022128
148.000000000000	0.000000022156
148.500000000000	0.000000022126
149.000000000000	0.000000022101
149.500000000000	0.000000022102
150.000000000000	0.000000021164
150.500000000000	0.000000021779
151.000000000000	0.000000021508
151.500000000000	0.000000021062
152.000000000000	0.000000020638
152.500000000000	0.000000019129
153.000000000000	0.000000019713
153.500000000000	0.000000019674
154.000000000000	0.000000019599
154.500000000000	0.000000019570
155.000000000000	0.000000019549
155.500000000000	0.000000019456
156.000000000000	0.000000019438
156.500000000000	0.000000019410
157.000000000000	0.000000019341
157.500000000000	0.000000019392
158.000000000000	0.000000019381
158.500000000000	0.000000019339
159.000000000000	0.000000019288
159.500000000000	0.000000019248
160.000000000000	0.000000019261
160.500000000000	0.000000019293
161.000000000000	0.000000019267
161.500000000000	0.000000019216
162.000000000000	0.000000019221
162.500000000000	0.000000019215
163.000000000000	0.000000019251
163.500000000000	0.000000019232
164.000000000000	0.000000019187
164.500000000000	0.000000019175
165.000000000000	0.000000019222
165.500000000000	0.000000019244
166.000000000000	0.000000019250
166.500000000000	0.000000019234
167.000000000000	0.000000019242
167.500000000000	0.000000019269
168.000000000000	0.000000019287
168.500000000000	0.000000019260
169.000000000000	0.000000019233
169.500000000000	0.000000019189
170.000000000000	0.000000019256
170.500000000000	0.000000019221
171.000000000000	0.000000019233
171.500000000000	0.000000019239
172.000000000000	0.000000019247
172.500000000000	0.000000019241
173.000000000000	0.000000019220
173.500000000000	0.000000019239
174.000000000000	0.000000019248
174.500000000000	0.000000019261
175.000000000000	0.000000019260
175.500000000000	0.000000019293
176.000000000000	0.000000019216
176.500000000000	0.000000019246
177.000000000000	0.000000019269
177.500000000000	0.000000019242
178.000000000000	0.000000019234
178.500000000000	0.000000019220
179.000000000000	0.000000019243
179.500000000000	0.000000019240
180.000000000000	0.000000031997
180.500000000000	0.000000031612
181.000000000000	0.000000031436
181.500000000000	0.000000031259
182.000000000000	0.000000031185
182.500000000000	0.000000031112
183.000000000000	0.000000031056
183.500000000000	0.000000030944
184.000000000000	0.000000030895
184.500000000000	0.000000030829
185.000000000000	0.000000030800
185.500000000000	0.000000017083
186.000000000000	0.000000017433
186.500000000000	0.000000017632
187.000000000000	0.000000017805
187.500000000000	0.000000017976
188.000000000000	0.000000018104
188.500000000000	0.000000018160
189.000000000000	0.000000018250
189.500000000000	0.000000018327
190.000000000000	0.000000018387
190.500000000000	0.000000018455
191.000000000000	0.000000018476
191.500000000000	0.000000018546
192.000000000000	0.000000018558
192.500000000000	0.000000018573
193.000000000000	0.000000018613
193.500000000000	0.000000018625
194.000000000000	0.000000018646
194.500000000000	0.000000018656
195.000000000000	0.000000018637
195.500000000000	0.000000018720
196.000000000000	0.000000018700
196.500000000000	0.000000018714
197.000000000000	0.000000018721
197.500000000000	0.000000018696
198.000000000000	0.000000018763
198.500000000000	0.000000018718
199.000000000000	0.000000018749
199.500000000000	0.000000018735
200.000000000000	0.000000018759
200.500000000000	0.000000018770
201.000000000000	0.000000018793
201.500000000000	0.000000018797
202.000000000000	0.000000018763
202.500000000000	0.000000018806
203.000000000000	0.000000018812
203.500000000000	0.000000018809
204.000000000000	0.000000018850
204.500000000000	0.000000018828
205.000000000000	0.000000018820
205.500000000000	0.000000018864
206.000000000000	0.000000018840
206.500000000000	0.000000018892
207.000000000000	0.000000018847
207.500000000000	0.000000018870
208.000000000000	0.000000018833
208.500000000000	0.000000018803
209.000000000000	0.000000018922
209.500000000000	0.000000018888
210.000000000000	0.000000019865
210.500000000000	0.000000019637
211.000000000000	0.000000019975
211.500000000000	0.000000020508
212.000000000000	0.000000020793
212.500000000000	0.000000021765
213.000000000000	0.000000021427
213.500000000000	0.000000021618
214.000000000000	0.000000021776
214.500000000000	0.000000021927
215.000000000000	0.000000022035
215.500000000000	0.000000022140
216.000000000000	0.000000022310
216.500000000000	0.000000022420
217.000000000000	0.000000022471
217.500000000000	0.000000022506
218.000000000000	0.000000022552
218.500000000000	0.000000022615
219.000000000000	0.000000022640
219.500000000000	0.000000022738
220.000000000000	0.000000022702
220.500000000000	0.000000022700
221.000000000000	0.000000022739
221.500000000000	0.000000022746
222.000000000000	0.000000022776
222.500000000000	0.000000022788
223.000000000000	0.000000022812
223.500000000000	0.000000022871
224.000000000000	0.000000022923
224.500000000000	0.000000022990
225.000000000000	0.000000022926
225.500000000000	0.000000022912
226.000000000000	0.000000022870
226.500000000000	0.000000022949
227.000000000000	0.000000022985
227.500000000000	0.000000023019
228.000000000000	0.000000022981
228.500000000000	0.000000023003
229.000000000000	0.000000023016
229.500000000000	0.000000023011
230.000000000000	0.000000023080
230.500000000000	0.000000023067
231.000000000000	0.000000023119
231.500000000000	0.000000023072
232.000000000000	0.000000023096
232.500000000000	0.000000023131
233.000000000000	0.000000023124
233.500000000000	0.000000023131
234.000000000000	0.000000023101
234.500000000000	0.000000023136
235.000000000000	0.000000023147
235.500000000000	0.000000023120
236.000000000000	0.000000023110
236.500000000000	0.000000023124
237.000000000000	0.000000023146
237.500000000000	0.000000023194
238.000000000000	0.000000023203
238.500000000000	0.000000023107
239.000000000000	0.000000023111
239.500000000000	0.000000023196
240.000000000000	0.000000022627
240.500000000000	0.000000022991
241.000000000000	0.000000022722
241.500000000000	0.000000022498
242.000000000000	0.000000022282
242.500000000000	0.000000021539
243.000000000000	0.000000021580
243.500000000000	0.000000021117
244.000000000000	0.000000020365
244.500000000000	0.000000020236
245.000000000000	0.000000020242
245.500000000000	0.000000020173
246.000000000000	0.000000020088
246.500000000000	0.000000020046
247.000000000000	0.000000020010
247.500000000000	0.000000019973
248.000000000000	0.000000019985
248.500000000000	0.000000019861
249.000000000000	0.000000019893
249.500000000000	0.000000019853
250.000000000000	0.000000019842
250.500000000000	0.000000019876
251.000000000000	0.000000019781
251.500000000000	0.000000019726
252.000000000000	0.000000019743
252.500000000000	0.000000019811
253.000000000000	0.000000019817
253.500000000000	0.000000019775
254.000000000000	0.000000019757
254.500000000000	0.000000019743
255.000000000000	0.000000019712
255.500000000000	0.000000019794
256.000000000000	0.000000019724
256.500000000000	0.000000019723
257.000000000000	0.000000019755
257.500000000000	0.000000019754
258.000000000000	0.000000019742
258.500000000000	0.000000019741
259.000000000000	0.000000019754
259.500000000000	0.000000019725
260.000000000000	0.000000019722
260.500000000000	0.000000019782
261.000000000000	0.000000019735
261.500000000000	0.000000019731
262.000000000000	0.000000019758
262.500000000000	0.000000019760
263.000000000000	0.000000019748
263.500000000000	0.000000019735
264.000000000000	0.000000019788
264.500000000000	0.000000019732
265.000000000000	0.000000019733
265.500000000000	0.000000019727
266.000000000000	0.000000019696
266.500000000000	0.000000019739
267.000000000000	0.000000019693
267.500000000000	0.000000019714
268.000000000000	0.000000019730
268.500000000000	0.000000019760
269.000000000000	0.000000019744
269.500000000000	0.000000019685
270.000000000000	0.000000032257
270.500000000000	0.000000031984
271.000000000000	0.000000031853
271.500000000000	0.000000031737
272.000000000000	0.000000031602
272.500000000000	0.000000031519
273.000000000000	0.000000031433
273.500000000000	0.000000031367
274.000000000000	0.000000031272
274.500000000000	0.000000031202
275.000000000000	0.000000016946
275.500000000000	0.000000017737
276.000000000000	0.000000018033
276.500000000000	0.000000018207
277.000000000000	0.000000018367
277.500000000000	0.000000018498
278.000000000000	0.000000018676
278.500000000000	0.000000018662
279.000000000000	0.000000018757
279.500000000000	0.000000018776
280.000000000000	0.000000018769
280.500000000000	0.000000018934
281.000000000000	0.000000018961
281.500000000000	0.000000019018
282.000000000000	0.000000019023
282.500000000000	0.000000019026
283.000000000000	0.000000019067
283.500000000000	0.000000019081
284.000000000000	0.000000019086
284.500000000000	0.000000019139
285.000000000000	0.000000019152
285.500000000000	0.000000019180
286.000000000000	0.000000019180
286.500000000000	0.000000019148
287.000000000000	0.000000019193
287.500000000000	0.000000019199
288.000000000000	0.000000019214
288.500000000000	0.000000019238
289.000000000000	0.000000019251
289.500000000000	0.000000019264
290.000000000000	0.000000019282
290.500000000000	0.000000019250
291.000000000000	0.000000019305
291.500000000000	0.000000019237
292.000000000000	0.000000019243
292.500000000000	0.000000019248
293.000000000000	0.000000019215
293.500000000000	0.000000019289
294.000000000000	0.000000019310
294.500000000000	0.000000019314
295.000000000000	0.000000019276
295.500000000000	0.000000019248
296.000000000000	0.000000019321
296.500000000000	0.000000019350
297.000000000000	0.000000019335
297.500000000000	0.000000019370
298.000000000000	0.000000019369
298.500000000000	0.000000019348
299.000000000000	0.000000019355
299.500000000000	0.000000019363
