Voltage   	Current	
29.978480	4.244644E-8
29.000370	4.132464E-8
28.000850	4.091586E-8
27.000500	4.030059E-8
26.001430	3.985827E-8
25.000410	3.939929E-8
24.001230	3.876877E-8
23.000930	3.812845E-8
22.000430	3.739278E-8
21.001100	3.667732E-8
20.000530	3.592779E-8
19.000900	3.507273E-8
18.000820	3.406535E-8
17.001430	3.306300E-8
16.001000	3.196473E-8
15.001460	3.084718E-8
14.000950	2.962229E-8
13.001610	2.846910E-8
12.001070	2.721955E-8
11.001300	2.600224E-8
10.000840	2.475939E-8
9.001654	2.364223E-8
8.001027	2.244469E-8
7.000350	2.131789E-8
6.001148	2.026037E-8
5.000544	1.917400E-8
4.001106	1.804764E-8
3.000364	1.717189E-8
2.001069	1.723480E-8
1.000399	1.478450E-8
0.000936	1.420189E-8
0.998790	1.328980E-8
1.999331	1.247171E-8
2.998764	1.169860E-8
3.999291	1.077781E-8
4.998406	9.982133E-9
5.999183	9.217530E-9
6.998453	8.542148E-9
7.998933	7.799306E-9
8.999709	7.180254E-9
9.998988	6.586504E-9
10.999590	5.985363E-9
11.998870	5.405791E-9
12.999170	4.812653E-9
13.998660	4.279078E-9
14.999190	3.784121E-9
15.998340	3.298526E-9
16.998800	2.787116E-9
17.998220	2.375765E-9
18.998650	1.912234E-9
19.998150	1.514142E-9
20.998650	1.242623E-9
21.998040	1.009719E-9
22.998460	8.496417E-10
23.998900	6.344005E-10
24.998240	4.318622E-10
25.998500	3.392472E-10
26.998330	1.683334E-10
27.998690	2.600800E-11
28.998000	-1.485583E-10
