Voltage   	Current	
29.979830	4.630031E-9
29.000320	4.822244E-9
28.000980	4.826139E-9
27.000740	4.818449E-9
26.001140	4.800936E-9
25.000760	4.851292E-9
24.001200	4.894918E-9
23.000650	5.072908E-9
22.000220	4.913391E-9
21.000840	4.926853E-9
20.000730	4.947701E-9
19.001460	4.910101E-9
18.001010	4.919159E-9
17.001630	4.913641E-9
16.000400	4.917536E-9
15.001470	4.955039E-9
14.000570	4.985307E-9
13.001520	4.961771E-9
12.001190	4.965922E-9
11.001810	4.953165E-9
10.001090	4.961064E-9
9.001842	4.860148E-9
8.001456	4.853365E-9
7.000813	5.001600E-9
6.001616	5.020580E-9
5.000844	4.997855E-9
4.001617	5.013749E-9
3.001111	5.021995E-9
2.001863	5.011518E-9
1.001043	5.020832E-9
0.001554	5.109749E-9
0.999254	5.114054E-9
1.999764	5.047447E-9
2.998849	5.008987E-9
3.999385	4.998619E-9
4.998870	5.017036E-9
5.999483	5.025588E-9
6.998651	5.019167E-9
7.999277	5.027156E-9
8.999688	5.059547E-9
9.999052	5.060459E-9
10.999700	5.048362E-9
11.999120	5.062991E-9
12.999200	5.053528E-9
13.998490	5.064912E-9
14.999140	5.053477E-9
15.998560	5.050793E-9
16.999110	5.066229E-9
17.998450	5.092445E-9
18.998800	5.099585E-9
19.998000	5.123721E-9
20.998480	5.120989E-9
21.997780	5.080857E-9
22.998480	5.083894E-9
23.998590	5.090877E-9
24.998100	5.083890E-9
25.998570	5.131413E-9
26.998190	5.093052E-9
27.998790	5.108133E-9
28.998140	5.103933E-9
