Voltage   	Current	
14.991720	2.164093E-8
13.999630	2.172905E-8
13.000270	2.174042E-8
11.999950	2.174913E-8
11.000590	2.166511E-8
10.000160	2.168125E-8
9.000859	2.154183E-8
8.000409	2.145204E-8
6.999753	2.132386E-8
6.000826	2.120527E-8
5.000097	2.105835E-8
4.000759	2.089383E-8
3.000025	2.076120E-8
2.000476	2.056835E-8
0.999601	2.029851E-8
0.000164	2.001399E-8
0.998048	1.968878E-8
1.998730	1.937425E-8
2.997940	1.896416E-8
3.998510	1.852590E-8
4.997711	1.806465E-8
5.998518	1.745552E-8
6.997715	1.685389E-8
7.998397	1.613762E-8
8.998645	1.541811E-8
9.997876	1.462761E-8
10.998520	1.372556E-8
11.998090	1.282614E-8
12.998420	1.182464E-8
13.997760	1.074551E-8
