Voltage   	Current	
14.991410	3.915225E-9
14.000400	3.830250E-9
13.001250	3.804592E-9
12.000870	3.729839E-9
11.001540	3.685912E-9
10.000870	3.714810E-9
9.001529	3.692337E-9
8.001087	3.644058E-9
7.000169	3.566826E-9
6.000972	3.525173E-9
5.000102	3.544457E-9
4.000935	3.482511E-9
3.000304	3.471124E-9
2.001026	3.348192E-9
1.000666	3.419046E-9
0.001091	3.344246E-9
0.998936	3.340702E-9
1.999682	3.256081E-9
2.998682	3.205574E-9
3.999227	3.095903E-9
4.998441	3.006678E-9
5.999196	2.944782E-9
6.998093	2.829746E-9
7.998839	2.709498E-9
8.999443	2.577508E-9
9.998949	2.420973E-9
10.999480	2.268890E-9
11.999080	2.000509E-9
12.999660	1.801260E-9
13.998730	1.637789E-9
