Voltage   	Current	
29.983560	-9.996682E-10
29.000150	-6.176392E-10
28.000900	-5.880304E-10
27.000440	-5.620151E-10
26.001520	-5.429839E-10
25.000980	-5.340766E-10
24.001490	-4.997099E-10
23.001070	-4.826535E-10
22.000480	-4.607888E-10
21.001130	-4.408467E-10
20.000690	-4.209558E-10
19.001360	-4.047089E-10
18.000840	-4.207030E-10
17.001220	-3.618904E-10
16.001050	-3.378995E-10
15.001740	-2.969538E-10
14.000800	-2.725581E-10
13.001390	-2.256397E-10
12.001120	-1.427349E-10
11.001860	-3.128492E-11
10.000970	9.707045E-11
9.001735	2.014856E-10
8.001216	3.498743E-10
7.000787	5.148594E-10
6.001504	6.412299E-10
5.000642	8.178551E-10
4.001368	1.006121E-9
3.000635	1.273184E-9
2.001416	1.515500E-9
1.000653	1.764647E-9
0.001052	1.978520E-9
0.998846	2.247406E-9
1.999258	2.427016E-9
2.998296	2.610777E-9
3.999136	2.784617E-9
4.998299	2.930979E-9
5.999032	3.049353E-9
6.998273	3.254674E-9
7.998813	3.410551E-9
8.999477	3.547951E-9
9.998589	3.675893E-9
10.999210	3.795228E-9
11.998670	3.958847E-9
12.998920	4.020691E-9
13.998260	4.154199E-9
14.998800	4.281680E-9
15.998290	4.352787E-9
16.998950	4.457955E-9
17.998560	4.627340E-9
18.998710	4.793591E-9
19.998130	4.942331E-9
20.998600	5.094358E-9
21.998370	5.219718E-9
22.998700	5.187226E-9
23.998770	5.248262E-9
24.998670	5.350641E-9
25.999060	5.431315E-9
26.998470	5.556623E-9
27.998830	5.672971E-9
28.998290	5.741899E-9
