Voltage   	Current	
14.991600	2.133097E-8
13.999670	2.157138E-8
13.000470	2.155658E-8
11.999940	2.150334E-8
11.000640	2.146276E-8
10.000130	2.138350E-8
9.000813	2.133229E-8
8.000195	2.123067E-8
6.999809	2.111214E-8
6.000710	2.099579E-8
5.000016	2.087651E-8
4.000797	2.075480E-8
2.999987	2.054675E-8
2.000532	2.030937E-8
0.999949	2.024314E-8
0.000160	1.981464E-8
0.998065	1.834132E-8
1.998597	1.772895E-8
2.997935	1.727945E-8
3.998716	1.687949E-8
4.997690	1.646510E-8
5.998423	1.606590E-8
6.997706	1.570409E-8
7.998358	1.533025E-8
8.998796	1.484289E-8
9.998018	1.442866E-8
10.998480	1.394124E-8
11.997750	1.350571E-8
12.998180	1.316131E-8
13.997600	1.273382E-8
