Voltage   	Current	
19.984970	-7.764096E-10
19.000800	-3.595100E-10
17.999940	-3.550051E-10
17.000780	-3.131993E-10
16.000080	-3.011024E-10
15.000840	-2.916375E-10
14.000490	-2.557526E-10
13.001300	-1.966367E-10
12.000920	-2.221965E-10
11.001100	-2.143008E-10
10.000640	-1.930435E-10
9.001718	-1.682934E-10
8.001109	-1.381276E-10
7.000337	-9.642270E-11
6.001213	-6.823131E-11
5.000243	-1.215203E-11
4.000853	1.602361E-10
3.000042	1.981453E-10
2.000695	1.382700E-10
0.999992	4.082259E-10
0.000576	5.683014E-10
0.998322	8.971573E-10
1.999004	9.880508E-10
2.998098	1.194129E-9
3.998870	1.358101E-9
4.998170	1.578199E-9
5.998852	1.751534E-9
6.998290	1.926487E-9
7.998998	2.041319E-9
8.999345	2.185402E-9
9.998889	2.433031E-9
10.999160	2.548824E-9
11.998580	2.737493E-9
12.999160	2.879501E-9
13.998390	3.108354E-9
14.998770	3.220908E-9
15.998460	3.340293E-9
16.998590	3.498799E-9
17.998150	3.619805E-9
18.998380	3.715556E-9
