Voltage   	Current	
29.976560	7.626556E-9
29.000830	6.727116E-9
28.001580	6.420463E-9
27.001270	6.161593E-9
26.001350	5.803422E-9
25.001200	5.376021E-9
24.001770	4.739903E-9
23.001340	4.118864E-9
22.000880	3.356978E-9
21.001220	2.716557E-9
20.000890	2.176295E-9
19.001490	1.729559E-9
18.001090	1.341227E-9
17.001350	9.840215E-10
16.000710	8.117445E-10
15.001230	6.649249E-10
14.000790	5.735229E-10
13.001340	4.866254E-10
12.001420	4.038272E-10
11.001920	3.492190E-10
10.001160	2.726965E-10
9.002009	2.218317E-10
8.001452	1.770380E-10
7.000929	1.054185E-10
6.001380	6.067545E-11
5.000320	3.643115E-11
4.001076	9.504342E-12
3.000519	8.492651E-13
2.001172	-1.823225E-11
1.000554	-7.350204E-12
0.001018	-3.625109E-11
0.998889	-6.930229E-11
1.999554	-4.556405E-11
2.998888	-4.191980E-11
3.999321	-4.672829E-11
4.998733	-6.970710E-11
5.999273	-8.625820E-11
6.998230	-8.570131E-11
7.998822	-8.413217E-11
8.999379	-9.572282E-11
9.998863	-1.049853E-10
10.999510	-1.093885E-10
11.998890	-1.168796E-10
12.999110	-1.259901E-10
13.998450	-1.336330E-10
14.999070	-1.434520E-10
15.998160	-1.495763E-10
16.999060	-1.571686E-10
17.998340	-1.623310E-10
18.998700	-1.717960E-10
19.998140	-1.817670E-10
20.998200	-1.891564E-10
21.997950	-1.362647E-10
22.998760	-2.135527E-10
23.999350	-2.193229E-10
24.998950	-2.186141E-10
25.999310	-2.283829E-10
26.998530	-2.427570E-10
27.998900	-2.470084E-10
28.997830	-2.520192E-10
