Voltage   	Current	
14.991410	1.115360E-8
13.999590	9.746832E-9
13.000290	9.611604E-9
11.999770	9.648093E-9
11.000280	9.741976E-9
10.000050	9.904075E-9
9.001001	1.021577E-8
8.000229	1.050718E-8
6.999599	1.102956E-8
6.000539	1.155380E-8
4.999840	1.225576E-8
4.000493	1.297546E-8
2.999824	1.380037E-8
2.000511	1.469043E-8
0.999850	1.566830E-8
0.000374	1.649838E-8
0.998271	1.697729E-8
1.998532	1.781693E-8
2.997957	1.853366E-8
3.998519	1.919824E-8
4.997801	1.973105E-8
5.998668	2.022954E-8
6.997900	2.067876E-8
7.998556	2.101611E-8
8.998993	2.144485E-8
9.998413	2.174700E-8
10.998650	2.208036E-8
11.998400	2.236174E-8
12.998500	2.265161E-8
13.997720	2.304609E-8
