Voltage   	Current	
14.990300	-5.932213E-11
13.999420	-6.330575E-12
13.000360	-2.141332E-11
11.999720	-1.569408E-11
11.000380	-6.988576E-12
9.999902	2.353094E-11
9.000430	8.148272E-11
8.000023	1.137231E-10
6.999376	1.976393E-10
6.000243	3.221908E-10
4.999548	4.229019E-10
4.000218	6.310550E-10
3.000017	7.985183E-10
2.000365	9.350102E-10
0.999661	1.062443E-9
0.000151	1.109559E-9
0.997932	1.174084E-9
1.998511	1.180006E-9
2.997849	1.255767E-9
3.998437	1.281123E-9
4.997638	1.297165E-9
5.998573	1.315485E-9
6.997479	1.365486E-9
7.998182	1.358553E-9
8.998650	1.361589E-9
9.997890	1.412907E-9
10.998560	1.407036E-9
11.997900	1.435933E-9
12.998290	1.426621E-9
13.997570	1.427482E-9
