Voltage   	Current	
29.978190	3.245598E-8
29.001060	3.079430E-8
28.001440	3.029356E-8
27.001090	2.973651E-8
26.001630	2.951000E-8
25.001040	2.894176E-8
24.001650	2.853579E-8
23.001400	2.794224E-8
22.000680	2.744754E-8
21.001560	2.696184E-8
20.000910	2.640008E-8
19.001590	2.567746E-8
18.000990	2.508072E-8
17.001480	2.445720E-8
16.001290	2.387060E-8
15.001750	2.319374E-8
14.001210	2.269058E-8
13.001660	2.179568E-8
12.001320	2.120649E-8
11.002200	2.057062E-8
10.001370	1.996194E-8
9.002006	1.897737E-8
8.001324	1.862823E-8
7.000955	1.799424E-8
6.001208	1.747814E-8
5.000316	1.688687E-8
4.001428	1.607285E-8
3.000905	1.558873E-8
2.001077	1.483060E-8
1.000588	1.428675E-8
0.001001	1.380962E-8
0.998782	1.433558E-8
1.999592	1.302547E-8
2.998892	1.243956E-8
3.999686	1.175506E-8
4.998458	1.183326E-8
5.999230	1.065306E-8
6.998101	9.958493E-9
7.998981	9.362827E-9
8.999070	8.862461E-9
9.998731	8.321858E-9
10.999320	7.861735E-9
11.998970	7.436381E-9
12.999270	6.743994E-9
13.998660	6.306643E-9
14.999140	5.599476E-9
15.998370	5.254342E-9
16.998880	4.696586E-9
17.998310	4.156999E-9
18.998780	3.684678E-9
19.998330	3.211648E-9
20.998360	2.761949E-9
21.997940	2.222768E-9
22.998370	1.739818E-9
23.998770	1.304547E-9
24.998230	9.507101E-10
25.998820	7.324666E-10
26.998380	5.447936E-10
27.998740	4.241325E-10
28.998260	4.005973E-10
