Voltage   	Current	
29.978570	3.154655E-8
29.000280	3.007535E-8
28.000750	2.905462E-8
27.000220	2.786961E-8
26.001320	2.606404E-8
25.000750	2.392226E-8
24.001470	2.045819E-8
23.000940	1.739089E-8
22.000040	1.444954E-8
21.000500	1.140589E-8
20.000370	9.058591E-9
19.001030	7.337643E-9
18.000650	5.534802E-9
17.001340	4.133998E-9
16.000820	3.368235E-9
15.001170	2.709815E-9
14.000870	2.019460E-9
13.001290	1.634378E-9
12.000760	1.354561E-9
11.001750	1.065078E-9
10.000830	9.186670E-10
9.001512	5.177944E-10
8.001061	2.644971E-10
7.000418	6.002190E-11
6.001371	1.846821E-10
5.000419	7.009394E-11
4.001025	-1.301284E-11
3.000506	-6.570108E-11
2.001172	-5.218748E-11
1.000605	-7.045872E-11
0.001121	-8.842641E-11
0.998691	-1.182376E-10
1.999099	-1.310934E-10
2.998497	-1.419753E-10
3.999338	-1.587786E-10
4.998647	-1.666240E-10
5.999427	-1.799856E-10
6.998324	-2.069624E-10
7.998800	-2.134914E-10
8.999074	-2.222475E-10
9.998267	-2.657748E-10
10.999000	-2.691152E-10
11.998750	-2.714435E-10
12.999270	-2.983695E-10
13.998510	-2.963959E-10
14.998440	-3.395175E-10
15.997960	-3.498938E-10
16.998610	-3.980268E-10
17.998050	-3.646726E-10
18.998790	-3.717078E-10
19.998140	-3.992413E-10
20.998350	-4.221189E-10
21.997420	-4.426172E-10
22.997910	-4.540048E-10
23.998310	-4.445401E-10
24.997860	-4.623053E-10
25.998620	-4.936354E-10
26.998140	-5.035549E-10
27.998500	-5.236994E-10
28.997770	-5.436915E-10
