Voltage   	Current	
14.991370	1.134356E-9
13.999600	1.079598E-9
13.000420	1.041844E-9
12.000140	1.012339E-9
11.000750	1.028129E-9
10.000140	1.028483E-9
9.000696	1.013604E-9
8.000422	1.011377E-9
6.999539	9.840485E-10
6.000110	9.998892E-10
4.999312	9.717509E-10
4.000428	9.765585E-10
2.999785	9.864778E-10
2.000584	9.626919E-10
1.000000	9.721053E-10
0.000344	9.392097E-10
0.998537	9.860728E-10
1.998901	9.211423E-10
2.998176	9.126398E-10
3.998742	9.187637E-10
4.998093	9.021641E-10
5.998977	8.838943E-10
6.997754	8.743798E-10
7.998238	8.275167E-10
8.998598	7.856633E-10
9.997932	7.367248E-10
10.998360	7.130400E-10
11.997940	6.595975E-10
12.998540	5.841402E-10
13.998070	5.685528E-10
