Voltage   	Current	
29.982360	-6.661183E-10
28.999950	-3.815732E-10
28.000510	-3.768154E-10
27.000260	-3.961498E-10
26.000860	-3.985286E-10
25.000260	-4.147749E-10
24.000640	-4.198365E-10
23.000210	-3.695271E-10
21.999900	-4.130544E-10
21.000380	-3.619356E-10
20.000130	-4.082965E-10
19.000760	-2.980114E-10
18.000140	-2.296337E-10
17.000650	-3.045910E-10
16.000330	-1.504247E-10
15.000870	-8.371698E-11
14.000440	-3.300288E-11
13.001180	7.060130E-11
12.000880	1.421677E-10
11.001650	2.589300E-10
10.000950	3.407133E-10
9.001568	5.749800E-10
8.001143	4.822652E-10
7.000302	9.357679E-10
6.001191	1.295189E-9
5.000453	3.114513E-9
4.000952	2.160542E-9
3.000197	3.020836E-9
2.001266	3.862809E-9
1.000610	5.165218E-9
0.000481	6.248495E-9
0.998507	6.466416E-9
1.998970	8.151476E-9
2.998407	9.091325E-9
3.998819	1.026848E-8
4.998033	1.074809E-8
5.998934	1.287431E-8
6.998196	1.360955E-8
7.998869	1.491135E-8
8.999125	1.616873E-8
9.998576	1.678013E-8
10.998950	1.951287E-8
11.998360	1.816513E-8
12.998830	1.917462E-8
13.998310	1.989422E-8
14.998630	2.085132E-8
15.998230	2.173804E-8
16.998600	2.252874E-8
17.997980	2.344277E-8
18.998590	2.406366E-8
19.997850	2.490548E-8
20.997950	2.545518E-8
21.997540	2.612255E-8
22.998220	2.693963E-8
23.998240	2.747541E-8
24.997430	2.780919E-8
25.998330	2.877976E-8
26.997550	2.939311E-8
27.997960	2.975510E-8
28.997330	3.021691E-8
