Voltage   	Current	
29.978640	-2.091892E-10
29.001000	1.970915E-11
28.001700	3.297135E-11
27.001370	3.459119E-11
26.001640	4.000754E-11
25.001510	5.463616E-11
24.001930	6.799976E-11
23.001570	6.025515E-11
22.001190	6.319105E-11
21.001470	6.400100E-11
20.001310	5.974907E-11
19.001790	7.513713E-11
18.001330	8.212263E-11
17.001660	1.160877E-10
16.000940	1.074320E-10
15.001860	2.457723E-10
14.001190	4.170509E-10
13.001720	7.146120E-10
12.001340	1.092498E-9
11.002130	1.542509E-9
10.001270	1.987357E-9
9.002121	2.331936E-9
8.002019	2.552513E-9
7.001131	2.850174E-9
6.001672	3.254025E-9
5.000964	3.490846E-9
4.001681	3.758998E-9
3.001021	3.924152E-9
2.001871	4.225808E-9
1.001275	4.320811E-9
0.001524	4.768847E-9
0.999249	4.627480E-9
1.999931	4.845983E-9
2.999244	4.984410E-9
3.999690	5.034467E-9
4.998848	5.179473E-9
5.999487	5.297349E-9
6.998560	5.366591E-9
7.999105	5.537058E-9
8.999512	5.627097E-9
9.998923	5.959528E-9
10.999650	6.088643E-9
11.998820	5.931182E-9
12.999290	6.313873E-9
13.998810	6.407712E-9
14.999440	6.484795E-9
15.998490	6.289576E-9
16.999410	6.640684E-9
17.998700	6.759473E-9
18.999200	6.499772E-9
19.998250	6.841513E-9
20.998950	6.872280E-9
21.998110	6.940455E-9
22.998970	6.931649E-9
23.999230	7.012074E-9
24.998780	7.083287E-9
25.999340	7.138302E-9
26.998770	7.197218E-9
27.999130	7.216249E-9
28.998280	7.320703E-9
