Voltage   	Current	
14.992560	2.041382E-8
14.000840	1.920501E-8
13.001680	1.904877E-8
12.001200	1.912914E-8
11.001690	1.933361E-8
10.000990	1.954167E-8
9.001821	1.983694E-8
8.001461	2.016779E-8
7.000740	2.055660E-8
6.001410	2.102033E-8
5.000548	2.154558E-8
4.001184	2.214724E-8
3.000969	2.274380E-8
2.001575	2.342341E-8
1.000790	2.412190E-8
0.001125	2.469871E-8
0.998816	2.515497E-8
1.999798	2.569330E-8
2.998798	2.607386E-8
3.999450	2.646439E-8
4.999097	2.682069E-8
5.999110	2.714064E-8
6.998496	2.743054E-8
7.999041	2.772104E-8
8.999443	2.797062E-8
9.998894	2.821387E-8
10.999550	2.846514E-8
11.999320	2.869005E-8
12.999450	2.891197E-8
13.998660	2.912418E-8
