Voltage   	Current	
14.990330	2.254895E-8
13.999600	2.275068E-8
13.000490	2.281966E-8
12.000370	2.275358E-8
11.000960	2.272456E-8
10.000530	2.257723E-8
9.000898	2.254369E-8
8.000229	2.238306E-8
6.999895	2.226716E-8
6.000668	2.211671E-8
4.999544	2.191962E-8
4.000342	2.173866E-8
2.999721	2.150421E-8
2.000249	2.123111E-8
0.999709	2.089345E-8
8.083338E-7	2.051524E-8
0.997953	2.021083E-8
1.998627	1.965727E-8
2.997935	1.913159E-8
3.998660	1.856888E-8
4.997879	1.793051E-8
5.998599	1.719805E-8
6.997526	1.648415E-8
7.998204	1.570185E-8
8.998555	1.484105E-8
9.998237	1.397868E-8
10.998790	1.305127E-8
11.998310	1.211608E-8
12.998910	1.127952E-8
13.997830	1.044579E-8
