Voltage   	Current	
29.978420	6.542182E-9
29.000560	5.708704E-9
28.000890	5.591442E-9
27.000640	5.443206E-9
26.001180	5.273163E-9
25.000630	5.066832E-9
24.001190	4.800020E-9
23.000900	4.615146E-9
22.000480	4.337908E-9
21.000600	4.089825E-9
20.000430	3.776556E-9
19.001150	3.387877E-9
18.000550	2.909220E-9
17.001270	2.558196E-9
16.000800	2.221140E-9
15.001280	1.975080E-9
14.000850	1.672641E-9
13.001400	1.371214E-9
12.001300	1.166298E-9
11.001850	9.849158E-10
10.001250	8.239288E-10
9.002027	6.943193E-10
8.001624	5.797405E-10
7.000873	4.676924E-10
6.001693	3.800375E-10
5.000818	3.154604E-10
4.001660	2.566022E-10
3.000772	1.858461E-10
2.001472	1.617035E-10
1.000691	1.068894E-10
0.001104	9.580506E-11
0.998765	-1.999806E-11
1.999416	-1.484041E-10
2.998639	-1.587797E-10
3.999012	-1.876292E-10
4.998291	-2.212366E-10
5.999196	-2.593992E-10
6.998346	-2.859710E-10
7.999092	-3.142132E-10
8.999546	-3.252469E-10
9.998983	-3.487317E-10
10.999760	-3.677622E-10
11.999100	-3.914494E-10
12.999510	-4.004582E-10
13.998870	-4.333066E-10
14.999320	-4.362422E-10
15.998960	-4.805290E-10
16.998800	-5.116054E-10
17.998670	-5.136299E-10
18.999080	-5.418217E-10
19.998330	-5.587772E-10
20.998790	-5.888917E-10
21.998230	-5.936999E-10
22.998490	-6.180446E-10
23.999050	-6.255355E-10
24.998170	-6.496784E-10
25.998690	-6.772628E-10
26.998340	-6.962928E-10
27.998890	-7.283316E-10
28.998120	-7.420473E-10
