Voltage   	Current	
29.977210	4.054427E-8
29.000600	3.597148E-8
28.001000	3.420077E-8
27.000620	3.313136E-8
26.001210	3.213693E-8
25.000980	3.107246E-8
24.001150	2.993244E-8
23.001210	2.860032E-8
22.000640	2.715362E-8
21.000890	2.567097E-8
20.000480	2.405671E-8
19.001080	2.243837E-8
18.000350	2.096920E-8
17.001100	1.947799E-8
16.000820	1.803924E-8
15.001240	1.673004E-8
14.000980	1.540492E-8
13.001650	1.414588E-8
12.001260	1.296959E-8
11.001940	1.192567E-8
10.001130	1.090307E-8
9.001297	9.981378E-9
8.000937	9.125223E-9
7.000470	8.394633E-9
6.001264	7.791219E-9
5.000720	7.086338E-9
4.001480	6.582321E-9
3.000901	6.083317E-9
2.001236	5.621154E-9
1.000498	5.212184E-9
0.000636	4.773149E-9
0.998417	4.841677E-9
1.998983	4.249198E-9
2.998227	3.826003E-9
3.999175	3.496135E-9
4.998278	3.255590E-9
5.998912	2.970307E-9
6.998367	2.760483E-9
7.999144	2.556225E-9
8.999177	2.350752E-9
9.998726	2.161120E-9
10.998930	1.994868E-9
11.998560	1.861059E-9
12.998830	1.715203E-9
13.998590	1.582862E-9
14.999120	1.447785E-9
15.998600	1.363067E-9
16.999060	1.266151E-9
17.998380	1.175054E-9
18.998840	1.090841E-9
19.997850	9.927605E-10
20.998140	9.049039E-10
21.997460	8.096573E-10
22.998070	7.420436E-10
23.998550	6.695209E-10
24.997930	6.170394E-10
25.998650	5.593453E-10
26.998440	4.757897E-10
27.998670	3.958782E-10
28.998220	3.301877E-10
