t (s)	Ids (Amps)
0.000000000000	0.000000038153
0.500000000000	0.000000038153
1.000000000000	0.000000038059
1.500000000000	0.000000038063
2.000000000000	0.000000038085
2.500000000000	0.000000038069
3.000000000000	0.000000038171
3.500000000000	0.000000038061
4.000000000000	0.000000038093
4.500000000000	0.000000038025
5.000000000000	0.000000037994
5.500000000000	0.000000038119
6.000000000000	0.000000038027
6.500000000000	0.000000038004
7.000000000000	0.000000038010
7.500000000000	0.000000037972
8.000000000000	0.000000038060
8.500000000000	0.000000037965
9.000000000000	0.000000037934
9.500000000000	0.000000038006
10.000000000000	0.000000037971
10.500000000000	0.000000038037
11.000000000000	0.000000037963
11.500000000000	0.000000037986
12.000000000000	0.000000038017
12.500000000000	0.000000037952
13.000000000000	0.000000038041
13.500000000000	0.000000037940
14.000000000000	0.000000037929
14.500000000000	0.000000037974
15.000000000000	0.000000038003
15.500000000000	0.000000038011
16.000000000000	0.000000037950
16.500000000000	0.000000037967
17.000000000000	0.000000037959
17.500000000000	0.000000037969
18.000000000000	0.000000037980
18.500000000000	0.000000037902
19.000000000000	0.000000037912
19.500000000000	0.000000037868
20.000000000000	0.000000037967
20.500000000000	0.000000038016
21.000000000000	0.000000037915
21.500000000000	0.000000037923
22.000000000000	0.000000037928
22.500000000000	0.000000037957
23.000000000000	0.000000037939
23.500000000000	0.000000037894
24.000000000000	0.000000037901
24.500000000000	0.000000037918
25.000000000000	0.000000037906
25.500000000000	0.000000037969
26.000000000000	0.000000037860
26.500000000000	0.000000037895
27.000000000000	0.000000037890
27.500000000000	0.000000037946
28.000000000000	0.000000037896
28.500000000000	0.000000037864
29.000000000000	0.000000037848
29.500000000000	0.000000037920
30.000000000000	0.000000038039
30.500000000000	0.000000036151
31.000000000000	0.000000026176
31.500000000000	0.000000017553
32.000000000000	0.000000011423
32.500000000000	0.000000006157
33.000000000000	0.000000006992
33.500000000000	0.000000007353
34.000000000000	0.000000007683
34.500000000000	0.000000008094
35.000000000000	0.000000008408
35.500000000000	0.000000008639
36.000000000000	0.000000008758
36.500000000000	0.000000008975
37.000000000000	0.000000009271
37.500000000000	0.000000009423
38.000000000000	0.000000009646
38.500000000000	0.000000009708
39.000000000000	0.000000009881
39.500000000000	0.000000010084
40.000000000000	0.000000010254
40.500000000000	0.000000010399
41.000000000000	0.000000010454
41.500000000000	0.000000010545
42.000000000000	0.000000010710
42.500000000000	0.000000010813
43.000000000000	0.000000010951
43.500000000000	0.000000010961
44.000000000000	0.000000011027
44.500000000000	0.000000011163
45.000000000000	0.000000011232
45.500000000000	0.000000011369
46.000000000000	0.000000011342
46.500000000000	0.000000011396
47.000000000000	0.000000011499
47.500000000000	0.000000011543
48.000000000000	0.000000011681
48.500000000000	0.000000011674
49.000000000000	0.000000011706
49.500000000000	0.000000011777
50.000000000000	0.000000011794
50.500000000000	0.000000011904
51.000000000000	0.000000011913
51.500000000000	0.000000011961
52.000000000000	0.000000011984
52.500000000000	0.000000012046
53.000000000000	0.000000012105
53.500000000000	0.000000012330
54.000000000000	0.000000012111
54.500000000000	0.000000012149
55.000000000000	0.000000012253
55.500000000000	0.000000012281
56.000000000000	0.000000012302
56.500000000000	0.000000012275
57.000000000000	0.000000012343
57.500000000000	0.000000012396
58.000000000000	0.000000012434
58.500000000000	0.000000012482
59.000000000000	0.000000012424
59.500000000000	0.000000012458
60.000000000000	0.000000012586
60.500000000000	0.000000012574
61.000000000000	0.000000012654
61.500000000000	0.000000012564
62.000000000000	0.000000012490
62.500000000000	0.000000012658
63.000000000000	0.000000012658
63.500000000000	0.000000012624
64.000000000000	0.000000012584
64.500000000000	0.000000012608
65.000000000000	0.000000012698
65.500000000000	0.000000012773
66.000000000000	0.000000012757
66.500000000000	0.000000012734
67.000000000000	0.000000012675
67.500000000000	0.000000012766
68.000000000000	0.000000012923
68.500000000000	0.000000012888
69.000000000000	0.000000012855
69.500000000000	0.000000012839
70.000000000000	0.000000012864
70.500000000000	0.000000012931
71.000000000000	0.000000012917
71.500000000000	0.000000012909
72.000000000000	0.000000012853
72.500000000000	0.000000012924
73.000000000000	0.000000013016
73.500000000000	0.000000013085
74.000000000000	0.000000013005
74.500000000000	0.000000012939
75.000000000000	0.000000013028
75.500000000000	0.000000013012
76.000000000000	0.000000013036
76.500000000000	0.000000013067
77.000000000000	0.000000013001
77.500000000000	0.000000013002
78.000000000000	0.000000013139
78.500000000000	0.000000013033
79.000000000000	0.000000013158
79.500000000000	0.000000013091
80.000000000000	0.000000013057
80.500000000000	0.000000013086
81.000000000000	0.000000013248
81.500000000000	0.000000013250
82.000000000000	0.000000013100
82.500000000000	0.000000013115
83.000000000000	0.000000013211
83.500000000000	0.000000013135
84.000000000000	0.000000013181
84.500000000000	0.000000013185
85.000000000000	0.000000013113
85.500000000000	0.000000013122
86.000000000000	0.000000013195
86.500000000000	0.000000013392
87.000000000000	0.000000013195
87.500000000000	0.000000013040
88.000000000000	0.000000013193
88.500000000000	0.000000013223
89.000000000000	0.000000013282
89.500000000000	0.000000013216
90.000000000000	0.000000013204
90.500000000000	0.000000013149
91.000000000000	0.000000013207
91.500000000000	0.000000013247
92.000000000000	0.000000013354
92.500000000000	0.000000013292
93.000000000000	0.000000013261
93.500000000000	0.000000013306
94.000000000000	0.000000013265
94.500000000000	0.000000013287
95.000000000000	0.000000013271
95.500000000000	0.000000013230
96.000000000000	0.000000013319
96.500000000000	0.000000013279
97.000000000000	0.000000013288
97.500000000000	0.000000013262
98.000000000000	0.000000013206
98.500000000000	0.000000013319
99.000000000000	0.000000013297
99.500000000000	0.000000013287
100.000000000000	0.000000013264
100.500000000000	0.000000013247
101.000000000000	0.000000013324
101.500000000000	0.000000013335
102.000000000000	0.000000013213
102.500000000000	0.000000013293
103.000000000000	0.000000013231
103.500000000000	0.000000013357
104.000000000000	0.000000013340
104.500000000000	0.000000013317
105.000000000000	0.000000013302
105.500000000000	0.000000013307
106.000000000000	0.000000013378
106.500000000000	0.000000013384
107.000000000000	0.000000013388
107.500000000000	0.000000013345
108.000000000000	0.000000013346
108.500000000000	0.000000013423
109.000000000000	0.000000013430
109.500000000000	0.000000013397
110.000000000000	0.000000013385
110.500000000000	0.000000013375
111.000000000000	0.000000013434
111.500000000000	0.000000013434
112.000000000000	0.000000013503
112.500000000000	0.000000013474
113.000000000000	0.000000013404
113.500000000000	0.000000013470
114.000000000000	0.000000013479
114.500000000000	0.000000013496
115.000000000000	0.000000013506
115.500000000000	0.000000013470
116.000000000000	0.000000013491
116.500000000000	0.000000013522
117.000000000000	0.000000013567
117.500000000000	0.000000013555
118.000000000000	0.000000013529
118.500000000000	0.000000013466
119.000000000000	0.000000013505
119.500000000000	0.000000013579
120.000000000000	0.000000013509
120.500000000000	0.000000013509
121.000000000000	0.000000013589
121.500000000000	0.000000013551
122.000000000000	0.000000013613
122.500000000000	0.000000013574
123.000000000000	0.000000013485
123.500000000000	0.000000013569
124.000000000000	0.000000013628
124.500000000000	0.000000013639
125.000000000000	0.000000013611
125.500000000000	0.000000013548
126.000000000000	0.000000013594
126.500000000000	0.000000013619
127.000000000000	0.000000013639
127.500000000000	0.000000013625
128.000000000000	0.000000013521
128.500000000000	0.000000013643
129.000000000000	0.000000013644
129.500000000000	0.000000013692
130.000000000000	0.000000013689
130.500000000000	0.000000013609
131.000000000000	0.000000013638
131.500000000000	0.000000013636
132.000000000000	0.000000013710
132.500000000000	0.000000013685
133.000000000000	0.000000013706
133.500000000000	0.000000013666
134.000000000000	0.000000013702
134.500000000000	0.000000013740
135.000000000000	0.000000013700
135.500000000000	0.000000013692
136.000000000000	0.000000013675
136.500000000000	0.000000013688
137.000000000000	0.000000013746
137.500000000000	0.000000013747
138.000000000000	0.000000013748
138.500000000000	0.000000013754
139.000000000000	0.000000013772
139.500000000000	0.000000013801
140.000000000000	0.000000013786
140.500000000000	0.000000013830
141.000000000000	0.000000013763
141.500000000000	0.000000013774
142.000000000000	0.000000013794
142.500000000000	0.000000013797
143.000000000000	0.000000013827
143.500000000000	0.000000013762
144.000000000000	0.000000013786
144.500000000000	0.000000013825
145.000000000000	0.000000013850
145.500000000000	0.000000013856
146.000000000000	0.000000013815
146.500000000000	0.000000013780
147.000000000000	0.000000013801
147.500000000000	0.000000013830
148.000000000000	0.000000013854
148.500000000000	0.000000013804
149.000000000000	0.000000013779
149.500000000000	0.000000013832
150.000000000000	0.000000013844
150.500000000000	0.000000013896
151.000000000000	0.000000013811
151.500000000000	0.000000013824
152.000000000000	0.000000013844
152.500000000000	0.000000013877
153.000000000000	0.000000013926
153.500000000000	0.000000013864
154.000000000000	0.000000013833
154.500000000000	0.000000013937
155.000000000000	0.000000013914
155.500000000000	0.000000014002
156.000000000000	0.000000013889
156.500000000000	0.000000013913
157.000000000000	0.000000013908
157.500000000000	0.000000013893
158.000000000000	0.000000013978
158.500000000000	0.000000013866
159.000000000000	0.000000013917
159.500000000000	0.000000013922
160.000000000000	0.000000013955
160.500000000000	0.000000013995
161.000000000000	0.000000013924
161.500000000000	0.000000013964
162.000000000000	0.000000013900
162.500000000000	0.000000013988
163.000000000000	0.000000014010
163.500000000000	0.000000013979
164.000000000000	0.000000013970
164.500000000000	0.000000013984
165.000000000000	0.000000014021
165.500000000000	0.000000013990
166.000000000000	0.000000013991
166.500000000000	0.000000013970
167.000000000000	0.000000013944
167.500000000000	0.000000014003
168.000000000000	0.000000014033
168.500000000000	0.000000013969
169.000000000000	0.000000013947
169.500000000000	0.000000013949
170.000000000000	0.000000014016
170.500000000000	0.000000014030
171.000000000000	0.000000014011
171.500000000000	0.000000014049
172.000000000000	0.000000013990
172.500000000000	0.000000014014
173.000000000000	0.000000014017
173.500000000000	0.000000014031
174.000000000000	0.000000014067
174.500000000000	0.000000013981
175.000000000000	0.000000014029
175.500000000000	0.000000014046
176.000000000000	0.000000014067
176.500000000000	0.000000014047
177.000000000000	0.000000014041
177.500000000000	0.000000014069
178.000000000000	0.000000014140
178.500000000000	0.000000014096
179.000000000000	0.000000014065
179.500000000000	0.000000014108
180.000000000000	0.000000014103
180.500000000000	0.000000014136
181.000000000000	0.000000014128
181.500000000000	0.000000014085
182.000000000000	0.000000014127
182.500000000000	0.000000014062
183.000000000000	0.000000014079
183.500000000000	0.000000014161
184.000000000000	0.000000014151
184.500000000000	0.000000014136
185.000000000000	0.000000014083
185.500000000000	0.000000014069
186.000000000000	0.000000014137
186.500000000000	0.000000014106
187.000000000000	0.000000014138
187.500000000000	0.000000014084
188.000000000000	0.000000014029
188.500000000000	0.000000014171
189.000000000000	0.000000014067
189.500000000000	0.000000014164
190.000000000000	0.000000014104
190.500000000000	0.000000014066
191.000000000000	0.000000014146
191.500000000000	0.000000014198
192.000000000000	0.000000014171
192.500000000000	0.000000014164
193.000000000000	0.000000014129
193.500000000000	0.000000014144
194.000000000000	0.000000014170
194.500000000000	0.000000014180
195.000000000000	0.000000014173
195.500000000000	0.000000014142
196.000000000000	0.000000014162
196.500000000000	0.000000014170
197.000000000000	0.000000014200
197.500000000000	0.000000014183
198.000000000000	0.000000014194
198.500000000000	0.000000014200
199.000000000000	0.000000014204
199.500000000000	0.000000014215
200.000000000000	0.000000014203
200.500000000000	0.000000014222
201.000000000000	0.000000014206
201.500000000000	0.000000014244
202.000000000000	0.000000014271
202.500000000000	0.000000014218
203.000000000000	0.000000014228
203.500000000000	0.000000014211
204.000000000000	0.000000014221
204.500000000000	0.000000014274
205.000000000000	0.000000014226
205.500000000000	0.000000014214
206.000000000000	0.000000014155
206.500000000000	0.000000014188
207.000000000000	0.000000014215
207.500000000000	0.000000014163
208.000000000000	0.000000014124
208.500000000000	0.000000014164
209.000000000000	0.000000014163
209.500000000000	0.000000014241
210.000000000000	0.000000014213
210.500000000000	0.000000014136
211.000000000000	0.000000014168
211.500000000000	0.000000014162
212.000000000000	0.000000014224
212.500000000000	0.000000014243
213.000000000000	0.000000014157
213.500000000000	0.000000014147
214.000000000000	0.000000014172
214.500000000000	0.000000014220
215.000000000000	0.000000014198
215.500000000000	0.000000014155
216.000000000000	0.000000014168
216.500000000000	0.000000014177
217.000000000000	0.000000014262
217.500000000000	0.000000014267
218.000000000000	0.000000014192
218.500000000000	0.000000014192
219.000000000000	0.000000014223
219.500000000000	0.000000014232
220.000000000000	0.000000014262
220.500000000000	0.000000014222
221.000000000000	0.000000014238
221.500000000000	0.000000014263
222.000000000000	0.000000014275
222.500000000000	0.000000014293
223.000000000000	0.000000014261
223.500000000000	0.000000014184
224.000000000000	0.000000014227
224.500000000000	0.000000014216
225.000000000000	0.000000014314
225.500000000000	0.000000014312
226.000000000000	0.000000014268
226.500000000000	0.000000014298
227.000000000000	0.000000014259
227.500000000000	0.000000014304
228.000000000000	0.000000014343
228.500000000000	0.000000014293
229.000000000000	0.000000014286
229.500000000000	0.000000014243
230.000000000000	0.000000014326
230.500000000000	0.000000014326
231.000000000000	0.000000014309
231.500000000000	0.000000014320
232.000000000000	0.000000014254
232.500000000000	0.000000014360
233.000000000000	0.000000014379
233.500000000000	0.000000014295
234.000000000000	0.000000014310
234.500000000000	0.000000014319
235.000000000000	0.000000014387
235.500000000000	0.000000014393
236.000000000000	0.000000014310
236.500000000000	0.000000014352
237.000000000000	0.000000014287
237.500000000000	0.000000014374
238.000000000000	0.000000014324
238.500000000000	0.000000014311
239.000000000000	0.000000014349
239.500000000000	0.000000014343
240.000000000000	0.000000014416
240.500000000000	0.000000014430
241.000000000000	0.000000014356
241.500000000000	0.000000014378
242.000000000000	0.000000014332
242.500000000000	0.000000014369
243.000000000000	0.000000014427
243.500000000000	0.000000014388
244.000000000000	0.000000014347
244.500000000000	0.000000014349
245.000000000000	0.000000014355
245.500000000000	0.000000014319
246.000000000000	0.000000014451
246.500000000000	0.000000014349
247.000000000000	0.000000014352
247.500000000000	0.000000014346
248.000000000000	0.000000014300
248.500000000000	0.000000014415
249.000000000000	0.000000014366
249.500000000000	0.000000014351
250.000000000000	0.000000014409
250.500000000000	0.000000014284
251.000000000000	0.000000014423
251.500000000000	0.000000014390
252.000000000000	0.000000014359
252.500000000000	0.000000014383
253.000000000000	0.000000014341
253.500000000000	0.000000014415
254.000000000000	0.000000014406
254.500000000000	0.000000014354
255.000000000000	0.000000014415
255.500000000000	0.000000014435
256.000000000000	0.000000014452
256.500000000000	0.000000014442
257.000000000000	0.000000014406
257.500000000000	0.000000014424
258.000000000000	0.000000014440
258.500000000000	0.000000014486
259.000000000000	0.000000014456
259.500000000000	0.000000014459
260.000000000000	0.000000014437
260.500000000000	0.000000014378
261.000000000000	0.000000014510
261.500000000000	0.000000014480
262.000000000000	0.000000014455
262.500000000000	0.000000014400
263.000000000000	0.000000014487
263.500000000000	0.000000014492
264.000000000000	0.000000014478
264.500000000000	0.000000014473
265.000000000000	0.000000014428
265.500000000000	0.000000014575
266.000000000000	0.000000014584
266.500000000000	0.000000014470
267.000000000000	0.000000014512
267.500000000000	0.000000014455
268.000000000000	0.000000014488
268.500000000000	0.000000014551
269.000000000000	0.000000014486
269.500000000000	0.000000014517
270.000000000000	0.000000014441
270.500000000000	0.000000014413
271.000000000000	0.000000014510
271.500000000000	0.000000014512
272.000000000000	0.000000014552
272.500000000000	0.000000014461
273.000000000000	0.000000014366
273.500000000000	0.000000014509
274.000000000000	0.000000014530
274.500000000000	0.000000014523
275.000000000000	0.000000014514
275.500000000000	0.000000014554
276.000000000000	0.000000014522
276.500000000000	0.000000014532
277.000000000000	0.000000014577
277.500000000000	0.000000014558
278.000000000000	0.000000014491
278.500000000000	0.000000014478
279.000000000000	0.000000014506
279.500000000000	0.000000014561
280.000000000000	0.000000014551
280.500000000000	0.000000014464
281.000000000000	0.000000014491
281.500000000000	0.000000014533
282.000000000000	0.000000014614
282.500000000000	0.000000014585
283.000000000000	0.000000014552
283.500000000000	0.000000014491
284.000000000000	0.000000014566
284.500000000000	0.000000014566
285.000000000000	0.000000014541
285.500000000000	0.000000014576
286.000000000000	0.000000014426
286.500000000000	0.000000014484
287.000000000000	0.000000014540
287.500000000000	0.000000014559
288.000000000000	0.000000014514
288.500000000000	0.000000014502
289.000000000000	0.000000014538
289.500000000000	0.000000014555
290.000000000000	0.000000014578
290.500000000000	0.000000014586
291.000000000000	0.000000014466
291.500000000000	0.000000014502
292.000000000000	0.000000014575
292.500000000000	0.000000014651
293.000000000000	0.000000014627
293.500000000000	0.000000014579
294.000000000000	0.000000014573
294.500000000000	0.000000014511
295.000000000000	0.000000014561
295.500000000000	0.000000014555
296.000000000000	0.000000014473
296.500000000000	0.000000014660
297.000000000000	0.000000014530
297.500000000000	0.000000014679
298.000000000000	0.000000014583
298.500000000000	0.000000014471
299.000000000000	0.000000014615
299.500000000000	0.000000014558
300.000000000000	0.000000014638
300.500000000000	0.000000014647
301.000000000000	0.000000014622
301.500000000000	0.000000014648
302.000000000000	0.000000014602
302.500000000000	0.000000014655
303.000000000000	0.000000014668
303.500000000000	0.000000014624
304.000000000000	0.000000014631
304.500000000000	0.000000014628
305.000000000000	0.000000014644
305.500000000000	0.000000014629
306.000000000000	0.000000014627
306.500000000000	0.000000014632
307.000000000000	0.000000014639
307.500000000000	0.000000014654
308.000000000000	0.000000014630
308.500000000000	0.000000014629
309.000000000000	0.000000014646
309.500000000000	0.000000014662
310.000000000000	0.000000014639
310.500000000000	0.000000014635
311.000000000000	0.000000014654
311.500000000000	0.000000014646
312.000000000000	0.000000014644
312.500000000000	0.000000014627
313.000000000000	0.000000014666
313.500000000000	0.000000014679
314.000000000000	0.000000014698
314.500000000000	0.000000014618
315.000000000000	0.000000014611
315.500000000000	0.000000014689
316.000000000000	0.000000014739
316.500000000000	0.000000014697
317.000000000000	0.000000014634
317.500000000000	0.000000014630
318.000000000000	0.000000014636
318.500000000000	0.000000014654
319.000000000000	0.000000014605
319.500000000000	0.000000014618
320.000000000000	0.000000014604
320.500000000000	0.000000013402
321.000000000000	0.000000014619
321.500000000000	0.000000014384
322.000000000000	0.000000013897
322.500000000000	0.000000013677
323.000000000000	0.000000013589
323.500000000000	0.000000019624
324.000000000000	0.000000023828
324.500000000000	0.000000014449
325.000000000000	0.000000014420
325.500000000000	0.000000014450
326.000000000000	0.000000014558
326.500000000000	0.000000014605
327.000000000000	0.000000014553
327.500000000000	0.000000014512
328.000000000000	0.000000014569
328.500000000000	0.000000014601
329.000000000000	0.000000014566
329.500000000000	0.000000014588
330.000000000000	0.000000011472
330.500000000000	0.000000005943
331.000000000000	0.000000002049
331.500000000000	0.000000001682
332.000000000000	0.000000001507
332.500000000000	0.000000001376
333.000000000000	0.000000001175
333.500000000000	0.000000001351
334.000000000000	0.000000001409
334.500000000000	0.000000001548
335.000000000000	0.000000001511
335.500000000000	0.000000001587
336.000000000000	0.000000001746
336.500000000000	0.000000001738
337.000000000000	0.000000001889
337.500000000000	0.000000001850
338.000000000000	0.000000001905
338.500000000000	0.000000001987
339.000000000000	0.000000001959
339.500000000000	0.000000001795
340.000000000000	0.000000002100
340.500000000000	0.000000002275
341.000000000000	0.000000002243
341.500000000000	0.000000002232
342.000000000000	0.000000002227
342.500000000000	0.000000002235
343.000000000000	0.000000002294
343.500000000000	0.000000002309
344.000000000000	0.000000002373
344.500000000000	0.000000002388
345.000000000000	0.000000002405
345.500000000000	0.000000002415
346.000000000000	0.000000002422
346.500000000000	0.000000002502
347.000000000000	0.000000002484
347.500000000000	0.000000002548
348.000000000000	0.000000002555
348.500000000000	0.000000002506
349.000000000000	0.000000002624
349.500000000000	0.000000002589
350.000000000000	0.000000002633
350.500000000000	0.000000002636
351.000000000000	0.000000002584
351.500000000000	0.000000002622
352.000000000000	0.000000002695
352.500000000000	0.000000002731
353.000000000000	0.000000002707
353.500000000000	0.000000002644
354.000000000000	0.000000002679
354.500000000000	0.000000002765
355.000000000000	0.000000002788
355.500000000000	0.000000002803
356.000000000000	0.000000002721
356.500000000000	0.000000002722
357.000000000000	0.000000002619
357.500000000000	0.000000002815
358.000000000000	0.000000002829
358.500000000000	0.000000002760
359.000000000000	0.000000002763
359.500000000000	0.000000002832
360.000000000000	0.000000007858
360.500000000000	0.000000014525
361.000000000000	0.000000020931
361.500000000000	0.000000027243
362.000000000000	0.000000029554
362.500000000000	0.000000029130
363.000000000000	0.000000028782
363.500000000000	0.000000028522
364.000000000000	0.000000028443
364.500000000000	0.000000028171
365.000000000000	0.000000028140
365.500000000000	0.000000027942
366.000000000000	0.000000027807
366.500000000000	0.000000027702
367.000000000000	0.000000027517
367.500000000000	0.000000027543
368.000000000000	0.000000027404
368.500000000000	0.000000027288
369.000000000000	0.000000027168
369.500000000000	0.000000027081
370.000000000000	0.000000026974
370.500000000000	0.000000026896
371.000000000000	0.000000026827
371.500000000000	0.000000026735
372.000000000000	0.000000026677
372.500000000000	0.000000026560
373.000000000000	0.000000026511
373.500000000000	0.000000026564
374.000000000000	0.000000026345
374.500000000000	0.000000026337
375.000000000000	0.000000026230
375.500000000000	0.000000026222
376.000000000000	0.000000026245
376.500000000000	0.000000026040
377.000000000000	0.000000026038
377.500000000000	0.000000025962
378.000000000000	0.000000025941
378.500000000000	0.000000025962
379.000000000000	0.000000025852
379.500000000000	0.000000025786
380.000000000000	0.000000025756
380.500000000000	0.000000025738
381.000000000000	0.000000025726
381.500000000000	0.000000025682
382.000000000000	0.000000025679
382.500000000000	0.000000025564
383.000000000000	0.000000025581
383.500000000000	0.000000025600
384.000000000000	0.000000025580
384.500000000000	0.000000025509
385.000000000000	0.000000025447
385.500000000000	0.000000025396
386.000000000000	0.000000025403
386.500000000000	0.000000025441
387.000000000000	0.000000025316
387.500000000000	0.000000025359
388.000000000000	0.000000025279
388.500000000000	0.000000025313
389.000000000000	0.000000025326
389.500000000000	0.000000025243
390.000000000000	0.000000025256
390.500000000000	0.000000025215
391.000000000000	0.000000025244
391.500000000000	0.000000025180
392.000000000000	0.000000025119
392.500000000000	0.000000025108
393.000000000000	0.000000025089
393.500000000000	0.000000025101
394.000000000000	0.000000025090
394.500000000000	0.000000025082
395.000000000000	0.000000025037
395.500000000000	0.000000025031
396.000000000000	0.000000025000
396.500000000000	0.000000024995
397.000000000000	0.000000024997
397.500000000000	0.000000024999
398.000000000000	0.000000024966
398.500000000000	0.000000024898
399.000000000000	0.000000024924
399.500000000000	0.000000024937
400.000000000000	0.000000024970
400.500000000000	0.000000024913
401.000000000000	0.000000024812
401.500000000000	0.000000024919
402.000000000000	0.000000024943
402.500000000000	0.000000024903
403.000000000000	0.000000024897
403.500000000000	0.000000024791
404.000000000000	0.000000024841
404.500000000000	0.000000024880
405.000000000000	0.000000024857
405.500000000000	0.000000024837
406.000000000000	0.000000024780
406.500000000000	0.000000024826
407.000000000000	0.000000024863
407.500000000000	0.000000024852
408.000000000000	0.000000024812
408.500000000000	0.000000024792
409.000000000000	0.000000024788
409.500000000000	0.000000024812
410.000000000000	0.000000024828
410.500000000000	0.000000024796
411.000000000000	0.000000024719
411.500000000000	0.000000024758
412.000000000000	0.000000024749
412.500000000000	0.000000024766
413.000000000000	0.000000024750
413.500000000000	0.000000024722
414.000000000000	0.000000024715
414.500000000000	0.000000024730
415.000000000000	0.000000024752
415.500000000000	0.000000024736
416.000000000000	0.000000024703
416.500000000000	0.000000024711
417.000000000000	0.000000024708
417.500000000000	0.000000024695
418.000000000000	0.000000024636
418.500000000000	0.000000024570
419.000000000000	0.000000024681
419.500000000000	0.000000024720
420.000000000000	0.000000024672
420.500000000000	0.000000024635
421.000000000000	0.000000024564
421.500000000000	0.000000024631
422.000000000000	0.000000024668
422.500000000000	0.000000024661
423.000000000000	0.000000024639
423.500000000000	0.000000024538
424.000000000000	0.000000024568
424.500000000000	0.000000024626
425.000000000000	0.000000024621
425.500000000000	0.000000024603
426.000000000000	0.000000024554
426.500000000000	0.000000024535
427.000000000000	0.000000024578
427.500000000000	0.000000024577
428.000000000000	0.000000024655
428.500000000000	0.000000024621
429.000000000000	0.000000024576
429.500000000000	0.000000024610
430.000000000000	0.000000024600
430.500000000000	0.000000024597
431.000000000000	0.000000024575
431.500000000000	0.000000024490
432.000000000000	0.000000024569
432.500000000000	0.000000024585
433.000000000000	0.000000024598
433.500000000000	0.000000024584
434.000000000000	0.000000024553
434.500000000000	0.000000024578
435.000000000000	0.000000024599
435.500000000000	0.000000024603
436.000000000000	0.000000024590
436.500000000000	0.000000024556
437.000000000000	0.000000024552
437.500000000000	0.000000024508
438.000000000000	0.000000024566
438.500000000000	0.000000024561
439.000000000000	0.000000024551
439.500000000000	0.000000024536
440.000000000000	0.000000024483
440.500000000000	0.000000024565
441.000000000000	0.000000024567
441.500000000000	0.000000024510
442.000000000000	0.000000024488
442.500000000000	0.000000024450
443.000000000000	0.000000024526
443.500000000000	0.000000024552
444.000000000000	0.000000024508
444.500000000000	0.000000024488
445.000000000000	0.000000024497
445.500000000000	0.000000024514
446.000000000000	0.000000024561
446.500000000000	0.000000024546
447.000000000000	0.000000024451
447.500000000000	0.000000024471
448.000000000000	0.000000024506
448.500000000000	0.000000024591
449.000000000000	0.000000024527
449.500000000000	0.000000024481
450.000000000000	0.000000024440
450.500000000000	0.000000024482
451.000000000000	0.000000024543
451.500000000000	0.000000024451
452.000000000000	0.000000024470
452.500000000000	0.000000024456
453.000000000000	0.000000024448
453.500000000000	0.000000024474
454.000000000000	0.000000024526
454.500000000000	0.000000024467
455.000000000000	0.000000024383
455.500000000000	0.000000024461
456.000000000000	0.000000024487
456.500000000000	0.000000024484
457.000000000000	0.000000024479
457.500000000000	0.000000024493
458.000000000000	0.000000024419
458.500000000000	0.000000024438
459.000000000000	0.000000024470
459.500000000000	0.000000024431
460.000000000000	0.000000024448
460.500000000000	0.000000024446
461.000000000000	0.000000024439
461.500000000000	0.000000024441
462.000000000000	0.000000024417
462.500000000000	0.000000024438
463.000000000000	0.000000024429
463.500000000000	0.000000024476
464.000000000000	0.000000024530
464.500000000000	0.000000024393
465.000000000000	0.000000024436
465.500000000000	0.000000024343
466.000000000000	0.000000024447
466.500000000000	0.000000024343
467.000000000000	0.000000024440
467.500000000000	0.000000024383
468.000000000000	0.000000024374
468.500000000000	0.000000024297
469.000000000000	0.000000024402
469.500000000000	0.000000024535
470.000000000000	0.000000024458
470.500000000000	0.000000024364
471.000000000000	0.000000024501
471.500000000000	0.000000024476
472.000000000000	0.000000024383
472.500000000000	0.000000024423
473.000000000000	0.000000024345
473.500000000000	0.000000024358
474.000000000000	0.000000024363
474.500000000000	0.000000024389
475.000000000000	0.000000024397
475.500000000000	0.000000024339
476.000000000000	0.000000024346
476.500000000000	0.000000024355
477.000000000000	0.000000024392
477.500000000000	0.000000024400
478.000000000000	0.000000024366
478.500000000000	0.000000024324
479.000000000000	0.000000024400
479.500000000000	0.000000024379
480.000000000000	0.000000024423
480.500000000000	0.000000024375
481.000000000000	0.000000024276
481.500000000000	0.000000024379
482.000000000000	0.000000024371
482.500000000000	0.000000024421
483.000000000000	0.000000024384
483.500000000000	0.000000024347
484.000000000000	0.000000024330
484.500000000000	0.000000024340
485.000000000000	0.000000024397
485.500000000000	0.000000024360
486.000000000000	0.000000024320
486.500000000000	0.000000024292
487.000000000000	0.000000024297
487.500000000000	0.000000024304
488.000000000000	0.000000024353
488.500000000000	0.000000024281
489.000000000000	0.000000024277
489.500000000000	0.000000024315
490.000000000000	0.000000024292
490.500000000000	0.000000024336
491.000000000000	0.000000024356
491.500000000000	0.000000024240
492.000000000000	0.000000024291
492.500000000000	0.000000024293
493.000000000000	0.000000024316
493.500000000000	0.000000024309
494.000000000000	0.000000024217
494.500000000000	0.000000024266
495.000000000000	0.000000024274
495.500000000000	0.000000024300
496.000000000000	0.000000024268
496.500000000000	0.000000024281
497.000000000000	0.000000024254
497.500000000000	0.000000024249
498.000000000000	0.000000024286
498.500000000000	0.000000024240
499.000000000000	0.000000024316
499.500000000000	0.000000024270
500.000000000000	0.000000024262
500.500000000000	0.000000024285
501.000000000000	0.000000024283
501.500000000000	0.000000024303
502.000000000000	0.000000024260
502.500000000000	0.000000024234
503.000000000000	0.000000024276
503.500000000000	0.000000024334
504.000000000000	0.000000024327
504.500000000000	0.000000024218
505.000000000000	0.000000024231
505.500000000000	0.000000024258
506.000000000000	0.000000024207
506.500000000000	0.000000024251
507.000000000000	0.000000024225
507.500000000000	0.000000024236
508.000000000000	0.000000024222
508.500000000000	0.000000024230
509.000000000000	0.000000024223
509.500000000000	0.000000024219
510.000000000000	0.000000024196
510.500000000000	0.000000024193
511.000000000000	0.000000024213
511.500000000000	0.000000024234
512.000000000000	0.000000024234
512.500000000000	0.000000024163
513.000000000000	0.000000024189
513.500000000000	0.000000024193
514.000000000000	0.000000024269
514.500000000000	0.000000024228
515.000000000000	0.000000024172
515.500000000000	0.000000024177
516.000000000000	0.000000024193
516.500000000000	0.000000024275
517.000000000000	0.000000024221
517.500000000000	0.000000024208
518.000000000000	0.000000024170
518.500000000000	0.000000024196
519.000000000000	0.000000024253
519.500000000000	0.000000024212
520.000000000000	0.000000024233
520.500000000000	0.000000024177
521.000000000000	0.000000024190
521.500000000000	0.000000024243
522.000000000000	0.000000024180
522.500000000000	0.000000024222
523.000000000000	0.000000024164
523.500000000000	0.000000024201
524.000000000000	0.000000024243
524.500000000000	0.000000024205
525.000000000000	0.000000024264
525.500000000000	0.000000024177
526.000000000000	0.000000024184
526.500000000000	0.000000024232
527.000000000000	0.000000024212
527.500000000000	0.000000024243
528.000000000000	0.000000024165
528.500000000000	0.000000024180
529.000000000000	0.000000024190
529.500000000000	0.000000024175
530.000000000000	0.000000024225
530.500000000000	0.000000024129
531.000000000000	0.000000024134
531.500000000000	0.000000024119
532.000000000000	0.000000024177
532.500000000000	0.000000024203
533.000000000000	0.000000024153
533.500000000000	0.000000024128
534.000000000000	0.000000024113
534.500000000000	0.000000024169
535.000000000000	0.000000024176
535.500000000000	0.000000024132
536.000000000000	0.000000024153
536.500000000000	0.000000024099
537.000000000000	0.000000024160
537.500000000000	0.000000024143
538.000000000000	0.000000024123
538.500000000000	0.000000024132
539.000000000000	0.000000024066
539.500000000000	0.000000024119
540.000000000000	0.000000024175
540.500000000000	0.000000024162
541.000000000000	0.000000024118
541.500000000000	0.000000024100
542.000000000000	0.000000024148
542.500000000000	0.000000024146
543.000000000000	0.000000024145
543.500000000000	0.000000024123
544.000000000000	0.000000024111
544.500000000000	0.000000024128
545.000000000000	0.000000024062
545.500000000000	0.000000024132
546.000000000000	0.000000024133
546.500000000000	0.000000024085
547.000000000000	0.000000024136
547.500000000000	0.000000024059
548.000000000000	0.000000024132
548.500000000000	0.000000024086
549.000000000000	0.000000024023
549.500000000000	0.000000024056
550.000000000000	0.000000024068
550.500000000000	0.000000024108
551.000000000000	0.000000024091
551.500000000000	0.000000024057
552.000000000000	0.000000024020
552.500000000000	0.000000024057
553.000000000000	0.000000024061
553.500000000000	0.000000024070
554.000000000000	0.000000024104
554.500000000000	0.000000024025
555.000000000000	0.000000024080
555.500000000000	0.000000024103
556.000000000000	0.000000024041
556.500000000000	0.000000024049
557.000000000000	0.000000023976
557.500000000000	0.000000023946
558.000000000000	0.000000024098
558.500000000000	0.000000024059
559.000000000000	0.000000024100
559.500000000000	0.000000024075
560.000000000000	0.000000024047
560.500000000000	0.000000024082
561.000000000000	0.000000024087
561.500000000000	0.000000024168
562.000000000000	0.000000024054
562.500000000000	0.000000024048
563.000000000000	0.000000024077
563.500000000000	0.000000024069
564.000000000000	0.000000024100
564.500000000000	0.000000024065
565.000000000000	0.000000024071
565.500000000000	0.000000024065
566.000000000000	0.000000024067
566.500000000000	0.000000024076
567.000000000000	0.000000024008
567.500000000000	0.000000024035
568.000000000000	0.000000024033
568.500000000000	0.000000024061
569.000000000000	0.000000024065
569.500000000000	0.000000024020
570.000000000000	0.000000024011
570.500000000000	0.000000023985
571.000000000000	0.000000024041
571.500000000000	0.000000024079
572.000000000000	0.000000023993
572.500000000000	0.000000023975
573.000000000000	0.000000023989
573.500000000000	0.000000024037
574.000000000000	0.000000024050
574.500000000000	0.000000024060
575.000000000000	0.000000024128
575.500000000000	0.000000024005
576.000000000000	0.000000024035
576.500000000000	0.000000024082
577.000000000000	0.000000024045
577.500000000000	0.000000024083
578.000000000000	0.000000023979
578.500000000000	0.000000024002
579.000000000000	0.000000024060
579.500000000000	0.000000024046
580.000000000000	0.000000024030
580.500000000000	0.000000023973
581.000000000000	0.000000023969
581.500000000000	0.000000024045
582.000000000000	0.000000024055
582.500000000000	0.000000023973
583.000000000000	0.000000024018
583.500000000000	0.000000023978
584.000000000000	0.000000023972
584.500000000000	0.000000023982
585.000000000000	0.000000023966
585.500000000000	0.000000023991
586.000000000000	0.000000023942
586.500000000000	0.000000023864
587.000000000000	0.000000023981
587.500000000000	0.000000023951
588.000000000000	0.000000023973
588.500000000000	0.000000023924
589.000000000000	0.000000023883
589.500000000000	0.000000023979
590.000000000000	0.000000023938
590.500000000000	0.000000023973
591.000000000000	0.000000024105
591.500000000000	0.000000023596
592.000000000000	0.000000023942
592.500000000000	0.000000024094
593.000000000000	0.000000024008
593.500000000000	0.000000023991
594.000000000000	0.000000024000
594.500000000000	0.000000023964
595.000000000000	0.000000023971
595.500000000000	0.000000023957
596.000000000000	0.000000023936
596.500000000000	0.000000023995
597.000000000000	0.000000024031
597.500000000000	0.000000024025
598.000000000000	0.000000023925
598.500000000000	0.000000023918
599.000000000000	0.000000023901
599.500000000000	0.000000023970
600.000000000000	0.000000023899
600.500000000000	0.000000023903
601.000000000000	0.000000023889
601.500000000000	0.000000023871
602.000000000000	0.000000023912
602.500000000000	0.000000023955
603.000000000000	0.000000023881
603.500000000000	0.000000023866
604.000000000000	0.000000023941
604.500000000000	0.000000023920
605.000000000000	0.000000023854
605.500000000000	0.000000023903
606.000000000000	0.000000023837
606.500000000000	0.000000023836
607.000000000000	0.000000023922
607.500000000000	0.000000023904
608.000000000000	0.000000023909
608.500000000000	0.000000023892
609.000000000000	0.000000023909
609.500000000000	0.000000023969
610.000000000000	0.000000023978
610.500000000000	0.000000023917
611.000000000000	0.000000023929
611.500000000000	0.000000023972
612.000000000000	0.000000023946
612.500000000000	0.000000023919
613.000000000000	0.000000023953
613.500000000000	0.000000023897
614.000000000000	0.000000023854
614.500000000000	0.000000023972
615.000000000000	0.000000023959
615.500000000000	0.000000023910
616.000000000000	0.000000023919
616.500000000000	0.000000023860
617.000000000000	0.000000023946
617.500000000000	0.000000023955
618.000000000000	0.000000023944
618.500000000000	0.000000023930
619.000000000000	0.000000023910
619.500000000000	0.000000023956
620.000000000000	0.000000023897
620.500000000000	0.000000023865
621.000000000000	0.000000023902
621.500000000000	0.000000023830
622.000000000000	0.000000023875
622.500000000000	0.000000023712
623.000000000000	0.000000023820
623.500000000000	0.000000023841
624.000000000000	0.000000023796
624.500000000000	0.000000023806
625.000000000000	0.000000023800
625.500000000000	0.000000023845
626.000000000000	0.000000023796
626.500000000000	0.000000023824
627.000000000000	0.000000023812
627.500000000000	0.000000023752
628.000000000000	0.000000023835
628.500000000000	0.000000023797
629.000000000000	0.000000023833
629.500000000000	0.000000023829
630.000000000000	0.000000023789
630.500000000000	0.000000023854
631.000000000000	0.000000023835
631.500000000000	0.000000023778
632.000000000000	0.000000023817
632.500000000000	0.000000023784
633.000000000000	0.000000023841
633.500000000000	0.000000023800
634.000000000000	0.000000023727
634.500000000000	0.000000023769
635.000000000000	0.000000023771
635.500000000000	0.000000023823
636.000000000000	0.000000023833
636.500000000000	0.000000023719
637.000000000000	0.000000023749
637.500000000000	0.000000023779
638.000000000000	0.000000023795
638.500000000000	0.000000023789
639.000000000000	0.000000023697
639.500000000000	0.000000023735
640.000000000000	0.000000023737
640.500000000000	0.000000023770
641.000000000000	0.000000023778
641.500000000000	0.000000023766
642.000000000000	0.000000023732
642.500000000000	0.000000023741
643.000000000000	0.000000023769
643.500000000000	0.000000023786
644.000000000000	0.000000023860
644.500000000000	0.000000023764
645.000000000000	0.000000023803
645.500000000000	0.000000023749
646.000000000000	0.000000023776
646.500000000000	0.000000023835
647.000000000000	0.000000023708
647.500000000000	0.000000023772
648.000000000000	0.000000023728
648.500000000000	0.000000023764
649.000000000000	0.000000023844
649.500000000000	0.000000023715
650.000000000000	0.000000023776
650.500000000000	0.000000023708
651.000000000000	0.000000023735
651.500000000000	0.000000023839
652.000000000000	0.000000023742
652.500000000000	0.000000023724
653.000000000000	0.000000023709
653.500000000000	0.000000023732
654.000000000000	0.000000023825
654.500000000000	0.000000023714
655.000000000000	0.000000023723
655.500000000000	0.000000023708
656.000000000000	0.000000023765
656.500000000000	0.000000023764
657.000000000000	0.000000023781
657.500000000000	0.000000023739
658.000000000000	0.000000023725
658.500000000000	0.000000023789
659.000000000000	0.000000023685
659.500000000000	0.000000023767
