t (s)	Ids (Amps)
0.000000000000	0.000000002874
0.500000000000	0.000000002927
1.000000000000	0.000000002915
1.500000000000	0.000000002914
2.000000000000	0.000000002893
2.500000000000	0.000000002896
3.000000000000	0.000000002898
3.500000000000	0.000000002896
4.000000000000	0.000000002885
4.500000000000	0.000000002909
5.000000000000	0.000000002908
5.500000000000	0.000000002898
6.000000000000	0.000000003001
6.500000000000	0.000000002916
7.000000000000	0.000000002878
7.500000000000	0.000000002875
8.000000000000	0.000000002868
8.500000000000	0.000000002876
9.000000000000	0.000000002891
9.500000000000	0.000000002881
10.000000000000	0.000000002860
10.500000000000	0.000000002849
11.000000000000	0.000000002852
11.500000000000	0.000000002872
12.000000000000	0.000000002889
12.500000000000	0.000000002862
13.000000000000	0.000000002847
13.500000000000	0.000000002864
14.000000000000	0.000000002842
14.500000000000	0.000000002850
15.000000000000	0.000000002847
15.500000000000	0.000000002848
16.000000000000	0.000000002848
16.500000000000	0.000000002855
17.000000000000	0.000000002844
17.500000000000	0.000000002861
18.000000000000	0.000000002863
18.500000000000	0.000000002789
19.000000000000	0.000000002843
19.500000000000	0.000000002921
20.000000000000	0.000000002904
20.500000000000	0.000000002890
21.000000000000	0.000000002910
21.500000000000	0.000000002926
22.000000000000	0.000000002897
22.500000000000	0.000000002887
23.000000000000	0.000000002872
23.500000000000	0.000000002895
24.000000000000	0.000000002889
24.500000000000	0.000000002881
25.000000000000	0.000000002876
25.500000000000	0.000000002881
26.000000000000	0.000000002876
26.500000000000	0.000000002880
27.000000000000	0.000000002870
27.500000000000	0.000000002877
28.000000000000	0.000000002898
28.500000000000	0.000000002890
29.000000000000	0.000000002864
29.500000000000	0.000000002854
30.000000000000	0.000000002871
30.500000000000	0.000000002874
31.000000000000	0.000000002864
31.500000000000	0.000000002852
32.000000000000	0.000000002853
32.500000000000	0.000000002821
33.000000000000	0.000000002836
33.500000000000	0.000000002837
34.000000000000	0.000000002828
34.500000000000	0.000000002843
35.000000000000	0.000000002850
35.500000000000	0.000000002837
36.000000000000	0.000000002834
36.500000000000	0.000000002830
37.000000000000	0.000000002850
37.500000000000	0.000000002835
38.000000000000	0.000000002836
38.500000000000	0.000000002849
39.000000000000	0.000000002806
39.500000000000	0.000000002786
40.000000000000	0.000000002795
40.500000000000	0.000000002798
41.000000000000	0.000000002785
41.500000000000	0.000000002799
42.000000000000	0.000000002819
42.500000000000	0.000000002776
43.000000000000	0.000000002793
43.500000000000	0.000000002816
44.000000000000	0.000000002797
44.500000000000	0.000000002815
45.000000000000	0.000000002816
45.500000000000	0.000000002818
46.000000000000	0.000000002822
46.500000000000	0.000000002825
47.000000000000	0.000000002823
47.500000000000	0.000000002820
48.000000000000	0.000000002823
48.500000000000	0.000000002766
49.000000000000	0.000000002816
49.500000000000	0.000000002801
50.000000000000	0.000000002789
50.500000000000	0.000000002832
51.000000000000	0.000000002825
51.500000000000	0.000000002791
52.000000000000	0.000000002785
52.500000000000	0.000000002792
53.000000000000	0.000000002767
53.500000000000	0.000000002763
54.000000000000	0.000000002806
54.500000000000	0.000000002784
55.000000000000	0.000000002769
55.500000000000	0.000000002800
56.000000000000	0.000000002796
56.500000000000	0.000000002815
57.000000000000	0.000000002761
57.500000000000	0.000000002803
58.000000000000	0.000000002766
58.500000000000	0.000000002780
59.000000000000	0.000000002803
59.500000000000	0.000000002794
60.000000000000	0.000000002798
60.500000000000	0.000000002806
61.000000000000	0.000000002826
61.500000000000	0.000000002816
62.000000000000	0.000000002789
62.500000000000	0.000000002828
63.000000000000	0.000000002794
63.500000000000	0.000000002776
64.000000000000	0.000000002794
64.500000000000	0.000000002777
65.000000000000	0.000000002788
65.500000000000	0.000000002774
66.000000000000	0.000000002803
66.500000000000	0.000000002795
67.000000000000	0.000000002805
67.500000000000	0.000000002826
68.000000000000	0.000000002829
68.500000000000	0.000000002815
69.000000000000	0.000000002823
69.500000000000	0.000000002820
70.000000000000	0.000000002809
70.500000000000	0.000000002811
71.000000000000	0.000000002809
71.500000000000	0.000000002802
72.000000000000	0.000000002767
72.500000000000	0.000000002799
73.000000000000	0.000000002803
73.500000000000	0.000000002826
74.000000000000	0.000000002819
74.500000000000	0.000000002823
75.000000000000	0.000000002816
75.500000000000	0.000000002788
76.000000000000	0.000000002816
76.500000000000	0.000000002775
77.000000000000	0.000000002807
77.500000000000	0.000000002812
78.000000000000	0.000000002813
78.500000000000	0.000000002799
79.000000000000	0.000000002776
79.500000000000	0.000000002775
80.000000000000	0.000000002783
80.500000000000	0.000000002782
81.000000000000	0.000000002780
81.500000000000	0.000000002807
82.000000000000	0.000000002786
82.500000000000	0.000000002773
83.000000000000	0.000000002818
83.500000000000	0.000000002800
84.000000000000	0.000000002812
84.500000000000	0.000000002794
85.000000000000	0.000000002809
85.500000000000	0.000000002815
86.000000000000	0.000000002794
86.500000000000	0.000000002785
87.000000000000	0.000000002813
87.500000000000	0.000000002771
88.000000000000	0.000000002816
88.500000000000	0.000000002790
89.000000000000	0.000000002820
89.500000000000	0.000000002787
90.000000000000	0.000000002783
90.500000000000	0.000000002786
91.000000000000	0.000000002775
91.500000000000	0.000000002773
92.000000000000	0.000000002806
92.500000000000	0.000000002778
93.000000000000	0.000000002777
93.500000000000	0.000000002754
94.000000000000	0.000000002761
94.500000000000	0.000000002783
95.000000000000	0.000000002747
95.500000000000	0.000000002756
96.000000000000	0.000000002750
96.500000000000	0.000000002782
97.000000000000	0.000000002781
97.500000000000	0.000000002743
98.000000000000	0.000000002747
98.500000000000	0.000000002744
99.000000000000	0.000000002773
99.500000000000	0.000000002743
100.000000000000	0.000000002791
100.500000000000	0.000000002757
101.000000000000	0.000000002739
101.500000000000	0.000000002745
102.000000000000	0.000000002763
102.500000000000	0.000000002744
103.000000000000	0.000000002741
103.500000000000	0.000000002725
104.000000000000	0.000000002737
104.500000000000	0.000000002748
105.000000000000	0.000000002755
105.500000000000	0.000000002764
106.000000000000	0.000000002745
106.500000000000	0.000000002733
107.000000000000	0.000000002732
107.500000000000	0.000000002746
108.000000000000	0.000000002757
108.500000000000	0.000000002776
109.000000000000	0.000000002755
109.500000000000	0.000000002797
110.000000000000	0.000000002767
110.500000000000	0.000000002750
111.000000000000	0.000000002732
111.500000000000	0.000000002766
112.000000000000	0.000000002749
112.500000000000	0.000000002752
113.000000000000	0.000000002749
113.500000000000	0.000000002751
114.000000000000	0.000000002809
114.500000000000	0.000000002772
115.000000000000	0.000000002775
115.500000000000	0.000000002766
116.000000000000	0.000000002755
116.500000000000	0.000000002771
117.000000000000	0.000000002763
117.500000000000	0.000000002768
118.000000000000	0.000000002747
118.500000000000	0.000000002771
119.000000000000	0.000000002750
119.500000000000	0.000000002749
120.000000000000	0.000000002751
120.500000000000	0.000000002750
121.000000000000	0.000000002744
121.500000000000	0.000000002736
122.000000000000	0.000000002718
122.500000000000	0.000000002754
123.000000000000	0.000000002760
123.500000000000	0.000000002774
124.000000000000	0.000000002772
124.500000000000	0.000000002772
125.000000000000	0.000000002753
125.500000000000	0.000000002762
126.000000000000	0.000000002771
126.500000000000	0.000000002764
127.000000000000	0.000000002777
127.500000000000	0.000000002758
128.000000000000	0.000000002769
128.500000000000	0.000000002748
129.000000000000	0.000000002779
129.500000000000	0.000000002733
130.000000000000	0.000000002746
130.500000000000	0.000000002773
131.000000000000	0.000000002780
131.500000000000	0.000000002762
132.000000000000	0.000000002764
132.500000000000	0.000000002759
133.000000000000	0.000000002771
133.500000000000	0.000000002766
134.000000000000	0.000000002774
134.500000000000	0.000000002782
135.000000000000	0.000000002767
135.500000000000	0.000000002802
136.000000000000	0.000000002779
136.500000000000	0.000000002760
137.000000000000	0.000000002769
137.500000000000	0.000000002767
138.000000000000	0.000000002770
138.500000000000	0.000000002762
139.000000000000	0.000000002757
139.500000000000	0.000000002792
140.000000000000	0.000000002764
140.500000000000	0.000000002769
141.000000000000	0.000000002778
141.500000000000	0.000000002767
142.000000000000	0.000000002771
142.500000000000	0.000000002768
143.000000000000	0.000000002748
143.500000000000	0.000000002786
144.000000000000	0.000000002737
144.500000000000	0.000000002776
145.000000000000	0.000000002764
145.500000000000	0.000000002760
146.000000000000	0.000000002773
146.500000000000	0.000000002770
147.000000000000	0.000000002769
147.500000000000	0.000000002753
148.000000000000	0.000000002755
148.500000000000	0.000000002760
149.000000000000	0.000000002749
149.500000000000	0.000000002741
150.000000000000	0.000000002758
150.500000000000	0.000000002737
151.000000000000	0.000000002773
151.500000000000	0.000000002764
152.000000000000	0.000000002763
152.500000000000	0.000000002754
153.000000000000	0.000000002767
153.500000000000	0.000000002805
154.000000000000	0.000000002756
154.500000000000	0.000000002734
155.000000000000	0.000000002738
155.500000000000	0.000000002749
156.000000000000	0.000000002754
156.500000000000	0.000000002751
157.000000000000	0.000000002762
157.500000000000	0.000000002778
158.000000000000	0.000000002794
158.500000000000	0.000000002800
159.000000000000	0.000000002778
159.500000000000	0.000000002791
160.000000000000	0.000000002783
160.500000000000	0.000000002784
161.000000000000	0.000000002753
161.500000000000	0.000000002772
162.000000000000	0.000000002765
162.500000000000	0.000000002791
163.000000000000	0.000000002773
163.500000000000	0.000000002775
164.000000000000	0.000000002749
164.500000000000	0.000000002767
165.000000000000	0.000000002777
165.500000000000	0.000000002752
166.000000000000	0.000000002748
166.500000000000	0.000000002741
167.000000000000	0.000000002763
167.500000000000	0.000000002741
168.000000000000	0.000000002747
168.500000000000	0.000000002757
169.000000000000	0.000000002741
169.500000000000	0.000000002752
170.000000000000	0.000000002734
170.500000000000	0.000000002762
171.000000000000	0.000000002744
171.500000000000	0.000000002735
172.000000000000	0.000000002749
172.500000000000	0.000000002752
173.000000000000	0.000000002756
173.500000000000	0.000000002754
174.000000000000	0.000000002761
174.500000000000	0.000000002789
175.000000000000	0.000000002756
175.500000000000	0.000000002787
176.000000000000	0.000000002765
176.500000000000	0.000000002750
177.000000000000	0.000000002766
177.500000000000	0.000000002753
178.000000000000	0.000000002749
178.500000000000	0.000000002757
179.000000000000	0.000000002749
179.500000000000	0.000000002757
180.000000000000	0.000000002755
180.500000000000	0.000000002756
181.000000000000	0.000000002750
181.500000000000	0.000000002732
182.000000000000	0.000000002754
182.500000000000	0.000000002719
183.000000000000	0.000000002756
183.500000000000	0.000000002754
184.000000000000	0.000000002730
184.500000000000	0.000000002755
185.000000000000	0.000000002762
185.500000000000	0.000000002733
186.000000000000	0.000000002738
186.500000000000	0.000000002749
187.000000000000	0.000000002725
187.500000000000	0.000000002730
188.000000000000	0.000000002742
188.500000000000	0.000000002740
189.000000000000	0.000000002719
189.500000000000	0.000000002742
190.000000000000	0.000000002752
190.500000000000	0.000000002736
191.000000000000	0.000000002747
191.500000000000	0.000000002733
192.000000000000	0.000000002747
192.500000000000	0.000000002752
193.000000000000	0.000000002736
193.500000000000	0.000000002747
194.000000000000	0.000000002766
194.500000000000	0.000000002743
195.000000000000	0.000000002739
195.500000000000	0.000000002745
196.000000000000	0.000000002748
196.500000000000	0.000000002749
197.000000000000	0.000000002740
197.500000000000	0.000000002752
198.000000000000	0.000000002745
198.500000000000	0.000000002731
199.000000000000	0.000000002751
199.500000000000	0.000000002744
200.000000000000	0.000000002709
200.500000000000	0.000000002731
201.000000000000	0.000000002719
201.500000000000	0.000000002708
202.000000000000	0.000000002711
202.500000000000	0.000000002717
203.000000000000	0.000000002714
203.500000000000	0.000000002739
204.000000000000	0.000000002733
204.500000000000	0.000000002719
205.000000000000	0.000000002721
205.500000000000	0.000000002711
206.000000000000	0.000000002703
206.500000000000	0.000000002720
207.000000000000	0.000000002732
207.500000000000	0.000000002711
208.000000000000	0.000000002713
208.500000000000	0.000000002730
209.000000000000	0.000000002716
209.500000000000	0.000000002747
210.000000000000	0.000000002754
210.500000000000	0.000000002740
211.000000000000	0.000000002746
211.500000000000	0.000000002723
212.000000000000	0.000000002722
212.500000000000	0.000000002738
213.000000000000	0.000000002717
213.500000000000	0.000000002734
214.000000000000	0.000000002737
214.500000000000	0.000000002754
215.000000000000	0.000000002692
215.500000000000	0.000000002733
216.000000000000	0.000000002730
216.500000000000	0.000000002705
217.000000000000	0.000000002707
217.500000000000	0.000000002716
218.000000000000	0.000000002729
218.500000000000	0.000000002710
219.000000000000	0.000000002733
219.500000000000	0.000000002717
220.000000000000	0.000000002719
220.500000000000	0.000000002721
221.000000000000	0.000000002713
221.500000000000	0.000000002701
222.000000000000	0.000000002727
222.500000000000	0.000000002718
223.000000000000	0.000000002710
223.500000000000	0.000000002709
224.000000000000	0.000000002704
224.500000000000	0.000000002691
225.000000000000	0.000000002712
225.500000000000	0.000000002694
226.000000000000	0.000000002691
226.500000000000	0.000000002687
227.000000000000	0.000000002707
227.500000000000	0.000000002701
228.000000000000	0.000000002690
228.500000000000	0.000000002684
229.000000000000	0.000000002664
229.500000000000	0.000000002683
230.000000000000	0.000000002687
230.500000000000	0.000000002671
231.000000000000	0.000000002702
231.500000000000	0.000000002681
232.000000000000	0.000000002678
232.500000000000	0.000000002677
233.000000000000	0.000000002681
233.500000000000	0.000000002679
234.000000000000	0.000000002669
234.500000000000	0.000000002680
235.000000000000	0.000000002683
235.500000000000	0.000000002687
236.000000000000	0.000000002681
236.500000000000	0.000000002694
237.000000000000	0.000000002699
237.500000000000	0.000000002698
238.000000000000	0.000000002691
238.500000000000	0.000000002716
239.000000000000	0.000000002714
239.500000000000	0.000000002727
240.000000000000	0.000000002701
240.500000000000	0.000000002728
241.000000000000	0.000000002718
241.500000000000	0.000000002706
242.000000000000	0.000000002700
242.500000000000	0.000000002707
243.000000000000	0.000000002726
243.500000000000	0.000000002695
244.000000000000	0.000000002706
244.500000000000	0.000000002682
245.000000000000	0.000000002698
245.500000000000	0.000000002688
246.000000000000	0.000000002699
246.500000000000	0.000000002695
247.000000000000	0.000000002668
247.500000000000	0.000000002696
248.000000000000	0.000000002682
248.500000000000	0.000000002693
249.000000000000	0.000000002685
249.500000000000	0.000000002685
250.000000000000	0.000000002663
250.500000000000	0.000000002671
251.000000000000	0.000000002671
251.500000000000	0.000000002688
252.000000000000	0.000000002673
252.500000000000	0.000000002679
253.000000000000	0.000000002675
253.500000000000	0.000000002689
254.000000000000	0.000000002660
254.500000000000	0.000000002698
255.000000000000	0.000000002675
255.500000000000	0.000000002695
256.000000000000	0.000000002661
256.500000000000	0.000000002717
257.000000000000	0.000000002674
257.500000000000	0.000000002662
258.000000000000	0.000000002685
258.500000000000	0.000000002680
259.000000000000	0.000000002693
259.500000000000	0.000000002693
260.000000000000	0.000000002699
260.500000000000	0.000000002688
261.000000000000	0.000000002686
261.500000000000	0.000000002676
262.000000000000	0.000000002656
262.500000000000	0.000000002666
263.000000000000	0.000000002667
263.500000000000	0.000000002675
264.000000000000	0.000000002704
264.500000000000	0.000000002689
265.000000000000	0.000000002671
265.500000000000	0.000000002676
266.000000000000	0.000000002664
266.500000000000	0.000000002695
267.000000000000	0.000000002704
267.500000000000	0.000000002702
268.000000000000	0.000000002679
268.500000000000	0.000000002701
269.000000000000	0.000000002692
269.500000000000	0.000000002694
270.000000000000	0.000000002713
270.500000000000	0.000000002695
271.000000000000	0.000000002687
271.500000000000	0.000000002702
272.000000000000	0.000000002723
272.500000000000	0.000000002704
273.000000000000	0.000000002709
273.500000000000	0.000000002695
274.000000000000	0.000000002710
274.500000000000	0.000000002677
275.000000000000	0.000000002696
275.500000000000	0.000000002702
276.000000000000	0.000000002703
276.500000000000	0.000000002702
277.000000000000	0.000000002715
277.500000000000	0.000000002706
278.000000000000	0.000000002712
278.500000000000	0.000000002693
279.000000000000	0.000000002696
279.500000000000	0.000000002700
280.000000000000	0.000000002687
280.500000000000	0.000000002691
281.000000000000	0.000000002686
281.500000000000	0.000000002678
282.000000000000	0.000000002685
282.500000000000	0.000000002687
283.000000000000	0.000000002690
283.500000000000	0.000000002711
284.000000000000	0.000000002684
284.500000000000	0.000000002689
285.000000000000	0.000000002692
285.500000000000	0.000000002697
286.000000000000	0.000000002707
286.500000000000	0.000000002678
287.000000000000	0.000000002680
287.500000000000	0.000000002689
288.000000000000	0.000000002706
288.500000000000	0.000000002688
289.000000000000	0.000000002690
289.500000000000	0.000000002668
290.000000000000	0.000000002676
290.500000000000	0.000000002683
291.000000000000	0.000000002664
291.500000000000	0.000000002683
292.000000000000	0.000000002714
292.500000000000	0.000000002700
293.000000000000	0.000000002696
293.500000000000	0.000000002718
294.000000000000	0.000000002723
294.500000000000	0.000000002695
295.000000000000	0.000000002681
295.500000000000	0.000000002670
296.000000000000	0.000000002680
296.500000000000	0.000000002654
297.000000000000	0.000000002677
297.500000000000	0.000000002706
298.000000000000	0.000000002709
298.500000000000	0.000000002703
299.000000000000	0.000000002687
299.500000000000	0.000000002691
