Voltage   	Current	
29.981120	-9.763720E-10
28.999700	8.210372E-10
28.000370	1.248981E-9
26.999900	1.933914E-9
26.000650	3.090416E-9
25.000240	3.764011E-9
24.000890	4.585436E-9
23.000590	5.154425E-9
22.000060	6.490587E-9
21.000560	7.309430E-9
20.000160	7.365149E-9
19.000700	7.968804E-9
18.000390	9.656647E-9
17.001080	1.041688E-8
16.000650	1.120263E-8
15.000870	1.217062E-8
14.000290	1.263996E-8
13.001270	1.371296E-8
12.000830	1.394495E-8
11.001390	1.491789E-8
10.000790	1.530044E-8
9.001512	1.618942E-8
8.001195	1.685917E-8
7.000543	1.752142E-8
6.001333	1.808936E-8
5.000423	1.862783E-8
4.001042	1.918088E-8
3.000446	1.972310E-8
2.001086	2.028136E-8
1.000009	2.075216E-8
0.000584	2.130572E-8
0.998318	1.913473E-8
1.999004	1.989476E-8
2.998425	2.086695E-8
3.999046	2.166974E-8
4.998355	2.266901E-8
5.999191	2.323442E-8
6.997930	2.380476E-8
7.998676	2.427183E-8
8.998813	2.486892E-8
9.998233	2.527580E-8
10.998740	2.576924E-8
11.998050	2.619201E-8
12.998490	2.665770E-8
13.997510	2.706995E-8
14.998020	2.741460E-8
15.997560	2.778130E-8
16.998150	2.821857E-8
17.997550	2.865253E-8
18.998240	2.893498E-8
19.997420	2.936992E-8
20.998000	2.981880E-8
21.997510	3.016587E-8
22.998020	3.074640E-8
23.998500	3.110182E-8
24.997890	3.157051E-8
25.998090	3.199479E-8
26.997320	3.248137E-8
27.997660	3.288859E-8
28.997270	3.337235E-8
