Voltage   	Current	
14.991590	1.630603E-9
14.000560	1.568960E-9
13.001260	1.478571E-9
12.001120	1.506052E-9
11.001090	1.545579E-9
10.000520	1.614255E-9
9.001160	1.681717E-9
8.000689	1.782583E-9
7.000238	1.917709E-9
6.001393	2.065439E-9
5.000698	2.254872E-9
4.000784	2.480540E-9
3.000330	2.700893E-9
2.000790	2.907836E-9
1.000159	3.008297E-9
0.000743	3.140793E-9
0.998760	3.202383E-9
1.999369	3.316256E-9
2.998948	3.425673E-9
3.999540	3.488782E-9
4.998836	3.534129E-9
5.999500	3.616217E-9
6.998543	3.577500E-9
7.999290	3.715969E-9
8.999735	3.693294E-9
9.998834	3.756861E-9
10.999530	3.795070E-9
11.998830	3.882827E-9
12.999060	3.908739E-9
13.998570	3.968610E-9
