Voltage   	Current	
14.992780	2.923822E-8
14.000920	2.937598E-8
13.001570	2.932855E-8
12.000860	2.925298E-8
11.001380	2.917396E-8
10.000990	2.904886E-8
9.001250	2.889692E-8
8.000916	2.878895E-8
7.000324	2.867427E-8
6.001225	2.855531E-8
5.000479	2.836234E-8
4.001102	2.820645E-8
3.000566	2.800239E-8
2.001077	2.780534E-8
1.000404	2.750537E-8
0.000962	2.723644E-8
0.998782	2.701164E-8
1.999575	2.665286E-8
2.998982	2.626450E-8
3.999849	2.582277E-8
4.998986	2.533259E-8
5.999779	2.482638E-8
6.998917	2.428132E-8
7.999650	2.366529E-8
8.999889	2.303168E-8
9.999417	2.229861E-8
10.999830	2.158109E-8
11.999350	2.087612E-8
12.999630	2.018573E-8
13.999050	1.954456E-8
