Voltage   	Current	
39.970580	-1.278090E-9
39.001210	-6.689100E-10
38.000550	-6.166770E-10
37.001350	-5.841830E-10
36.001250	-5.558905E-10
35.001660	-5.406555E-10
34.000860	-5.247632E-10
33.000100	-5.333678E-10
32.000900	-4.961669E-10
31.000250	-4.772881E-10
30.001120	-4.585107E-10
29.000790	-4.398853E-10
28.001240	-4.281430E-10
27.001130	-4.068345E-10
26.001400	-3.893221E-10
25.000810	-3.622438E-10
24.001220	-3.305602E-10
23.000790	-2.805037E-10
22.000480	-2.246267E-10
21.001270	-1.352946E-10
20.000220	-2.895612E-11
19.001080	2.722447E-11
18.000480	1.090660E-10
17.001040	2.429378E-10
16.000750	3.828713E-10
15.001380	5.894062E-10
14.001250	8.419446E-10
13.001750	1.149546E-9
12.001430	1.486499E-9
11.001820	1.886463E-9
10.000910	2.262131E-9
9.001259	2.658195E-9
8.001272	3.002336E-9
7.000796	3.329624E-9
6.001449	3.656962E-9
5.000471	3.995536E-9
4.000995	4.246352E-9
3.000583	4.470043E-9
2.001215	4.712006E-9
1.000777	4.889440E-9
0.001353	5.115509E-9
0.998782	5.068391E-9
1.999331	5.348970E-9
2.998412	5.546293E-9
3.998742	5.726158E-9
4.998153	5.744986E-9
5.999191	5.899946E-9
6.998518	5.955211E-9
7.999131	6.042711E-9
8.999516	6.134974E-9
9.998937	6.207649E-9
10.999330	6.443028E-9
11.998250	6.362563E-9
12.998710	6.473650E-9
13.997850	6.513630E-9
14.998420	6.620212E-9
15.997870	6.705943E-9
16.998490	6.771432E-9
17.997870	6.848963E-9
18.998650	6.889551E-9
19.998050	6.970934E-9
20.998280	7.109095E-9
21.997890	7.135256E-9
22.998480	7.281869E-9
23.998630	7.227162E-9
24.998400	7.254195E-9
25.998440	7.313652E-9
26.998130	7.381067E-9
27.998350	7.407990E-9
28.997680	7.451615E-9
29.998060	7.537603E-9
30.997610	7.579043E-9
31.997990	7.650712E-9
32.997350	7.651619E-9
33.997880	7.707089E-9
34.998890	7.772832E-9
35.998100	7.786692E-9
36.998230	7.834478E-9
37.997970	7.845707E-9
38.998520	7.840848E-9
