Voltage   	Current	
29.980420	2.431715E-8
28.999440	1.456510E-8
28.000340	1.218334E-8
26.999760	1.116934E-8
26.000840	1.037948E-8
25.000440	9.665136E-9
24.000880	8.916334E-9
23.000240	8.126836E-9
21.999630	7.434001E-9
21.000150	6.718393E-9
19.999750	6.025958E-9
19.000930	5.411469E-9
18.000560	4.808665E-9
17.001030	4.277730E-9
16.000290	3.800690E-9
15.000660	3.377751E-9
14.000190	2.979410E-9
13.000910	2.598730E-9
12.000970	2.274277E-9
11.001580	1.977355E-9
10.000790	1.707914E-9
9.001096	1.478453E-9
8.000692	1.292161E-9
7.000083	1.128846E-9
6.001097	9.852686E-10
5.000479	8.553056E-10
4.001162	7.340970E-10
3.000467	7.966496E-10
2.000755	5.241713E-10
1.000090	4.499787E-10
0.000992	3.678405E-10
0.998825	2.986076E-10
1.999129	2.358520E-10
2.998540	1.766346E-10
3.998827	1.885793E-10
4.998024	1.494552E-10
5.998874	-6.129680E-12
6.998123	7.535833E-12
7.998933	-2.222467E-11
8.999289	-2.455280E-11
9.998233	-7.030726E-11
10.998860	-1.119617E-10
11.998150	-1.592346E-10
12.998540	-1.550337E-10
13.998100	-1.711794E-10
14.998790	-1.854523E-10
15.998260	-2.096960E-10
16.998360	-2.236147E-10
17.997890	-2.416837E-10
18.997780	-2.727094E-10
19.997360	-2.875393E-10
20.997830	-3.005969E-10
21.997550	-3.234237E-10
22.998120	-3.209435E-10
23.998230	-3.948386E-10
24.997550	-3.605738E-10
25.997950	-3.724681E-10
26.997510	-3.893728E-10
27.997600	-4.030892E-10
28.997530	-4.170071E-10
