Voltage   	Current	
19.985900	2.252598E-8
19.000430	1.528701E-8
17.999720	1.303481E-8
17.000570	1.186707E-8
16.000270	1.093359E-8
15.000870	1.003954E-8
14.000240	9.077105E-9
13.001110	8.245151E-9
12.000290	7.286013E-9
11.000890	6.472979E-9
10.000930	5.709750E-9
9.001104	4.938473E-9
8.001087	4.326561E-9
7.000392	3.718851E-9
6.001045	3.221824E-9
5.000217	2.758904E-9
4.000746	2.366280E-9
3.000218	1.981755E-9
2.000884	1.688933E-9
1.000035	1.428651E-9
0.000640	1.240235E-9
0.998829	1.021251E-9
1.998923	8.734730E-10
2.998180	7.391573E-10
3.998639	6.073215E-10
4.998029	5.103550E-10
5.998955	4.132870E-10
6.998209	3.352483E-10
7.998809	2.588289E-10
8.999310	2.183399E-10
9.998597	1.556808E-10
10.998770	9.636232E-11
11.998370	3.699306E-11
12.998410	1.983513E-11
13.998090	-2.905715E-11
14.998770	-6.620712E-11
15.997940	-1.209203E-10
16.998520	-1.478970E-10
17.997610	-1.593862E-10
18.998040	-1.864134E-10
