Voltage   	Current	
19.984620	-1.003411E-9
19.000570	4.119206E-10
18.000110	9.891646E-10
17.000650	1.473440E-9
16.000550	2.006098E-9
15.000940	2.619883E-9
14.000480	3.332860E-9
13.000880	4.110666E-9
12.000530	4.878099E-9
11.001060	5.674582E-9
10.000390	6.506285E-9
9.000898	7.298113E-9
8.000517	8.102894E-9
7.000079	8.884901E-9
6.000968	9.578092E-9
5.000187	1.026951E-8
4.001342	1.094038E-8
3.000472	1.158620E-8
2.000936	1.218910E-8
1.000112	1.277510E-8
0.000902	1.329860E-8
0.998486	1.380762E-8
1.999442	1.428385E-8
2.998566	1.475517E-8
3.998965	1.518939E-8
4.997917	1.558202E-8
5.998603	1.600774E-8
6.997809	1.635411E-8
7.998431	1.673286E-8
8.998816	1.703524E-8
9.998365	1.734953E-8
10.999160	1.764433E-8
11.998170	1.799672E-8
12.998970	1.819050E-8
13.998360	1.845475E-8
14.998450	1.867897E-8
15.997830	1.889676E-8
16.998330	1.910633E-8
17.997630	1.930952E-8
18.998110	1.946854E-8
