t (s)	Ids (Amps)
0.000000000000	0.000000006072
0.500000000000	0.000000006058
1.000000000000	0.000000006058
1.500000000000	0.000000006053
2.000000000000	0.000000006059
2.500000000000	0.000000006048
3.000000000000	0.000000006050
3.500000000000	0.000000006045
4.000000000000	0.000000006048
4.500000000000	0.000000006059
5.000000000000	0.000000006053
5.500000000000	0.000000006066
6.000000000000	0.000000006067
6.500000000000	0.000000006053
7.000000000000	0.000000006069
7.500000000000	0.000000006063
8.000000000000	0.000000006053
8.500000000000	0.000000006050
9.000000000000	0.000000006045
9.500000000000	0.000000006032
10.000000000000	0.000000006051
10.500000000000	0.000000006056
11.000000000000	0.000000006056
11.500000000000	0.000000006062
12.000000000000	0.000000006066
12.500000000000	0.000000006064
13.000000000000	0.000000006058
13.500000000000	0.000000006048
14.000000000000	0.000000006045
14.500000000000	0.000000006066
15.000000000000	0.000000006068
15.500000000000	0.000000006115
16.000000000000	0.000000006004
16.500000000000	0.000000006022
17.000000000000	0.000000006048
17.500000000000	0.000000006057
18.000000000000	0.000000006040
18.500000000000	0.000000006050
19.000000000000	0.000000006070
19.500000000000	0.000000006011
20.000000000000	0.000000006032
20.500000000000	0.000000006009
21.000000000000	0.000000006003
21.500000000000	0.000000006001
22.000000000000	0.000000006004
22.500000000000	0.000000006013
23.000000000000	0.000000006011
23.500000000000	0.000000006014
24.000000000000	0.000000006029
24.500000000000	0.000000006036
25.000000000000	0.000000006041
25.500000000000	0.000000006046
26.000000000000	0.000000006045
26.500000000000	0.000000006061
27.000000000000	0.000000006039
27.500000000000	0.000000006036
28.000000000000	0.000000006041
28.500000000000	0.000000006040
29.000000000000	0.000000006035
29.500000000000	0.000000006035
30.000000000000	0.000000006028
30.500000000000	0.000000006041
31.000000000000	0.000000006064
31.500000000000	0.000000006042
32.000000000000	0.000000006047
32.500000000000	0.000000006036
33.000000000000	0.000000006043
33.500000000000	0.000000006028
34.000000000000	0.000000006043
34.500000000000	0.000000006070
35.000000000000	0.000000006055
35.500000000000	0.000000006054
36.000000000000	0.000000006042
36.500000000000	0.000000006043
37.000000000000	0.000000006027
37.500000000000	0.000000006046
38.000000000000	0.000000006054
38.500000000000	0.000000006053
39.000000000000	0.000000006044
39.500000000000	0.000000006053
40.000000000000	0.000000006059
40.500000000000	0.000000006052
41.000000000000	0.000000006048
41.500000000000	0.000000006046
42.000000000000	0.000000006041
42.500000000000	0.000000006047
43.000000000000	0.000000006054
43.500000000000	0.000000006067
44.000000000000	0.000000006067
44.500000000000	0.000000006061
45.000000000000	0.000000006054
45.500000000000	0.000000006051
46.000000000000	0.000000006042
46.500000000000	0.000000006064
47.000000000000	0.000000006062
47.500000000000	0.000000006037
48.000000000000	0.000000006055
48.500000000000	0.000000006044
49.000000000000	0.000000006046
49.500000000000	0.000000006044
50.000000000000	0.000000006039
50.500000000000	0.000000006022
51.000000000000	0.000000006041
51.500000000000	0.000000006055
52.000000000000	0.000000006036
52.500000000000	0.000000006041
53.000000000000	0.000000006049
53.500000000000	0.000000006044
54.000000000000	0.000000006056
54.500000000000	0.000000006038
55.000000000000	0.000000006057
55.500000000000	0.000000006050
56.000000000000	0.000000006042
56.500000000000	0.000000006047
57.000000000000	0.000000006045
57.500000000000	0.000000006040
58.000000000000	0.000000006048
58.500000000000	0.000000006047
59.000000000000	0.000000006053
59.500000000000	0.000000006048
60.000000000000	0.000000006043
60.500000000000	0.000000006039
61.000000000000	0.000000006048
61.500000000000	0.000000006045
62.000000000000	0.000000006035
62.500000000000	0.000000006037
63.000000000000	0.000000006034
63.500000000000	0.000000006041
64.000000000000	0.000000006048
64.500000000000	0.000000006043
65.000000000000	0.000000006051
65.500000000000	0.000000006032
66.000000000000	0.000000006032
66.500000000000	0.000000006017
67.000000000000	0.000000006031
67.500000000000	0.000000006023
68.000000000000	0.000000006026
68.500000000000	0.000000006040
69.000000000000	0.000000006037
69.500000000000	0.000000006230
70.000000000000	0.000000006582
70.500000000000	0.000000006518
71.000000000000	0.000000006408
71.500000000000	0.000000006340
72.000000000000	0.000000006278
72.500000000000	0.000000006223
73.000000000000	0.000000006174
73.500000000000	0.000000006146
74.000000000000	0.000000006131
74.500000000000	0.000000006108
75.000000000000	0.000000006091
75.500000000000	0.000000006073
76.000000000000	0.000000006071
76.500000000000	0.000000006068
77.000000000000	0.000000006069
77.500000000000	0.000000006071
78.000000000000	0.000000006062
78.500000000000	0.000000006048
79.000000000000	0.000000006042
79.500000000000	0.000000006050
80.000000000000	0.000000006041
80.500000000000	0.000000006002
81.000000000000	0.000000006014
81.500000000000	0.000000006019
82.000000000000	0.000000006020
82.500000000000	0.000000006019
83.000000000000	0.000000006008
83.500000000000	0.000000006004
84.000000000000	0.000000006002
84.500000000000	0.000000006014
85.000000000000	0.000000006027
85.500000000000	0.000000006056
86.000000000000	0.000000006054
86.500000000000	0.000000006030
87.000000000000	0.000000006024
87.500000000000	0.000000006006
88.000000000000	0.000000006008
88.500000000000	0.000000006034
89.000000000000	0.000000006046
89.500000000000	0.000000006037
90.000000000000	0.000000006024
90.500000000000	0.000000006011
91.000000000000	0.000000005993
91.500000000000	0.000000005883
92.000000000000	0.000000005628
92.500000000000	0.000000005729
93.000000000000	0.000000005790
93.500000000000	0.000000005811
94.000000000000	0.000000005865
94.500000000000	0.000000005890
95.000000000000	0.000000005935
95.500000000000	0.000000005952
96.000000000000	0.000000005956
96.500000000000	0.000000005983
97.000000000000	0.000000005987
97.500000000000	0.000000006000
98.000000000000	0.000000006008
98.500000000000	0.000000005980
99.000000000000	0.000000006004
99.500000000000	0.000000005997
100.000000000000	0.000000006012
100.500000000000	0.000000006012
101.000000000000	0.000000006021
101.500000000000	0.000000006018
102.000000000000	0.000000006025
102.500000000000	0.000000006028
103.000000000000	0.000000006024
103.500000000000	0.000000006027
104.000000000000	0.000000006019
104.500000000000	0.000000006032
105.000000000000	0.000000006023
105.500000000000	0.000000006026
106.000000000000	0.000000006055
106.500000000000	0.000000006036
107.000000000000	0.000000006047
107.500000000000	0.000000006040
108.000000000000	0.000000006056
108.500000000000	0.000000006033
109.000000000000	0.000000006045
109.500000000000	0.000000006053
110.000000000000	0.000000006059
110.500000000000	0.000000006052
111.000000000000	0.000000006059
111.500000000000	0.000000006058
112.000000000000	0.000000006042
112.500000000000	0.000000006051
113.000000000000	0.000000006038
113.500000000000	0.000000006047
114.000000000000	0.000000006046
114.500000000000	0.000000006080
115.000000000000	0.000000006062
115.500000000000	0.000000006053
116.000000000000	0.000000006051
116.500000000000	0.000000006034
117.000000000000	0.000000006061
117.500000000000	0.000000006049
118.000000000000	0.000000006037
118.500000000000	0.000000006042
119.000000000000	0.000000006043
119.500000000000	0.000000006053
120.000000000000	0.000000006050
120.500000000000	0.000000006035
121.000000000000	0.000000006042
121.500000000000	0.000000006032
122.000000000000	0.000000006035
122.500000000000	0.000000006036
123.000000000000	0.000000006053
123.500000000000	0.000000006049
124.000000000000	0.000000006051
124.500000000000	0.000000006053
125.000000000000	0.000000006051
125.500000000000	0.000000006048
126.000000000000	0.000000006047
126.500000000000	0.000000006060
127.000000000000	0.000000006048
127.500000000000	0.000000006051
128.000000000000	0.000000006051
128.500000000000	0.000000006043
129.000000000000	0.000000006038
129.500000000000	0.000000006040
130.000000000000	0.000000006051
130.500000000000	0.000000006054
131.000000000000	0.000000006051
131.500000000000	0.000000006053
132.000000000000	0.000000006056
132.500000000000	0.000000006055
133.000000000000	0.000000006047
133.500000000000	0.000000006046
134.000000000000	0.000000006049
134.500000000000	0.000000006050
135.000000000000	0.000000006038
135.500000000000	0.000000006040
136.000000000000	0.000000006057
136.500000000000	0.000000006058
137.000000000000	0.000000006048
137.500000000000	0.000000006061
138.000000000000	0.000000006064
138.500000000000	0.000000006078
139.000000000000	0.000000006078
139.500000000000	0.000000006068
140.000000000000	0.000000006076
140.500000000000	0.000000006052
141.000000000000	0.000000006108
141.500000000000	0.000000006053
142.000000000000	0.000000006036
142.500000000000	0.000000006049
143.000000000000	0.000000006048
143.500000000000	0.000000006065
144.000000000000	0.000000006056
144.500000000000	0.000000006071
145.000000000000	0.000000006084
145.500000000000	0.000000006085
146.000000000000	0.000000006080
146.500000000000	0.000000006078
147.000000000000	0.000000006057
147.500000000000	0.000000006076
148.000000000000	0.000000006083
148.500000000000	0.000000006077
149.000000000000	0.000000006052
149.500000000000	0.000000006008
150.000000000000	0.000000006010
150.500000000000	0.000000006017
151.000000000000	0.000000006016
151.500000000000	0.000000006027
152.000000000000	0.000000006022
152.500000000000	0.000000006003
153.000000000000	0.000000006040
153.500000000000	0.000000006053
154.000000000000	0.000000006027
154.500000000000	0.000000006040
155.000000000000	0.000000006029
155.500000000000	0.000000006040
156.000000000000	0.000000006062
156.500000000000	0.000000006039
157.000000000000	0.000000006047
157.500000000000	0.000000006064
158.000000000000	0.000000006038
158.500000000000	0.000000006057
159.000000000000	0.000000006060
159.500000000000	0.000000006055
160.000000000000	0.000000006066
160.500000000000	0.000000006056
161.000000000000	0.000000006050
161.500000000000	0.000000006059
162.000000000000	0.000000006045
162.500000000000	0.000000006050
163.000000000000	0.000000006057
163.500000000000	0.000000006050
164.000000000000	0.000000006059
164.500000000000	0.000000006058
165.000000000000	0.000000006043
165.500000000000	0.000000006041
166.000000000000	0.000000006051
166.500000000000	0.000000006035
167.000000000000	0.000000006042
167.500000000000	0.000000006041
168.000000000000	0.000000006065
168.500000000000	0.000000006066
169.000000000000	0.000000006060
169.500000000000	0.000000006050
170.000000000000	0.000000006042
170.500000000000	0.000000006035
171.000000000000	0.000000006072
171.500000000000	0.000000006068
172.000000000000	0.000000006065
172.500000000000	0.000000006061
173.000000000000	0.000000006062
173.500000000000	0.000000006079
174.000000000000	0.000000006072
174.500000000000	0.000000006493
175.000000000000	0.000000006622
175.500000000000	0.000000006509
176.000000000000	0.000000006399
176.500000000000	0.000000006301
177.000000000000	0.000000006295
177.500000000000	0.000000006363
178.000000000000	0.000000006273
178.500000000000	0.000000006260
179.000000000000	0.000000006229
179.500000000000	0.000000006166
180.000000000000	0.000000006138
180.500000000000	0.000000006080
181.000000000000	0.000000005844
181.500000000000	0.000000005571
182.000000000000	0.000000005691
182.500000000000	0.000000005765
183.000000000000	0.000000005844
183.500000000000	0.000000005855
184.000000000000	0.000000005896
184.500000000000	0.000000005929
185.000000000000	0.000000005952
185.500000000000	0.000000005981
186.000000000000	0.000000005981
186.500000000000	0.000000005995
187.000000000000	0.000000005995
187.500000000000	0.000000005995
188.000000000000	0.000000006006
188.500000000000	0.000000006020
189.000000000000	0.000000006031
189.500000000000	0.000000006036
190.000000000000	0.000000006048
190.500000000000	0.000000006064
191.000000000000	0.000000006056
191.500000000000	0.000000006053
192.000000000000	0.000000006069
192.500000000000	0.000000006056
193.000000000000	0.000000006051
193.500000000000	0.000000006050
194.000000000000	0.000000006056
194.500000000000	0.000000006050
195.000000000000	0.000000006061
195.500000000000	0.000000006064
196.000000000000	0.000000006048
196.500000000000	0.000000006067
197.000000000000	0.000000006057
197.500000000000	0.000000006056
198.000000000000	0.000000006081
198.500000000000	0.000000006073
199.000000000000	0.000000006045
199.500000000000	0.000000006428
200.000000000000	0.000000007695
200.500000000000	0.000000007950
201.000000000000	0.000000007752
201.500000000000	0.000000007454
202.000000000000	0.000000007182
202.500000000000	0.000000006970
203.000000000000	0.000000006767
203.500000000000	0.000000006601
204.000000000000	0.000000006456
204.500000000000	0.000000006350
205.000000000000	0.000000006284
205.500000000000	0.000000006225
206.000000000000	0.000000006173
206.500000000000	0.000000006135
207.000000000000	0.000000006110
207.500000000000	0.000000006080
208.000000000000	0.000000006053
208.500000000000	0.000000006023
209.000000000000	0.000000006007
209.500000000000	0.000000005998
210.000000000000	0.000000006007
210.500000000000	0.000000006003
211.000000000000	0.000000006002
211.500000000000	0.000000006024
212.000000000000	0.000000006014
212.500000000000	0.000000006016
213.000000000000	0.000000006002
213.500000000000	0.000000005992
214.000000000000	0.000000005992
214.500000000000	0.000000005983
215.000000000000	0.000000005990
215.500000000000	0.000000006000
216.000000000000	0.000000005992
216.500000000000	0.000000005998
217.000000000000	0.000000005994
217.500000000000	0.000000005972
218.000000000000	0.000000005994
218.500000000000	0.000000006016
219.000000000000	0.000000006001
219.500000000000	0.000000005991
220.000000000000	0.000000005990
220.500000000000	0.000000005995
221.000000000000	0.000000005989
221.500000000000	0.000000006022
222.000000000000	0.000000006012
222.500000000000	0.000000006028
223.000000000000	0.000000006013
223.500000000000	0.000000006019
224.000000000000	0.000000006005
224.500000000000	0.000000006015
225.000000000000	0.000000006017
225.500000000000	0.000000006016
226.000000000000	0.000000006005
226.500000000000	0.000000006011
227.000000000000	0.000000006023
227.500000000000	0.000000006020
228.000000000000	0.000000006020
228.500000000000	0.000000006033
229.000000000000	0.000000006026
229.500000000000	0.000000006023
230.000000000000	0.000000006025
230.500000000000	0.000000006033
231.000000000000	0.000000006031
231.500000000000	0.000000006028
232.000000000000	0.000000005879
232.500000000000	0.000000005764
233.000000000000	0.000000005719
233.500000000000	0.000000005147
234.000000000000	0.000000005142
234.500000000000	0.000000005529
235.000000000000	0.000000005523
235.500000000000	0.000000005515
236.000000000000	0.000000005493
236.500000000000	0.000000005461
237.000000000000	0.000000005585
237.500000000000	0.000000005753
238.000000000000	0.000000005724
238.500000000000	0.000000005913
239.000000000000	0.000000005986
239.500000000000	0.000000005970
240.000000000000	0.000000005988
240.500000000000	0.000000005995
241.000000000000	0.000000005999
241.500000000000	0.000000005997
242.000000000000	0.000000005999
242.500000000000	0.000000006011
243.000000000000	0.000000006021
243.500000000000	0.000000006023
244.000000000000	0.000000006039
244.500000000000	0.000000006038
245.000000000000	0.000000006070
245.500000000000	0.000000005916
246.000000000000	0.000000005867
246.500000000000	0.000000005931
247.000000000000	0.000000005847
247.500000000000	0.000000005888
248.000000000000	0.000000005943
248.500000000000	0.000000005935
249.000000000000	0.000000005926
249.500000000000	0.000000005948
250.000000000000	0.000000005998
250.500000000000	0.000000006047
251.000000000000	0.000000006033
251.500000000000	0.000000006003
252.000000000000	0.000000006071
252.500000000000	0.000000006079
253.000000000000	0.000000006057
253.500000000000	0.000000006042
254.000000000000	0.000000006046
254.500000000000	0.000000006061
255.000000000000	0.000000006064
255.500000000000	0.000000006061
256.000000000000	0.000000006073
256.500000000000	0.000000006082
257.000000000000	0.000000006078
257.500000000000	0.000000006057
258.000000000000	0.000000006057
258.500000000000	0.000000006056
259.000000000000	0.000000006068
259.500000000000	0.000000006075
260.000000000000	0.000000006068
260.500000000000	0.000000006085
261.000000000000	0.000000006091
261.500000000000	0.000000006093
262.000000000000	0.000000006082
262.500000000000	0.000000006133
263.000000000000	0.000000006099
263.500000000000	0.000000006103
264.000000000000	0.000000006073
264.500000000000	0.000000006070
265.000000000000	0.000000006077
265.500000000000	0.000000006097
266.000000000000	0.000000006079
266.500000000000	0.000000006073
267.000000000000	0.000000006078
267.500000000000	0.000000006103
268.000000000000	0.000000006108
268.500000000000	0.000000006079
269.000000000000	0.000000006088
269.500000000000	0.000000006101
270.000000000000	0.000000006095
270.500000000000	0.000000006085
271.000000000000	0.000000006089
271.500000000000	0.000000006085
272.000000000000	0.000000006073
272.500000000000	0.000000006067
273.000000000000	0.000000006070
273.500000000000	0.000000006040
274.000000000000	0.000000006071
274.500000000000	0.000000006027
275.000000000000	0.000000006048
275.500000000000	0.000000006155
276.000000000000	0.000000006193
276.500000000000	0.000000006210
277.000000000000	0.000000006220
277.500000000000	0.000000006173
278.000000000000	0.000000006137
278.500000000000	0.000000006134
279.000000000000	0.000000006120
279.500000000000	0.000000006100
280.000000000000	0.000000006111
280.500000000000	0.000000006099
281.000000000000	0.000000006129
281.500000000000	0.000000006146
282.000000000000	0.000000006113
282.500000000000	0.000000006084
283.000000000000	0.000000006119
283.500000000000	0.000000006126
284.000000000000	0.000000006099
284.500000000000	0.000000006099
285.000000000000	0.000000006090
285.500000000000	0.000000006085
286.000000000000	0.000000006068
286.500000000000	0.000000006095
287.000000000000	0.000000006077
287.500000000000	0.000000006095
288.000000000000	0.000000006078
288.500000000000	0.000000006064
289.000000000000	0.000000006113
289.500000000000	0.000000006085
290.000000000000	0.000000006092
290.500000000000	0.000000006078
291.000000000000	0.000000006044
291.500000000000	0.000000006063
292.000000000000	0.000000006073
292.500000000000	0.000000006140
293.000000000000	0.000000006141
293.500000000000	0.000000006100
294.000000000000	0.000000006083
294.500000000000	0.000000006100
295.000000000000	0.000000006080
295.500000000000	0.000000006078
296.000000000000	0.000000006110
296.500000000000	0.000000006085
297.000000000000	0.000000006086
297.500000000000	0.000000006077
298.000000000000	0.000000006070
298.500000000000	0.000000006077
299.000000000000	0.000000006081
299.500000000000	0.000000006083
