Voltage   	Current	
29.977810	-1.736392E-9
28.999830	7.338367E-11
28.000520	4.614162E-10
26.999830	8.301526E-10
26.000870	1.234112E-9
25.000170	1.737974E-9
24.000820	2.289561E-9
23.000160	2.884671E-9
21.999930	3.547545E-9
21.000020	4.179145E-9
20.000240	4.875318E-9
19.000280	5.534198E-9
18.000190	6.237257E-9
17.000560	6.878520E-9
16.000170	7.523176E-9
15.000770	8.176237E-9
14.000210	8.785058E-9
13.000820	9.422120E-9
12.000540	9.983071E-9
11.001150	1.054093E-8
10.000480	1.110223E-8
9.001254	1.155791E-8
8.000757	1.206406E-8
7.000135	1.254504E-8
6.001101	1.296879E-8
5.000067	1.340808E-8
4.000802	1.383502E-8
3.000403	1.417803E-8
2.001060	1.450613E-8
1.000211	1.497807E-8
0.000670	1.531319E-8
0.998297	1.565406E-8
1.998961	1.594049E-8
2.998064	1.621754E-8
3.998888	1.654122E-8
4.998325	1.679608E-8
5.999101	1.707210E-8
6.998286	1.733492E-8
7.998843	1.760067E-8
8.999194	1.784324E-8
9.998387	1.809411E-8
10.999120	1.823855E-8
11.998550	1.846335E-8
12.998360	1.868285E-8
13.997570	1.887794E-8
14.998450	1.903062E-8
15.997790	1.923134E-8
16.998210	1.939774E-8
17.997450	1.953934E-8
18.997980	1.971529E-8
19.997430	1.982210E-8
20.997810	1.998165E-8
21.997370	2.011977E-8
22.997800	2.026230E-8
23.998190	2.039129E-8
24.997400	2.049747E-8
25.998040	2.058553E-8
26.997590	2.072597E-8
27.998050	2.084673E-8
28.997600	2.096070E-8
